#      	 GEN:      LENGTH:
            1      475.791
            2      457.423
            3      437.209
            4      424.885
            5      417.263
            6      410.429
            7      401.893
            8      395.657
            9      388.795
           10      382.491
           11       375.47
           12      367.974
           13      361.387
           14      355.827
           15      351.676
           16      347.309
           17      342.201
           18      336.971
           19      330.477
           20      323.787
           21      318.635
           22       314.07
           23      309.813
           24      305.042
           25      300.204
           26      296.533
           27       292.92
           28       290.91
           29      289.061
           30      286.254
           31      283.027
           32      279.611
           33       275.65
           34      270.878
           35      266.773
           36      263.895
           37      261.296
           38      258.213
           39      254.714
           40      252.939
           41      252.215
           42      251.283
           43      250.104
           44      248.771
           45        246.8
           46      244.924
           47      242.291
           48      239.403
           49      235.424
           50      232.774
           51      230.495
           52      229.126
           53      227.901
           54      226.838
           55      226.149
           56      225.779
           57      224.688
           58      223.411
           59      220.022
           60       216.42
           61      213.061
           62      210.641
           63      208.921
           64      207.559
           65      206.242
           66      205.337
           67      204.213
           68      202.837
           69      201.324
           70       199.24
           71      197.259
           72      195.597
           73        194.1
           74      193.118
           75      192.541
           76      191.808
           77      191.091
           78      190.019
           79      189.084
           80      187.324
           81      185.283
           82      183.313
           83      182.359
           84      181.852
           85      181.101
           86      180.419
           87       179.14
           88      178.183
           89      177.539
           90      176.735
           91      176.172
           92      175.561
           93      174.754
           94       173.62
           95      172.335
           96      170.821
           97      169.303
           98      168.167
           99       167.25
          100      166.258
          101      165.343
          102      163.859
          103      162.547
          104       160.97
          105      160.201
          106      159.306
          107      157.708
          108      156.325
          109      155.131
          110      153.896
          111      153.328
          112      152.958
          113      152.623
          114      152.204
          115      151.925
          116      151.554
          117      151.031
          118      150.313
          119      149.007
          120      147.912
          121       146.39
          122      145.391
          123      144.307
          124      143.311
          125      142.645
          126      141.805
          127      141.143
          128      140.607
          129      140.279
          130      139.816
          131       139.27
          132      138.603
          133      137.857
          134      137.044
          135      136.262
          136      135.539
          137      134.904
          138      134.133
          139      133.318
          140      132.587
          141       132.07
          142      131.691
          143      131.264
          144      130.924
          145      130.529
          146      130.276
          147      129.863
          148      129.365
          149       128.68
          150      127.952
          151      127.283
          152      126.551
          153      126.189
          154      125.927
          155      125.649
          156      125.071
          157      124.383
          158      124.012
          159      123.556
          160      123.101
          161      122.561
          162       121.87
          163      121.001
          164      120.085
          165       119.49
          166      119.055
          167      118.656
          168      118.183
          169      117.863
          170        117.6
          171      117.196
          172      116.605
          173      115.761
          174      114.659
          175      114.016
          176      113.499
          177        113.4
          178      113.257
          179      113.145
          180      112.869
          181      112.434
          182       111.87
          183      111.289
          184      110.811
          185      110.447
          186      109.932
          187      109.416
          188      108.864
          189      108.193
          190      107.573
          191      106.984
          192       106.48
          193      105.963
          194      105.604
          195      105.272
          196      104.912
          197       104.52
          198      103.921
          199      103.414
          200      103.181
          201      102.985
          202      102.904
          203        102.8
          204      102.649
          205      102.441
          206      102.203
          207      101.784
          208      101.215
          209      100.744
          210      100.389
          211      100.242
          212      100.036
          213      99.7084
          214      99.0553
          215      98.2773
          216      97.7418
          217      97.5409
          218      97.3905
          219      97.2457
          220      97.0709
          221      96.9797
          222       96.859
          223      96.7842
          224      96.7806
          225      96.7608
          226      96.7405
          227      96.7353
          228      96.7513
          229      96.7833
          230      96.8087
          231      96.8136
          232      96.7252
          233      96.4601
          234      96.1114
          235       95.772
          236      95.5959
          237      95.6062
          238       95.593
          239      95.5756
          240      95.5773
          241      95.4194
          242      95.3059
          243      95.1792
          244      95.0946
          245      94.9812
          246      95.0031
          247      94.9038
          248       94.563
          249      94.3106
          250      94.0877
          251      93.9809
          252      93.9028
          253      93.9434
          254       94.624
          255       95.038
          256      95.6394
          257      95.0881
          258       93.859
          259      93.3967
          260      92.9998
          261      92.6615
          262      92.4068
          263      91.6485
          264      90.8479
          265      90.4457
          266      90.2213
          267      90.0052
          268      89.8482
          269      89.6535
          270      89.4833
          271      89.3262
          272      89.1887
          273      89.0632
          274      89.0224
          275      89.0066
          276      88.9462
          277      88.8313
          278       88.697
          279      88.5906
          280      88.5107
          281       88.377
          282      88.2464
          283      88.1481
          284       88.102
          285      88.0723
          286      88.0644
          287      88.0378
          288      88.0222
          289      87.8683
          290      87.7016
          291      87.5779
          292      87.4739
          293      87.3785
          294      87.2387
          295      87.1128
          296      87.0349
          297      86.9559
          298      86.7935
          299      86.5053
          300      86.2388
          301      86.1625
          302      86.0871
          303      86.0604
          304      86.1021
          305      86.1418
          306      85.9677
          307      85.7642
          308      85.5389
          309      85.3025
          310       85.044
          311      84.8417
          312      84.8166
          313      84.8874
          314      84.9264
          315      84.9507
          316      84.9518
          317      84.9518
          318      84.9518
          319      84.9518
          320      84.9518
          321      84.9518
          322      84.9518
          323      84.9518
          324      84.9413
          325      84.9011
          326       84.853
          327      84.7807
          328      84.6986
          329      84.6258
          330      84.5596
          331      84.5312
          332      84.5023
          333      84.4578
          334      84.4269
          335      84.3799
          336      84.3454
          337       84.349
          338       84.349
          339       84.349
          340       84.349
          341      84.3481
          342      84.3287
          343      84.2711
          344      84.1491
          345       84.006
          346      83.9004
          347      83.8227
          348      83.7777
          349       83.751
          350      83.7489
          351      83.7489
          352      83.7489
          353      83.7489
          354      83.7489
          355      83.7489
          356      83.7489
          357      83.7487
          358      83.7419
          359      83.7153
          360      83.6732
          361      83.6331
          362      83.9236
          363      84.6709
          364      84.4918
          365      84.2676
          366      83.7669
          367      83.2284
          368      82.5978
          369      82.3009
          370      82.0747
          371      82.0747
          372      82.0745
          373       82.069
          374      82.0447
          375      82.0127
          376      81.9814
          377      81.9582
          378      81.9533
          379      81.9386
          380      81.8838
          381      81.9917
          382      82.0395
          383      81.8181
          384      81.6752
          385       81.588
          386      81.6886
          387      81.6777
          388      81.6778
          389      81.5081
          390      81.7067
          391      81.2031
          392      80.8783
          393      80.5995
          394      80.5684
          395      80.7201
          396       80.889
          397      80.9562
          398      80.9445
          399      80.9397
          400      80.9397
          401      80.9396
          402      80.9369
          403      80.9276
          404      80.9148
          405      80.9002
          406      80.8891
          407      80.8842
          408       80.874
          409      80.8582
          410      80.8404
          411      80.8275
          412      80.8205
          413      80.8205
          414      80.8205
          415      80.8205
          416      80.8205
          417      80.8205
          418      80.8205
          419      80.8205
          420      80.8202
          421      80.8128
          422      80.7916
          423      80.7533
          424      80.7147
          425      80.6568
          426      80.5312
          427      80.3554
          428      80.1977
          429      80.0843
          430      80.0422
          431      80.0392
          432        80.03
          433      79.9905
          434      80.0363
          435      80.2482
          436      80.0186
          437      79.9604
          438      80.0913
          439      79.8051
          440      78.9816
          441      78.4033
          442      78.2358
          443      78.0956
          444      78.0073
          445      77.9738
          446      77.9147
          447      77.8044
          448       77.716
          449      77.6248
          450      77.6016
          451      77.5789
          452      77.5422
          453       77.508
          454      77.4905
          455      77.4905
          456      77.4905
          457      77.4905
          458      77.4904
          459      77.4883
          460      77.4795
          461      77.4659
          462      77.4536
          463      77.4361
          464      77.3878
          465      77.3048
          466      77.2265
          467      77.1645
          468      77.1561
          469      77.1561
          470      77.1561
          471      77.1561
          472      77.1561
          473      77.1561
          474      77.1561
          475      77.1561
          476      77.1561
          477      77.1561
          478      77.1561
          479      77.1561
          480      77.1561
          481      77.1561
          482      77.1561
          483      77.1552
          484      77.1407
          485      77.0666
          486      76.9429
          487      76.8416
          488      76.7444
          489      76.7232
          490      76.7468
          491      76.7696
          492      76.7866
          493      76.7732
          494      76.7127
          495       76.608
          496      76.5342
          497      76.4192
          498       76.319
          499      76.2683
          500      76.1672
          501      76.1083
          502      76.0902
          503      76.0832
          504      76.0835
          505      76.0921
          506      76.1267
          507      76.1889
          508      76.2284
          509      76.2564
          510       76.261
          511       76.261
          512       76.261
          513       76.261
          514       76.261
          515       76.261
          516       76.261
          517       76.261
          518       76.261
          519       76.261
          520       76.261
          521       76.261
          522       76.261
          523       76.261
          524       76.261
          525       76.261
          526       76.261
          527       76.261
          528       76.261
          529       76.261
          530       76.261
          531       76.261
          532       76.261
          533       76.261
          534       76.261
          535       76.261
          536       76.261
          537      76.2609
          538       76.258
          539      76.2448
          540      76.2228
          541      76.2061
          542      76.1894
          543      76.1816
          544      76.1816
          545      76.1816
          546      76.1816
          547      76.1816
          548      76.1816
          549      76.1816
          550      76.1816
          551      76.1816
          552      76.1816
          553      76.1816
          554      76.1816
          555      76.1816
          556      76.1816
          557      76.1816
          558      76.1816
          559      76.1816
          560      76.1816
          561      76.1816
          562      76.1816
          563      76.1816
          564      76.1816
          565      76.1803
          566      76.1631
          567      76.0707
          568       75.903
          569      75.7162
          570      75.5638
          571       75.521
          572       75.521
          573       75.521
          574       75.521
          575       75.521
          576       75.521
          577       75.521
          578       75.521
          579       75.521
          580       75.521
          581       75.521
          582       75.521
          583       75.521
          584       75.521
          585       75.521
          586       75.521
          587       75.521
          588       75.521
          589       75.521
          590       75.521
          591       75.521
          592       75.521
          593       75.521
          594       75.521
          595       75.521
          596       75.521
          597       75.521
          598       75.521
          599       75.521
          600       75.521
          601       75.521
          602       75.521
          603       75.521
          604       75.521
          605       75.521
          606       75.521
          607       75.521
          608       75.521
          609       75.521
          610       75.521
          611       75.521
          612       75.521
          613       75.521
          614       75.521
          615       75.521
          616       75.521
          617       75.521
          618       75.521
          619       75.521
          620       75.521
          621       75.521
          622       75.521
          623       75.521
          624       75.521
          625       75.521
          626      75.5216
          627      75.5241
          628      75.5278
          629      75.5316
          630      75.5351
          631      75.5351
          632      75.5351
          633      75.5351
          634      75.5351
          635      75.5351
          636      75.5351
          637      75.5351
          638      75.5351
          639      75.5351
          640      75.5351
          641      75.5351
          642      75.5351
          643      75.5351
          644      75.5351
          645      75.5351
          646      75.5351
          647      75.5348
          648      75.5288
          649      75.4975
          650       75.449
          651      75.4089
          652      75.3775
          653      75.3774
          654      75.3774
          655      75.3774
          656      75.3774
          657      75.3774
          658      75.3774
          659      75.3774
          660      75.3774
          661      75.3774
          662      75.3774
          663      75.3774
          664      75.3774
          665      75.3774
          666      75.3774
          667      75.3774
          668      75.3776
          669      75.3817
          670      75.3994
          671      75.4248
          672      75.4587
          673      75.4833
          674      75.4858
          675      75.4858
          676      75.4858
          677      75.4858
          678      75.4858
          679      75.4858
          680      75.4858
          681      75.4858
          682      75.4858
          683      75.4858
          684      75.4858
          685      75.4858
          686      75.4858
          687      75.4858
          688      75.4858
          689      75.4858
          690      75.4858
          691      75.4858
          692      75.4858
          693      75.4858
          694      75.4858
          695      75.4858
          696      75.4858
          697      75.4858
          698      75.4858
          699      75.4858
          700      75.4858
          701      75.4858
          702      75.4858
          703      75.4858
          704      75.4858
          705      75.4858
          706      75.4858
          707      75.4858
          708      75.4858
          709      75.4858
          710      75.4858
          711      75.4858
          712      75.4858
          713      75.4858
          714      75.4858
          715      75.4858
          716      75.4858
          717      75.4858
          718      75.4858
          719      75.4858
          720      75.4858
          721      75.4858
          722      75.4858
          723      75.4858
          724      75.4858
          725      75.4858
          726      75.4858
          727      75.4858
          728      75.4853
          729      75.4742
          730      75.4334
          731      75.3674
          732      75.2886
          733      75.2433
          734      75.2433
          735      75.2433
          736      75.2433
          737      75.2433
          738      75.2433
          739      75.2433
          740      75.2433
          741      75.2433
          742      75.2433
          743      75.2433
          744      75.2433
          745      75.2433
          746      75.2433
          747      75.2433
          748      75.2433
          749      75.2433
          750      75.2433
          751      75.2433
          752      75.2433
          753      75.2433
          754      75.2433
          755      75.2433
          756      75.2433
          757      75.2433
          758      75.2433
          759      75.2433
          760      75.2433
          761      75.2433
          762      75.2433
          763      75.2433
          764      75.2433
          765      75.2433
          766      75.2433
          767      75.2433
          768      75.2433
          769      75.2433
          770      75.2433
          771      75.2433
          772      75.2433
          773      75.2433
          774       75.243
          775      75.2372
          776      75.2128
          777      75.1731
          778      75.1386
          779      75.1139
          780      75.1109
          781      75.1109
          782      75.1109
          783      75.1107
          784      75.1068
          785      75.0888
          786      75.0575
          787      75.0307
          788      75.0124
          789      75.0124
          790      75.0124
          791      75.0124
          792      75.0124
          793      75.0124
          794      75.0124
          795      75.0124
          796      75.0124
          797      75.0124
          798      75.0124
          799      75.0124
          800      75.0124
          801      75.0124
          802      75.0124
          803      75.0124
          804      75.0124
          805      75.0124
          806      75.0124
          807      75.0124
          808      75.0124
          809      75.0124
          810      75.0124
          811      75.0124
          812      75.0124
          813      75.0124
          814      75.0124
          815      75.0124
          816      75.0124
          817      75.0124
          818      75.0124
          819      75.0124
          820      75.0124
          821      75.0124
          822      75.0124
          823      75.0124
          824      75.0124
          825      75.0124
          826      75.0124
          827      75.0124
          828      75.0124
          829      75.0124
          830      75.0124
          831      75.0124
          832      75.0124
          833      75.0124
          834      75.0124
          835      75.0124
          836      75.0124
          837      75.0124
          838      75.0124
          839      75.0124
          840      75.0124
          841      75.0124
          842      75.0124
          843      75.0124
          844      75.0124
          845      75.0124
          846      75.0124
          847      75.0124
          848      75.0124
          849      75.0124
          850      75.0124
          851      75.0124
          852      75.0124
          853      75.0124
          854      75.0124
          855      75.0124
          856      75.0124
          857      75.0124
          858      75.0124
          859      75.0124
          860      75.0124
          861      75.0124
          862      75.0124
          863      75.0124
          864      75.0124
          865      75.0124
          866      75.0124
          867      75.0124
          868      75.0124
          869      75.0124
          870      75.0124
          871      75.0124
          872      75.0124
          873      75.0124
          874      75.0124
          875      75.0124
          876      75.0124
          877      75.0124
          878      75.0124
          879      75.0124
          880      75.0124
          881      75.0124
          882      75.0124
          883      75.0124
          884      75.0124
          885      75.0124
          886      75.0124
          887      75.0124
          888      75.0124
          889      75.0124
          890      75.0124
          891      75.0124
          892      75.0124
          893      75.0124
          894      75.0124
          895      75.0124
          896      75.0124
          897      75.0124
          898      75.0124
          899      75.0124
          900      75.0124
          901      75.0124
          902      75.0124
          903      75.0124
          904      75.0124
          905      75.0124
          906      75.0124
          907      75.0124
          908      75.0124
          909      75.0124
          910      75.0124
          911      75.0124
          912      75.0124
          913      75.0124
          914      75.0111
          915      74.9849
          916      74.8795
          917      74.7217
          918      74.5388
          919      74.4392
          920       74.378
          921       74.378
          922       74.378
          923       74.378
          924       74.378
          925       74.378
          926       74.378
          927       74.378
          928       74.378
          929       74.378
          930       74.378
          931       74.378
          932       74.378
          933       74.378
          934       74.378
          935       74.378
          936       74.378
          937       74.378
          938       74.378
          939       74.378
          940       74.378
          941       74.378
          942       74.378
          943       74.378
          944       74.378
          945       74.378
          946       74.378
          947       74.378
          948       74.378
          949       74.378
          950       74.378
          951       74.378
          952       74.378
          953       74.378
          954       74.378
          955       74.378
          956       74.378
          957       74.378
          958       74.378
          959       74.378
          960       74.378
          961       74.378
          962       74.378
          963       74.378
          964       74.378
          965       74.378
          966       74.378
          967       74.378
          968       74.378
          969       74.378
          970       74.378
          971       74.378
          972       74.378
          973       74.378
          974       74.378
          975       74.378
          976       74.378
          977       74.378
          978       74.378
          979       74.378
          980       74.378
          981       74.378
          982       74.378
          983       74.378
          984       74.378
          985       74.378
          986       74.378
          987       74.378
          988       74.378
          989       74.378
          990       74.378
          991       74.378
          992       74.378
          993       74.378
          994       74.378
          995       74.378
          996       74.378
          997       74.378
          998       74.378
          999       74.378
         1000       74.378
         1001       74.378
         1002       74.378
         1003       74.378
         1004       74.378
         1005       74.378
         1006       74.378
         1007       74.378
         1008       74.378
         1009       74.378
         1010       74.378
         1011       74.378
         1012       74.378
         1013       74.378
         1014       74.378
         1015       74.378
         1016       74.378
         1017       74.378
         1018       74.378
         1019       74.378
         1020       74.378
         1021       74.378
         1022       74.378
         1023       74.378
         1024       74.378
         1025       74.378
         1026       74.378
         1027       74.378
         1028       74.378
         1029       74.378
         1030       74.378
         1031       74.378
         1032       74.378
         1033       74.378
         1034       74.378
         1035       74.378
         1036       74.378
         1037       74.378
         1038       74.378
         1039       74.378
         1040       74.378
         1041       74.378
         1042       74.378
         1043       74.378
         1044       74.378
         1045       74.378
         1046       74.378
         1047       74.378
         1048       74.378
         1049       74.378
         1050       74.378
         1051       74.378
         1052       74.378
         1053       74.378
         1054       74.378
         1055       74.378
         1056       74.378
         1057       74.378
         1058       74.378
         1059       74.378
         1060       74.378
         1061       74.378
         1062       74.378
         1063       74.378
         1064       74.378
         1065       74.378
         1066       74.378
         1067       74.378
         1068       74.378
         1069       74.378
         1070       74.378
         1071       74.378
         1072       74.378
         1073       74.378
         1074       74.378
         1075       74.378
         1076       74.378
         1077       74.378
         1078       74.378
         1079       74.378
         1080       74.378
         1081       74.378
         1082       74.378
         1083       74.378
         1084       74.378
         1085       74.378
         1086       74.378
         1087       74.378
         1088       74.378
         1089       74.378
         1090       74.378
         1091       74.378
         1092       74.378
         1093       74.378
         1094       74.378
         1095       74.378
         1096       74.378
         1097       74.378
         1098       74.378
         1099       74.378
         1100       74.378
         1101       74.378
         1102       74.378
         1103       74.378
         1104       74.378
         1105       74.378
         1106       74.378
         1107       74.378
         1108       74.378
         1109       74.378
         1110       74.378
         1111       74.378
         1112       74.378
         1113       74.378
         1114       74.378
         1115       74.378
         1116       74.378
         1117       74.378
         1118       74.378
         1119       74.378
         1120       74.378
         1121       74.378
         1122       74.378
         1123       74.378
         1124       74.378
         1125       74.378
         1126       74.378
         1127       74.378
         1128       74.378
         1129       74.378
         1130       74.378
         1131       74.378
         1132       74.378
         1133       74.378
         1134       74.378
         1135       74.378
         1136       74.378
         1137       74.378
         1138       74.378
         1139       74.378
         1140       74.378
         1141       74.378
         1142       74.378
         1143       74.378
         1144       74.378
         1145       74.378
         1146       74.378
         1147       74.378
         1148       74.378
         1149       74.378
         1150       74.378
         1151       74.378
         1152       74.378
         1153       74.378
         1154       74.378
         1155       74.378
         1156       74.378
         1157       74.378
         1158       74.378
         1159       74.378
         1160       74.378
         1161       74.378
         1162       74.378
         1163       74.378
         1164       74.378
         1165       74.378
         1166       74.378
         1167       74.378
         1168       74.378
         1169       74.378
         1170       74.378
         1171       74.378
         1172       74.378
         1173       74.378
         1174       74.378
         1175       74.378
         1176       74.378
         1177       74.378
         1178       74.378
         1179       74.378
         1180       74.378
         1181       74.378
         1182       74.378
         1183       74.378
         1184       74.378
         1185       74.378
         1186       74.378
         1187       74.378
         1188       74.378
         1189       74.378
         1190       74.378
         1191       74.378
         1192       74.378
         1193       74.378
         1194       74.378
         1195       74.378
         1196       74.378
         1197       74.378
         1198       74.378
         1199       74.378
         1200       74.378
         1201       74.378
         1202       74.378
         1203       74.378
         1204       74.378
         1205       74.378
         1206       74.378
         1207       74.378
         1208       74.378
         1209       74.378
         1210       74.378
         1211       74.378
         1212       74.378
         1213       74.378
         1214       74.378
         1215       74.378
         1216       74.378
         1217       74.378
         1218       74.378
         1219       74.378
         1220       74.378
         1221       74.378
         1222       74.378
         1223       74.378
         1224       74.378
         1225       74.378
         1226       74.378
         1227       74.378
         1228       74.378
         1229       74.378
         1230       74.378
         1231       74.378
         1232       74.378
         1233       74.378
         1234       74.378
         1235       74.378
         1236       74.378
         1237       74.378
         1238       74.378
         1239       74.378
         1240       74.378
         1241       74.378
         1242       74.378
         1243       74.378
         1244       74.378
         1245       74.378
         1246       74.378
         1247       74.378
         1248       74.378
         1249       74.378
         1250       74.378
         1251       74.378
         1252       74.378
         1253       74.378
         1254       74.378
         1255       74.378
         1256       74.378
         1257       74.378
         1258       74.378
         1259       74.378
         1260       74.378
         1261       74.378
         1262       74.378
         1263       74.378
         1264       74.378
         1265       74.378
         1266       74.378
         1267       74.378
         1268       74.378
         1269       74.378
         1270       74.378
         1271       74.378
         1272       74.378
         1273       74.378
         1274       74.378
         1275       74.378
         1276       74.378
         1277       74.378
         1278       74.378
         1279       74.378
         1280       74.378
         1281       74.378
         1282       74.378
         1283       74.378
         1284       74.378
         1285       74.378
         1286       74.378
         1287       74.378
         1288       74.378
         1289       74.378
         1290       74.378
         1291       74.378
         1292       74.378
         1293       74.378
         1294       74.378
         1295       74.378
         1296       74.378
         1297       74.378
         1298       74.378
         1299       74.378
         1300       74.378
         1301       74.378
         1302       74.378
         1303       74.378
         1304       74.378
         1305       74.378
         1306       74.378
         1307       74.378
         1308       74.378
         1309       74.378
         1310       74.378
         1311       74.378
         1312       74.378
         1313       74.378
         1314       74.378
         1315       74.378
         1316       74.378
         1317       74.378
         1318       74.378
         1319       74.378
         1320       74.378
         1321       74.378
         1322       74.378
         1323       74.378
         1324       74.378
         1325       74.378
         1326       74.378
         1327       74.378
         1328       74.378
         1329       74.378
         1330       74.378
         1331       74.378
         1332       74.378
         1333       74.378
         1334       74.378
         1335       74.378
         1336       74.378
         1337       74.378
         1338       74.378
         1339       74.378
         1340       74.378
         1341       74.378
         1342       74.378
         1343       74.378
         1344       74.378
         1345       74.378
         1346       74.378
         1347       74.378
         1348       74.378
         1349       74.378
         1350       74.378
         1351       74.378
         1352       74.378
         1353       74.378
         1354       74.378
         1355       74.378
         1356       74.378
         1357       74.378
         1358       74.378
         1359       74.378
         1360       74.378
         1361       74.378
         1362       74.378
         1363       74.378
         1364       74.378
         1365       74.378
         1366       74.378
         1367       74.378
         1368       74.378
         1369       74.378
         1370       74.378
         1371       74.378
         1372       74.378
         1373       74.378
         1374       74.378
         1375       74.378
         1376       74.378
         1377       74.378
         1378       74.378
         1379       74.378
         1380       74.378
         1381       74.378
         1382       74.378
         1383       74.378
         1384       74.378
         1385       74.378
         1386       74.378
         1387       74.378
         1388       74.378
         1389       74.378
         1390       74.378
         1391       74.378
         1392       74.378
         1393       74.378
         1394       74.378
         1395       74.378
         1396       74.378
         1397       74.378
         1398       74.378
         1399       74.378
         1400       74.378
         1401       74.378
         1402       74.378
         1403       74.378
         1404       74.378
         1405       74.378
         1406       74.378
         1407       74.378
         1408       74.378
         1409       74.378
         1410       74.378
         1411       74.378
         1412       74.378
         1413       74.378
         1414       74.378
         1415       74.378
         1416       74.378
         1417       74.378
         1418       74.378
         1419       74.378
         1420       74.378
         1421       74.378
         1422       74.378
         1423       74.378
         1424       74.378
         1425       74.378
         1426       74.378
         1427       74.378
         1428       74.378
         1429       74.378
         1430       74.378
         1431       74.378
         1432       74.378
         1433       74.378
         1434       74.378
         1435       74.378
         1436       74.378
         1437       74.378
         1438       74.378
         1439       74.378
         1440       74.378
         1441       74.378
         1442       74.378
         1443       74.378
         1444       74.378
         1445       74.378
         1446       74.378
         1447       74.378
         1448       74.378
         1449       74.378
         1450       74.378
         1451       74.378
         1452       74.378
         1453       74.378
         1454       74.378
         1455       74.378
         1456       74.378
         1457       74.378
         1458       74.378
         1459       74.378
         1460       74.378
         1461       74.378
         1462       74.378
         1463       74.378
         1464       74.378
         1465       74.378
         1466       74.378
         1467       74.378
         1468       74.378
         1469       74.378
         1470       74.378
         1471       74.378
         1472       74.378
         1473       74.378
         1474       74.378
         1475       74.378
         1476       74.378
         1477       74.378
         1478       74.378
         1479       74.378
         1480       74.378
         1481       74.378
         1482       74.378
         1483       74.378
         1484       74.378
         1485       74.378
         1486       74.378
         1487       74.378
         1488       74.378
         1489       74.378
         1490       74.378
         1491       74.378
         1492       74.378
         1493       74.378
         1494       74.378
         1495       74.378
         1496       74.378
         1497       74.378
         1498       74.378
         1499       74.378
         1500       74.378
         1501       74.378
         1502       74.378
         1503       74.378
         1504       74.378
         1505       74.378
         1506       74.378
         1507       74.378
         1508       74.378
         1509       74.378
         1510       74.378
         1511       74.378
         1512       74.378
         1513       74.378
         1514       74.378
         1515       74.378
         1516       74.378
         1517       74.378
         1518       74.378
         1519       74.378
         1520       74.378
         1521       74.378
         1522       74.378
         1523       74.378
         1524       74.378
         1525       74.378
         1526       74.378
         1527       74.378
         1528       74.378
         1529       74.378
         1530       74.378
         1531       74.378
         1532       74.378
         1533       74.378
         1534       74.378
         1535       74.378
         1536       74.378
         1537       74.378
         1538       74.378
         1539       74.378
         1540       74.378
         1541       74.378
         1542       74.378
         1543       74.378
         1544       74.378
         1545       74.378
         1546       74.378
         1547       74.378
         1548       74.378
         1549       74.378
         1550       74.378
         1551       74.378
         1552       74.378
         1553       74.378
         1554       74.378
         1555       74.378
         1556       74.378
         1557       74.378
         1558       74.378
         1559       74.378
         1560       74.378
         1561       74.378
         1562       74.378
         1563       74.378
         1564       74.378
         1565       74.378
         1566       74.378
         1567       74.378
         1568       74.378
         1569       74.378
         1570       74.378
         1571       74.378
         1572       74.378
         1573       74.378
         1574       74.378
         1575       74.378
         1576       74.378
         1577       74.378
         1578       74.378
         1579       74.378
         1580       74.378
         1581       74.378
         1582       74.378
         1583       74.378
         1584       74.378
         1585       74.378
         1586       74.378
         1587       74.378
         1588       74.378
         1589       74.378
         1590       74.378
         1591       74.378
         1592       74.378
         1593       74.378
         1594       74.378
         1595       74.378
         1596       74.378
         1597       74.378
         1598       74.378
         1599       74.378
         1600       74.378
         1601       74.378
         1602       74.378
         1603       74.378
         1604       74.378
         1605       74.378
         1606       74.378
         1607       74.378
         1608       74.378
         1609       74.378
         1610       74.378
         1611       74.378
         1612       74.378
         1613       74.378
         1614       74.378
         1615       74.378
         1616       74.378
         1617       74.378
         1618       74.378
         1619       74.378
         1620       74.378
         1621       74.378
         1622       74.378
         1623       74.378
         1624       74.378
         1625       74.378
         1626       74.378
         1627       74.378
         1628       74.378
         1629       74.378
         1630       74.378
         1631       74.378
         1632       74.378
         1633       74.378
         1634       74.378
         1635       74.378
         1636       74.378
         1637       74.378
         1638       74.378
         1639       74.378
         1640       74.378
         1641       74.378
         1642       74.378
         1643       74.378
         1644       74.378
         1645       74.378
         1646       74.378
         1647       74.378
         1648       74.378
         1649       74.378
         1650       74.378
         1651       74.378
         1652       74.378
         1653       74.378
         1654       74.378
         1655       74.378
         1656       74.378
         1657       74.378
         1658       74.378
         1659       74.378
         1660       74.378
         1661       74.378
         1662       74.378
         1663       74.378
         1664       74.378
         1665       74.378
         1666       74.378
         1667       74.378
         1668       74.378
         1669       74.378
         1670       74.378
         1671       74.378
         1672       74.378
         1673       74.378
         1674       74.378
         1675       74.378
         1676       74.378
         1677       74.378
         1678       74.378
         1679       74.378
         1680       74.378
         1681       74.378
         1682       74.378
         1683       74.378
         1684       74.378
         1685       74.378
         1686       74.378
         1687       74.378
         1688       74.378
         1689       74.378
         1690       74.378
         1691       74.378
         1692       74.378
         1693       74.378
         1694       74.378
         1695       74.378
         1696       74.378
         1697       74.378
         1698       74.378
         1699       74.378
         1700       74.378
         1701       74.378
         1702       74.378
         1703       74.378
         1704       74.378
         1705       74.378
         1706       74.378
         1707       74.378
         1708       74.378
         1709       74.378
         1710       74.378
         1711       74.378
         1712       74.378
         1713       74.378
         1714       74.378
         1715       74.378
         1716       74.378
         1717       74.378
         1718       74.378
         1719       74.378
         1720       74.378
         1721       74.378
         1722       74.378
         1723       74.378
         1724       74.378
         1725       74.378
         1726       74.378
         1727       74.378
         1728       74.378
         1729       74.378
         1730       74.378
         1731       74.378
         1732       74.378
         1733       74.378
         1734       74.378
         1735       74.378
         1736       74.378
         1737       74.378
         1738       74.378
         1739       74.378
         1740       74.378
         1741       74.378
         1742       74.378
         1743       74.378
         1744       74.378
         1745       74.378
         1746       74.378
         1747       74.378
         1748       74.378
         1749       74.378
         1750       74.378
         1751       74.378
         1752       74.378
         1753       74.378
         1754       74.378
         1755       74.378
         1756       74.378
         1757       74.378
         1758       74.378
         1759       74.378
         1760       74.378
         1761       74.378
         1762       74.378
         1763       74.378
         1764       74.378
         1765       74.378
         1766       74.378
         1767       74.378
         1768       74.378
         1769       74.378
         1770       74.378
         1771       74.378
         1772       74.378
         1773       74.378
         1774       74.378
         1775       74.378
         1776       74.378
         1777       74.378
         1778       74.378
         1779       74.378
         1780       74.378
         1781       74.378
         1782       74.378
         1783       74.378
         1784       74.378
         1785       74.378
         1786       74.378
         1787       74.378
         1788       74.378
         1789       74.378
         1790       74.378
         1791       74.378
         1792       74.378
         1793       74.378
         1794       74.378
         1795       74.378
         1796       74.378
         1797       74.378
         1798       74.378
         1799       74.378
         1800       74.378
         1801       74.378
         1802       74.378
         1803       74.378
         1804       74.378
         1805       74.378
         1806       74.378
         1807       74.378
         1808       74.378
         1809       74.378
         1810       74.378
         1811       74.378
         1812       74.378
         1813       74.378
         1814       74.378
         1815       74.378
         1816       74.378
         1817       74.378
         1818       74.378
         1819       74.378
         1820       74.378
         1821       74.378
         1822       74.378
         1823       74.378
         1824       74.378
         1825       74.378
         1826       74.378
         1827       74.378
         1828       74.378
         1829       74.378
         1830       74.378
         1831       74.378
         1832       74.378
         1833       74.378
         1834       74.378
         1835       74.378
         1836       74.378
         1837       74.378
         1838       74.378
         1839       74.378
         1840       74.378
         1841       74.378
         1842       74.378
         1843       74.378
         1844       74.378
         1845       74.378
         1846       74.378
         1847       74.378
         1848       74.378
         1849       74.378
         1850       74.378
         1851       74.378
         1852       74.378
         1853       74.378
         1854       74.378
         1855       74.378
         1856       74.378
         1857       74.378
         1858       74.378
         1859       74.378
         1860       74.378
         1861       74.378
         1862       74.378
         1863       74.378
         1864       74.378
         1865       74.378
         1866       74.378
         1867       74.378
         1868       74.378
         1869       74.378
         1870       74.378
         1871       74.378
         1872       74.378
         1873       74.378
         1874       74.378
         1875       74.378
         1876       74.378
         1877       74.378
         1878       74.378
         1879       74.378
         1880       74.378
         1881       74.378
         1882      74.3764
         1883        74.34
         1884      74.1931
         1885      73.9825
         1886      73.7805
         1887      73.5797
         1888      73.5772
         1889      73.5772
         1890      73.5772
         1891      73.5772
         1892      73.5772
         1893      73.5772
         1894      73.5772
         1895      73.5772
         1896      73.5772
         1897      73.5772
         1898      73.5772
         1899      73.5772
         1900      73.5772
         1901      73.5772
         1902      73.5772
         1903      73.5772
         1904      73.5772
         1905      73.5772
         1906      73.5772
         1907      73.5772
         1908      73.5772
         1909      73.5772
         1910      73.5772
         1911      73.5772
         1912      73.5772
         1913      73.5772
         1914      73.5772
         1915      73.5772
         1916      73.5772
         1917      73.5772
         1918      73.5772
         1919      73.5772
         1920      73.5772
         1921      73.5772
         1922      73.5772
         1923      73.5772
         1924      73.5772
         1925      73.5772
         1926      73.5772
         1927      73.5772
         1928      73.5772
         1929      73.5772
         1930      73.5772
         1931      73.5772
         1932      73.5772
         1933      73.5772
         1934      73.5772
         1935      73.5772
         1936      73.5772
         1937      73.5772
         1938      73.5772
         1939      73.5772
         1940      73.5772
         1941      73.5772
         1942      73.5772
         1943      73.5772
         1944      73.5772
         1945      73.5772
         1946      73.5772
         1947      73.5772
         1948      73.5772
         1949      73.5772
         1950      73.5772
         1951      73.5772
         1952      73.5772
         1953      73.5772
         1954      73.5772
         1955      73.5772
         1956      73.5772
         1957      73.5772
         1958      73.5772
         1959      73.5772
         1960      73.5772
         1961      73.5772
         1962      73.5772
         1963      73.5772
         1964      73.5772
         1965      73.5772
         1966      73.5772
         1967      73.5772
         1968      73.5772
         1969      73.5772
         1970      73.5772
         1971      73.5772
         1972      73.5772
         1973      73.5772
         1974      73.5772
         1975      73.5772
         1976      73.5772
         1977      73.5772
         1978      73.5772
         1979      73.5772
         1980      73.5772
         1981      73.5772
         1982      73.5772
         1983      73.5772
         1984      73.5772
         1985      73.5772
         1986      73.5772
         1987      73.5772
         1988      73.5772
         1989      73.5772
         1990      73.5772
         1991      73.5772
         1992      73.5772
         1993      73.5772
         1994      73.5772
         1995      73.5772
         1996      73.5772
         1997      73.5772
         1998      73.5772
         1999      73.5772
         2000      73.5772
