#      	 GEN:      LENGTH:
            1      424.158
            2      410.597
            3       401.83
            4      393.151
            5      385.651
            6      381.675
            7      377.838
            8      360.128
            9      354.889
           10      350.776
           11      341.258
           12       339.09
           13      334.711
           14          324
           15      320.644
           16       315.34
           17      309.898
           18      305.675
           19       302.61
           20       302.61
           21      300.008
           22      298.368
           23      292.306
           24       288.72
           25      286.078
           26      280.456
           27      280.351
           28        275.5
           29      273.024
           30      267.037
           31      265.254
           32      261.944
           33      260.456
           34      258.942
           35      256.397
           36      254.908
           37      251.067
           38      249.128
           39      247.673
           40      247.673
           41      243.037
           42      243.037
           43      243.509
           44      242.472
           45      237.951
           46      235.431
           47       231.67
           48      229.265
           49      226.927
           50      223.446
           51      220.581
           52      221.454
           53      221.512
           54      221.011
           55      218.902
           56      215.746
           57      213.637
           58      213.297
           59      209.708
           60      209.708
           61      208.692
           62      204.437
           63      203.421
           64      205.222
           65      200.465
           66      197.581
           67      196.167
           68       196.53
           69      193.404
           70      189.418
           71      188.866
           72      187.998
           73      186.864
           74      184.772
           75      182.722
           76      182.722
           77      182.445
           78      181.461
           79      181.381
           80      181.381
           81      178.726
           82       176.83
           83      173.355
           84      174.085
           85      172.246
           86      172.139
           87      171.599
           88      170.927
           89      169.985
           90      168.641
           91      168.641
           92      168.276
           93      168.537
           94      167.828
           95      166.806
           96      166.141
           97      166.141
           98      166.141
           99        165.4
          100        165.4
          101      163.885
          102      163.986
          103      163.321
          104      162.343
          105      161.088
          106      159.484
          107      160.329
          108      160.329
          109       157.19
          110       157.19
          111      157.104
          112       155.89
          113      154.704
          114      153.814
          115      152.331
          116      153.637
          117      151.532
          118      149.841
          119      147.284
          120      149.406
          121      149.505
          122      148.533
          123      148.533
          124      144.801
          125      146.965
          126      144.805
          127      144.192
          128      146.186
          129      144.026
          130      145.247
          131      145.296
          132      142.184
          133      138.331
          134      138.748
          135      136.902
          136      136.189
          137      134.601
          138      133.957
          139      132.732
          140      121.074
          141      121.074
          142      120.298
          143      118.733
          144      117.489
          145      116.962
          146       115.46
          147      114.088
          148      112.447
          149      112.447
          150      111.826
          151      111.826
          152      110.222
          153      110.222
          154      109.078
          155      108.667
          156      108.457
          157      108.457
          158       106.61
          159       106.61
          160       106.61
          161       106.61
          162       106.61
          163      106.583
          164      106.583
          165      105.173
          166      105.173
          167      104.353
          168      104.238
          169      103.418
          170      103.418
          171      103.408
          172      102.719
          173      101.899
          174      101.645
          175      100.933
          176      100.923
          177      100.938
          178      100.928
          179      100.928
          180      100.928
          181      99.5602
          182      99.4847
          183      98.8951
          184      98.8951
          185      99.1368
          186      98.7971
          187      98.5874
          188      98.5005
          189      97.7006
          190      97.4031
          191      97.8007
          192        97.27
          193      96.3726
          194      96.1726
          195      96.1726
          196      96.1247
          197      96.1991
          198      95.3216
          199      94.5805
          200      94.5805
          201      94.6548
          202      94.6548
          203      94.6548
          204      94.2954
          205      93.9641
          206      93.9641
          207      93.2303
          208      93.1324
          209      93.1324
          210      92.9718
          211      92.1419
          212      92.1419
          213      92.1751
          214      91.7782
          215      91.7782
          216      91.1572
          217      91.2824
          218      91.2824
          219      91.2382
          220      91.2382
          221      90.5499
          222      90.0593
          223      89.6624
          224       89.474
          225      89.4018
          226      88.9387
          227      88.6781
          228      88.6781
          229      88.1171
          230      87.8564
          231      87.3335
          232      87.3335
          233      87.3335
          234      87.0417
          235      87.0417
          236      86.9533
          237      86.6616
          238      86.6616
          239      86.6616
          240      86.6616
          241      86.6616
          242      86.5296
          243      86.7135
          244      86.5815
          245      86.3451
          246      86.0763
          247      86.1283
          248      85.8703
          249      85.5127
          250      85.4167
          251      84.9392
          252      84.9392
          253       85.001
          254      84.3755
          255      84.3755
          256      84.3755
          257      84.3755
          258      84.3755
          259      84.3755
          260      84.3755
          261      84.3755
          262      84.3755
          263      83.9035
          264      83.9035
          265      83.9035
          266      83.9035
          267      83.8725
          268      83.8725
          269      83.7597
          270      83.7597
          271      84.3291
          272      83.9398
          273      83.8897
          274      82.8719
          275      82.9759
          276       81.908
          277       81.908
          278      81.4181
          279      81.4181
          280      81.4181
          281      81.4181
          282      81.4181
          283      81.3052
          284      80.9651
          285      80.8672
          286      80.8672
          287      80.7544
          288      80.7544
          289      80.7544
          290      80.7544
          291      80.7544
          292      80.7544
          293      80.7159
          294       80.623
          295      80.5921
          296      80.4237
          297      80.2614
          298      80.2614
          299      80.2614
          300      80.2614
          301      80.3658
          302      80.0351
          303      80.0351
          304      80.0351
          305      80.0351
          306      80.0351
          307      80.0351
          308      80.0351
          309      80.0351
          310      80.0351
          311      80.0351
          312      79.8797
          313      79.8797
          314      79.9965
          315      79.9965
          316      79.7615
          317      79.6205
          318      79.6205
          319      79.5023
          320      79.5023
          321      79.5023
          322      79.5023
          323      79.1234
          324      79.1234
          325      79.2401
          326      79.2401
          327      79.5042
          328      79.5042
          329      79.0071
          330      79.0071
          331      79.1467
          332      79.1467
          333      79.1467
          334      79.1467
          335      78.4309
          336      78.4309
          337      78.4309
          338      78.3041
          339      78.3041
          340      78.3041
          341      78.3041
          342      78.3041
          343      78.1858
          344      78.1858
          345      78.1858
          346      78.1858
          347      77.6809
          348      77.6809
          349      77.6809
          350      77.6809
          351      77.8348
          352      77.3299
          353      77.3299
          354      77.3299
          355      77.3299
          356      77.3299
          357      77.3299
          358      77.1571
          359      77.1571
          360      77.1571
          361      77.1571
          362      77.1571
          363      77.0337
          364       76.861
          365       76.861
          366       76.861
          367      76.8038
          368      76.9419
          369      76.9419
          370      76.8847
          371      76.8847
          372      76.8847
          373      76.8847
          374      76.8847
          375      76.8847
          376      76.8847
          377      76.5059
          378      76.5059
          379      76.5059
          380      76.5059
          381      76.5059
          382      76.5059
          383      76.5059
          384      76.5059
          385      76.5059
          386      76.5059
          387      76.5059
          388      76.5059
          389      76.5059
          390      76.5059
          391      76.5059
          392      76.5059
          393      75.9852
          394      75.9852
          395      75.9852
          396      75.9852
          397      75.9852
          398      75.9852
          399      75.8731
          400      75.8731
          401       75.599
          402       75.599
          403       75.599
          404      74.8135
          405      74.8135
          406      74.8135
          407      74.8135
          408      74.8135
          409      74.8135
          410      74.8135
          411      74.8135
          412      74.8135
          413      74.8135
          414      74.8135
          415      74.8135
          416      74.8135
          417      74.8135
          418      74.8135
          419      74.8135
          420      74.8135
          421      74.8135
          422      74.8135
          423      74.8135
          424      74.8135
          425      74.8135
          426      74.8135
          427      74.5271
          428      74.5271
          429      74.3022
          430      74.3022
          431      74.3022
          432      74.3022
          433      73.8706
          434      73.3593
          435      73.3593
          436      73.3593
          437      73.1783
          438      73.1783
          439      73.1783
          440      73.1783
          441      73.1783
          442      73.1783
          443      73.1783
          444      73.1465
          445      73.1465
          446      73.1465
          447      73.1465
          448      73.1465
          449      73.1465
          450      73.1465
          451      73.1465
          452      73.1465
          453      73.1465
          454      73.1465
          455      73.1465
          456      73.1465
          457      73.1465
          458      73.1465
          459      73.1465
          460      73.1465
          461      72.8119
          462      72.8119
          463      72.8119
          464      72.6738
          465      72.6738
          466      72.6738
          467      72.6738
          468      72.6738
          469      72.6738
          470      72.6738
          471      72.6738
          472      72.6738
          473      72.6738
          474      72.6738
          475      71.9851
          476      71.9851
          477      71.9851
          478      71.9851
          479      71.9851
          480      71.9851
          481      71.9851
          482      71.9851
          483      71.9851
          484      71.6088
          485      71.6088
          486      71.6088
          487      71.6088
          488      71.6088
          489      71.6088
          490      71.6088
          491      71.6088
          492      71.6088
          493      71.6088
          494      71.6088
          495      71.6088
          496      71.6088
          497      71.6088
          498      71.6088
          499      71.6088
          500      71.6088
          501      71.6088
          502      71.6088
          503      71.6088
          504      71.6088
          505      71.6088
          506      71.6088
          507      71.6088
          508      71.6088
          509      71.6088
          510      71.6088
          511      71.6088
          512      71.6088
          513      71.6088
          514      71.6088
          515      71.6088
          516      71.6088
          517      71.6088
          518      71.6088
          519      71.6088
          520      71.6088
          521      71.6088
          522      71.6088
          523      71.6088
          524      71.6088
          525      71.6088
          526      71.6088
          527      71.6088
          528      71.6088
          529      71.6088
          530      71.6088
          531      71.6088
          532      71.6088
          533      71.6088
          534      71.6088
          535      71.6088
          536      71.6088
          537      71.6088
          538      71.6088
          539      71.6088
          540      71.6088
          541      71.6088
          542      71.6088
          543      71.6088
          544      71.6088
          545      71.6088
          546      71.6088
          547      71.6088
          548      71.6088
          549       71.557
          550       71.557
          551       71.557
          552       71.557
          553       71.557
          554       71.557
          555       71.557
          556       71.557
          557       71.557
          558       71.557
          559       71.557
          560       71.557
          561       71.557
          562       71.557
          563       71.557
          564       71.557
          565       71.557
          566       71.557
          567       71.557
          568       71.557
          569       71.557
          570       71.557
          571       71.557
          572       71.557
          573       71.557
          574       71.557
          575       71.557
          576       71.557
          577       71.557
          578       71.557
          579       71.557
          580       71.557
          581       71.557
          582       71.557
          583       71.557
          584       71.557
          585       71.557
          586       71.557
          587       71.557
          588       71.557
          589       71.557
          590       71.557
          591       71.557
          592       71.557
          593       71.557
          594       71.557
          595       71.557
          596       71.557
          597       71.557
          598       71.557
          599       71.557
          600       71.557
          601       71.557
          602       71.557
          603       71.557
          604       71.557
          605       71.557
          606       71.557
          607       71.557
          608       71.557
          609       71.557
          610       71.557
          611       71.557
          612       71.557
          613      71.1634
          614      71.1634
          615      71.1634
          616      71.1634
          617      71.1634
          618      71.1634
          619      71.1634
          620      71.1634
          621      71.1634
          622      71.1634
          623      71.1634
          624      71.1634
          625      71.1634
          626      71.1634
          627      71.1634
          628      71.1634
          629      71.1634
          630      71.1634
          631      71.1634
          632      71.1634
          633      71.1634
          634      71.1634
          635      71.1634
          636      71.1634
          637      71.1634
          638      71.1634
          639      71.1634
          640      71.1634
          641      71.1634
          642      71.1634
          643      71.1634
          644      71.1634
          645      71.1634
          646      71.1634
          647      71.1634
          648      71.1634
          649      71.1634
          650      70.8702
          651      70.8702
          652      70.8702
          653      70.8702
          654      70.8702
          655      70.8702
          656      70.8702
          657      70.8702
          658      70.8702
          659      70.8702
          660      70.8702
          661      70.8702
          662      70.8702
          663      70.8702
          664      70.8702
          665      70.8702
          666      70.8702
          667      70.8702
          668      70.8702
          669      70.8702
          670      70.8702
          671      70.8702
          672      70.8702
          673      70.8702
          674      70.8702
          675      70.8702
          676      70.8702
          677      70.8702
          678      70.8702
          679      70.8702
          680      70.8702
          681      70.8702
          682      70.8702
          683      70.8702
          684      70.8702
          685      70.8702
          686      70.8702
          687      70.8702
          688      70.8702
          689      70.8702
          690      70.8702
          691      70.8702
          692      70.8702
          693      70.8702
          694      70.8702
          695      70.8702
          696      70.8702
          697      70.8702
          698      70.8702
          699      70.8702
          700      70.8702
          701      70.8702
          702      70.8702
          703      70.8702
          704      70.8702
          705      70.8702
          706      70.8702
          707      70.8702
          708      70.8702
          709      70.8702
          710      70.8702
          711      70.8702
          712      70.8702
          713      70.8702
          714      70.8702
          715      70.8702
          716      70.8702
          717      70.8702
          718      70.8702
          719      70.8702
          720      70.8702
          721      70.8702
          722      70.8702
          723      70.8702
          724      70.8702
          725      70.8702
          726      70.8702
          727      70.8702
          728      70.8702
          729      70.8702
          730      70.8702
          731      70.8702
          732      70.8702
          733      70.8702
          734      70.8702
          735      70.8702
          736      70.8702
          737      70.8702
          738      70.8702
          739      70.8702
          740      70.8702
          741      70.8702
          742      70.8702
          743      70.8702
          744      70.8702
          745      70.8702
          746      70.8702
          747      70.8702
          748      70.8702
          749      70.8702
          750      70.8702
          751      70.8702
          752      70.8702
          753      70.8702
          754      70.8702
          755      70.8702
          756      70.8702
          757      70.8702
          758      70.8702
          759      70.8702
          760      70.8702
          761      70.8702
          762      70.8702
          763      70.8702
          764      70.8702
          765      70.8702
          766      70.8702
          767      70.8702
          768      70.8702
          769      70.8702
          770      70.8702
          771      70.8702
          772      70.8702
          773      70.8702
          774      70.8702
          775      70.8702
          776      70.8702
          777      70.8702
          778      70.8702
          779      70.8702
          780      70.8702
          781      70.8702
          782      70.8702
          783      70.8702
          784      70.8702
          785      70.8702
          786      70.8702
          787      70.8702
          788      70.8702
          789      70.8702
          790      70.8702
          791      70.8702
          792      70.8702
          793      70.8702
          794      70.8702
          795      70.8702
          796      70.8702
          797      70.8702
          798      70.8702
          799      70.8702
          800      70.8702
          801      70.8702
          802      70.8702
          803      70.8702
          804      70.8702
          805      70.8702
          806      70.8702
          807      70.8702
          808      70.8702
          809      70.8702
          810      70.8702
          811      70.8702
          812      70.8702
          813      70.8702
          814      70.8702
          815      70.8702
          816      70.8702
          817      70.8702
          818      70.8702
          819      70.8702
          820      70.8702
          821      70.8702
          822      70.8702
          823      70.8702
          824      70.8702
          825      70.8702
          826      70.8702
          827      70.8702
          828      70.8702
          829      70.8702
          830      70.8702
          831      70.8702
          832      70.8702
          833      70.8702
          834      70.8702
          835      70.8702
          836      70.8702
          837      70.8702
          838      70.8702
          839      70.8702
          840      70.8702
          841      70.8702
          842      70.8702
          843      70.8702
          844      70.8702
          845      70.8702
          846      70.8702
          847      70.8702
          848      70.8702
          849      70.8702
          850      70.8702
          851      70.8702
          852      70.8702
          853      70.8702
          854      70.8702
          855      70.8702
          856      70.8702
          857      70.8702
          858      70.8702
          859      70.8702
          860      67.0196
          861      67.0196
          862      67.0196
          863      67.0196
          864      67.0196
          865      67.0196
          866      67.0196
          867      67.0196
          868      67.0196
          869      67.0196
          870      67.0196
          871      67.0196
          872      67.0196
          873      67.0196
          874      67.0196
          875      67.0196
          876      67.0196
          877      67.0196
          878      67.0196
          879      67.0196
          880      67.0196
          881      67.0196
          882      67.0196
          883      67.0196
          884      67.0196
          885      67.0196
          886      67.0196
          887      67.0196
          888      67.0196
          889      67.0196
          890      67.0196
          891      67.0196
          892      67.0196
          893      67.0196
          894      67.0196
          895      67.0196
          896      67.0196
          897      67.0196
          898      67.0196
          899      67.0196
          900      67.0196
          901      67.0196
          902      67.0196
          903      67.0196
          904      67.0196
          905      67.0196
          906      67.0196
          907      67.0196
          908      67.0196
          909      67.0196
          910      67.0196
          911      67.0196
          912      67.0196
          913      67.0196
          914      67.0196
          915      67.0196
          916      67.0196
          917      67.0196
          918      67.0196
          919      67.0196
          920      67.0196
          921      67.0196
          922      67.0196
          923      67.0196
          924      67.0196
          925      67.0196
          926      67.0196
          927      67.0196
          928      67.0196
          929      67.0196
          930      67.0196
          931      67.0196
          932      67.0196
          933      67.0196
          934      67.0196
          935      67.0196
          936      67.0196
          937      67.0196
          938      67.0196
          939      67.0196
          940      67.0196
          941      67.0196
          942      67.0196
          943      67.0196
          944      67.0196
          945      67.0196
          946      67.0196
          947      67.0196
          948      67.0196
          949      67.0196
          950      67.0196
          951      67.0196
          952      67.0196
          953      67.0196
          954      67.0196
          955      67.0196
          956      67.0196
          957      67.0196
          958      67.0196
          959      67.0196
          960      67.0196
          961      67.0196
          962      67.0196
          963      67.0196
          964      67.0196
          965      67.0196
          966      67.0196
          967      67.0196
          968      67.0196
          969      67.0196
          970      67.0196
          971      67.0196
          972      67.0196
          973      67.0196
          974      67.0196
          975      67.0196
          976      67.0196
          977      67.0196
          978      67.0196
          979      67.0196
          980      67.0196
          981      67.0196
          982      67.0196
          983      67.0196
          984      67.0196
          985      67.0196
          986      67.0196
          987      67.0196
          988      67.0196
          989      67.0196
          990      67.0196
          991      67.0196
          992      67.0196
          993      67.0196
          994      67.0196
          995      67.0196
          996      67.0196
          997      67.0196
          998      67.0196
          999      67.0196
         1000      67.0196
         1001      67.0196
         1002      67.0196
         1003      67.0196
         1004      67.0196
         1005      67.0196
         1006      67.0196
         1007      67.0196
         1008      67.0196
         1009      67.0196
         1010      67.0196
         1011      67.0196
         1012      67.0196
         1013      67.0196
         1014      67.0196
         1015      67.0196
         1016      67.0196
         1017      67.0196
         1018      67.0196
         1019      67.0196
         1020      67.0196
         1021      67.0196
         1022      67.0196
         1023      67.0196
         1024      67.0196
         1025      67.0196
         1026      67.0196
         1027      67.0196
         1028      67.0196
         1029      67.0196
         1030      67.0196
         1031      67.0196
         1032      67.0196
         1033      67.0196
         1034      67.0196
         1035      67.0196
         1036      67.0196
         1037      67.0196
         1038      67.0196
         1039      67.0196
         1040      67.0196
         1041      67.0196
         1042      67.0196
         1043      67.0196
         1044      67.0196
         1045      67.0196
         1046      67.0196
         1047      67.0196
         1048      67.0196
         1049      67.0196
         1050      67.0196
         1051      67.0196
         1052      67.0196
         1053      67.0196
         1054      67.0196
         1055      67.0196
         1056      67.0196
         1057      67.0196
         1058      67.0196
         1059      67.0196
         1060      67.0196
         1061      67.0196
         1062      67.0196
         1063      67.0196
         1064      67.0196
         1065      67.0196
         1066      67.0196
         1067      67.0196
         1068      67.0196
         1069      67.0196
         1070      67.0196
         1071      67.0196
         1072      67.0196
         1073      67.0196
         1074      67.0196
         1075      67.0196
         1076      67.0196
         1077      67.0196
         1078      67.0196
         1079      67.0196
         1080      67.0196
         1081      67.0196
         1082      67.0196
         1083      67.0196
         1084      67.0196
         1085      67.0196
         1086      67.0196
         1087      67.0196
         1088      67.0196
         1089      67.0196
         1090      67.0196
         1091      67.0196
         1092      67.0196
         1093      67.0196
         1094      67.0196
         1095      67.0196
         1096      67.0196
         1097      67.0196
         1098      67.0196
         1099      67.0196
         1100      67.0196
         1101      67.0196
         1102      67.0196
         1103      67.0196
         1104      67.0196
         1105      67.0196
         1106      67.0196
         1107      67.0196
         1108      67.0196
         1109      67.0196
         1110      67.0196
         1111      67.0196
         1112      67.0196
         1113      67.0196
         1114      67.0196
         1115      67.0196
         1116      67.0196
         1117      67.0196
         1118      67.0196
         1119      66.7179
         1120      66.7179
         1121      66.7179
         1122      66.7179
         1123      66.7179
         1124      66.7179
         1125      66.7179
         1126      66.7179
         1127      66.7179
         1128      66.7179
         1129      66.7179
         1130      66.7179
         1131      66.7179
         1132      66.7179
         1133      66.7179
         1134      66.7179
         1135      66.7179
         1136      66.7179
         1137      66.7179
         1138      66.7179
         1139      66.7179
         1140      66.7179
         1141      66.7179
         1142      66.4943
         1143      66.4943
         1144      66.4943
         1145      66.4943
         1146      66.4943
         1147      66.4943
         1148      66.4943
         1149      66.4943
         1150      66.4943
         1151      66.4943
         1152      66.4943
         1153      66.4943
         1154      66.4943
         1155      66.4943
         1156      66.4943
         1157      66.4943
         1158      66.4943
         1159      66.4943
         1160      66.4943
         1161      66.4943
         1162      66.4943
         1163      66.4943
         1164      66.4943
         1165      66.4943
         1166      66.4734
         1167      66.4734
         1168      66.4734
         1169      66.4734
         1170      66.4734
         1171      66.4734
         1172      66.4734
         1173      66.4734
         1174      66.4734
         1175      66.4734
         1176      66.4734
         1177      66.4734
         1178      66.4734
         1179      66.4734
         1180      66.4734
         1181      66.4734
         1182      66.4734
         1183      66.4734
         1184      66.4734
         1185      66.4734
         1186      66.4734
         1187      66.4734
         1188      66.4734
         1189      66.4734
         1190      66.4734
         1191      66.4734
         1192      66.4734
         1193      66.4734
         1194      66.4734
         1195      66.4734
         1196      66.4734
         1197      66.4734
         1198      66.4734
         1199      66.4734
         1200      66.4734
         1201      66.4734
         1202      66.4734
         1203      66.4734
         1204      66.4734
         1205      66.4734
         1206      66.4734
         1207      66.4734
         1208      66.4734
         1209      66.4734
         1210      66.4734
         1211      66.4734
         1212      66.4734
         1213      66.4734
         1214      66.4734
         1215      66.4734
         1216      66.4734
         1217      66.4734
         1218      66.4734
         1219      66.4734
         1220      66.4734
         1221      66.4734
         1222      66.4734
         1223      66.4734
         1224      66.4734
         1225      66.4734
         1226      66.4734
         1227      66.4734
         1228      66.4734
         1229      66.4734
         1230      66.4734
         1231      66.4734
         1232      66.4734
         1233      66.4734
         1234      66.4734
         1235      66.4734
         1236      66.4734
         1237      66.4734
         1238      66.4734
         1239      66.4734
         1240      66.5103
         1241      66.0783
         1242      66.0783
         1243      66.0783
         1244      66.0783
         1245      66.0783
         1246      66.0783
         1247      66.0783
         1248      66.0783
         1249      66.0783
         1250      66.0783
         1251      66.0783
         1252      66.0783
         1253      66.0783
         1254      66.0783
         1255      66.0783
         1256      66.0783
         1257      66.0783
         1258      66.0783
         1259      66.0783
         1260      66.0783
         1261      66.0783
         1262      66.0783
         1263      66.0783
         1264      66.0783
         1265      66.0783
         1266      66.0783
         1267      66.0783
         1268      66.0783
         1269      66.0783
         1270      66.0783
         1271      66.0783
         1272      66.0783
         1273      66.0783
         1274      66.0783
         1275      66.0783
         1276      66.0783
         1277      66.0783
         1278      66.0783
         1279      66.0783
         1280      66.0783
         1281      66.0783
         1282      66.0783
         1283      66.0783
         1284      66.0783
         1285      66.0783
         1286      66.0783
         1287      66.0783
         1288      66.0783
         1289      66.0783
         1290      66.0783
         1291      66.0783
         1292      66.0783
         1293      66.0783
         1294      66.0783
         1295      66.0783
         1296      66.0783
         1297      66.0783
         1298      66.0783
         1299      66.0783
         1300      66.0783
         1301      66.0783
         1302      66.0783
         1303      66.0783
         1304      66.0783
         1305      66.0783
         1306      66.0783
         1307      66.0783
         1308      66.0783
         1309      66.0783
         1310      66.0783
         1311      66.0783
         1312      66.0783
         1313      66.0783
         1314      66.0783
         1315      66.0783
         1316      66.0783
         1317      66.0783
         1318      66.0783
         1319      66.0783
         1320      66.0783
         1321      66.0783
         1322      66.0783
         1323      66.0783
         1324      66.0783
         1325      66.0783
         1326      66.0783
         1327      66.0783
         1328      66.0783
         1329      66.0783
         1330      66.0783
         1331      66.0783
         1332      66.0783
         1333      66.0783
         1334      66.0783
         1335      66.0783
         1336      66.0783
         1337      66.0783
         1338      66.0783
         1339      66.0783
         1340      66.0783
         1341      66.0783
         1342      66.0783
         1343      66.0783
         1344      66.0783
         1345      66.0783
         1346      66.0783
         1347      66.0783
         1348      66.0783
         1349      66.0783
         1350      66.0783
         1351      66.0783
         1352      66.0783
         1353      66.0783
         1354      66.0783
         1355      66.0783
         1356      66.0783
         1357      66.0783
         1358      66.0783
         1359      66.0783
         1360      66.0783
         1361      66.0783
         1362      66.0783
         1363      66.0783
         1364      66.0783
         1365      66.0783
         1366      66.0783
         1367      66.0783
         1368      66.0783
         1369      66.0783
         1370      66.0783
         1371      66.0783
         1372      66.0783
         1373      66.0783
         1374      66.0783
         1375      66.0783
         1376      66.0783
         1377      66.0783
         1378      66.0783
         1379      66.0783
         1380      66.0783
         1381      66.0783
         1382      66.0783
         1383      66.0783
         1384      66.0783
         1385      66.0783
         1386      66.0783
         1387      66.0783
         1388      66.0783
         1389      66.0783
         1390      66.0783
         1391      66.0783
         1392      66.0783
         1393      66.0783
         1394      66.0783
         1395      66.0783
         1396      66.0783
         1397      66.0783
         1398      66.0783
         1399      66.0783
         1400      66.0783
         1401      66.0783
         1402      66.0783
         1403      66.0783
         1404      66.0783
         1405      66.0783
         1406      66.0783
         1407      66.0783
         1408      66.0783
         1409      66.0783
         1410      66.0783
         1411      66.0783
         1412      66.0783
         1413      66.0783
         1414      66.0783
         1415      66.0783
         1416      66.0783
         1417      66.0783
         1418      66.0783
         1419      66.0783
         1420      66.0783
         1421      66.0783
         1422      66.0783
         1423      66.0783
         1424      66.0783
         1425      66.0783
         1426      66.0783
         1427      66.0783
         1428      66.0783
         1429      66.0783
         1430      66.0783
         1431      66.0783
         1432      66.0783
         1433      66.0783
         1434      66.0783
         1435      66.0783
         1436      66.0783
         1437      66.0783
         1438      66.0783
         1439      66.0783
         1440      66.0783
         1441      66.0783
         1442      66.0783
         1443      66.0783
         1444      66.0783
         1445      66.0783
         1446      66.0783
         1447      66.0783
         1448      66.0783
         1449      66.0783
         1450      66.0783
         1451      66.0783
         1452      66.0783
         1453      66.0783
         1454      66.0783
         1455      66.0783
         1456      66.0783
         1457      66.0783
         1458      66.0783
         1459      66.0783
         1460      66.0783
         1461      66.0783
         1462      66.0783
         1463      66.0783
         1464      66.0783
         1465      66.0783
         1466      66.0783
         1467      66.0783
         1468      66.0783
         1469      66.0783
         1470      66.0783
         1471      66.0783
         1472      66.0783
         1473      66.0783
         1474      66.0783
         1475      66.0783
         1476      66.0783
         1477      66.0783
         1478      66.0783
         1479      66.0783
         1480      66.0783
         1481      66.0783
         1482      66.0783
         1483      66.0783
         1484      66.0783
         1485      66.0783
         1486      66.0783
         1487      66.0783
         1488      66.0783
         1489      66.0783
         1490      66.0783
         1491      66.0783
         1492      66.0783
         1493      66.0783
         1494      66.0783
         1495      66.0783
         1496      66.0783
         1497      66.0783
         1498      66.0783
         1499      66.0783
         1500      66.0783
         1501      66.0783
         1502      66.0783
         1503      66.0783
         1504      66.0783
         1505      66.0783
         1506      66.0783
         1507      66.0783
         1508      66.0783
         1509      66.0783
         1510      66.0783
         1511      66.0783
         1512      66.0783
         1513      66.0783
         1514      66.0783
         1515      66.0783
         1516      66.0783
         1517      66.0783
         1518      66.0783
         1519      66.0783
         1520      66.0783
         1521      66.0783
         1522      66.0783
         1523      66.0783
         1524      66.0783
         1525      66.0783
         1526      66.0783
         1527      66.0783
         1528      66.0783
         1529      66.0783
         1530      66.0783
         1531      66.0783
         1532      66.0783
         1533      66.0783
         1534      66.0783
         1535      66.0783
         1536      66.0783
         1537      66.0783
         1538      66.0783
         1539      66.0783
         1540      66.0783
         1541      66.0783
         1542      66.0783
         1543      66.0783
         1544      66.0783
         1545      66.0783
         1546      66.0783
         1547      66.0783
         1548      66.0783
         1549      66.0783
         1550      66.0783
         1551      66.0783
         1552      66.0783
         1553      66.0783
         1554      66.0783
         1555      66.0783
         1556      66.0783
         1557      66.0783
         1558      66.0783
         1559      66.0783
         1560      66.0783
         1561      65.7378
         1562      65.7378
         1563      65.7378
         1564      65.7378
         1565      65.7378
         1566      65.7378
         1567      65.7378
         1568      65.7378
         1569      65.7378
         1570      65.7378
         1571      65.7378
         1572      65.7378
         1573      65.7378
         1574      65.7378
         1575      65.7378
         1576      65.7378
         1577      65.7378
         1578      65.7378
         1579      65.7378
         1580      65.7378
         1581      65.7378
         1582      65.7378
         1583      65.7378
         1584      65.7378
         1585      65.7378
         1586      65.7378
         1587      65.7378
         1588      65.7378
         1589      65.7378
         1590      65.7378
         1591      65.7378
         1592      65.7378
         1593      65.7378
         1594      65.7378
         1595      65.7378
         1596      65.7378
         1597      65.7378
         1598      65.7378
         1599      65.7378
         1600      65.7378
         1601      65.7378
         1602      65.7378
         1603      65.7378
         1604      65.7378
         1605      65.7378
         1606      65.7378
         1607      65.7378
         1608      65.7378
         1609      65.7378
         1610      65.7378
         1611      65.7378
         1612      65.7378
         1613      65.7378
         1614      65.7378
         1615      65.7378
         1616      65.7378
         1617      65.7378
         1618      65.7378
         1619      65.7378
         1620      65.7378
         1621      65.7378
         1622      65.7378
         1623      65.7378
         1624      65.7378
         1625      65.7378
         1626      65.7378
         1627      65.7378
         1628      65.7378
         1629      65.7378
         1630      65.7378
         1631      65.7378
         1632      65.7378
         1633      65.7378
         1634      65.7378
         1635      65.7378
         1636      65.7378
         1637      65.7378
         1638      65.7378
         1639      65.7378
         1640      65.7378
         1641      65.7378
         1642      65.7378
         1643      65.7378
         1644      65.7378
         1645      65.7378
         1646      65.7378
         1647      65.7378
         1648      65.7378
         1649      65.7378
         1650      65.7378
         1651      65.7378
         1652      65.7378
         1653      65.7378
         1654      65.7378
         1655      65.7378
         1656      65.7378
         1657      65.7378
         1658      65.7378
         1659      65.7378
         1660      65.7378
         1661      65.7378
         1662      65.7378
         1663      65.7378
         1664      65.7378
         1665      65.7378
         1666      65.7378
         1667      65.7378
         1668      65.7378
         1669      65.7378
         1670      65.7378
         1671      65.7378
         1672      65.7378
         1673      65.7378
         1674      65.7378
         1675      65.7378
         1676      65.7378
         1677      65.7378
         1678      65.7378
         1679      65.7378
         1680      65.7378
         1681      65.7378
         1682      65.7378
         1683      65.7378
         1684      65.7378
         1685      65.7378
         1686      65.7378
         1687      65.7378
         1688      65.7378
         1689      65.7378
         1690      65.7378
         1691      65.7378
         1692      65.7378
         1693      65.7378
         1694      65.7378
         1695      65.7378
         1696      65.7378
         1697      65.7378
         1698      65.7378
         1699      65.7378
         1700      65.7378
         1701      65.7378
         1702      65.7378
         1703      65.7378
         1704      65.7378
         1705      65.7378
         1706      65.7378
         1707      65.7378
         1708      65.7378
         1709      65.7378
         1710      65.7378
         1711      65.7378
         1712      65.7378
         1713      65.7378
         1714      65.7378
         1715      65.7378
         1716      65.7378
         1717      65.7378
         1718      65.7378
         1719      65.7378
         1720      64.8868
         1721      64.8868
         1722      64.8868
         1723      64.8868
         1724      64.8868
         1725      64.8868
         1726      64.8868
         1727      64.8868
         1728      64.8868
         1729      64.8868
         1730      64.8868
         1731      64.8868
         1732      64.8868
         1733      64.8868
         1734      64.8868
         1735      64.8868
         1736      64.8868
         1737      64.8868
         1738      64.8868
         1739      64.8868
         1740      64.8868
         1741      64.8868
         1742      64.8868
         1743      64.8868
         1744      64.8868
         1745      64.8868
         1746      64.8868
         1747      64.8868
         1748      64.8868
         1749      64.8868
         1750      64.8868
         1751      64.8868
         1752      64.8868
         1753      64.8868
         1754      64.8868
         1755      64.8868
         1756      64.8868
         1757      64.8868
         1758      64.8868
         1759      64.8868
         1760      64.8868
         1761      64.8868
         1762      64.8868
         1763      64.8868
         1764      64.8868
         1765      64.8868
         1766      64.8868
         1767      64.8868
         1768      64.8868
         1769      64.8868
         1770      64.8868
         1771      64.8868
         1772      64.8868
         1773      64.8868
         1774      64.8868
         1775      64.8868
         1776      64.8868
         1777      64.8868
         1778      64.8868
         1779      64.8868
         1780      64.8868
         1781      64.8868
         1782      64.8868
         1783      64.8868
         1784      64.8868
         1785      64.8868
         1786      64.8868
         1787      64.8868
         1788      64.8868
         1789      64.8868
         1790      64.8868
         1791      64.8868
         1792      64.8868
         1793      64.8868
         1794      64.8868
         1795      64.8868
         1796      64.8868
         1797      64.8868
         1798      64.8868
         1799      64.8868
         1800      64.8868
         1801      64.8868
         1802      64.8868
         1803      64.8868
         1804      64.8868
         1805      64.8868
         1806      64.8868
         1807      64.8868
         1808      64.8868
         1809      64.8868
         1810      64.8868
         1811      64.8868
         1812      64.8868
         1813      64.8868
         1814      64.8868
         1815      64.8868
         1816      64.8868
         1817      64.8868
         1818      64.8868
         1819      64.8868
         1820      64.8868
         1821      64.8868
         1822      64.8868
         1823      64.8868
         1824      64.8868
         1825      64.8868
         1826      64.8868
         1827      64.8868
         1828      64.8868
         1829      64.8868
         1830      64.8868
         1831      64.8868
         1832      64.8868
         1833      64.8868
         1834      64.8868
         1835      64.8868
         1836      64.8868
         1837      64.8868
         1838      64.8868
         1839      64.8868
         1840      64.8868
         1841      64.8868
         1842      64.8868
         1843      64.8868
         1844      64.8868
         1845      64.8868
         1846      64.8868
         1847      64.8868
         1848      64.8868
         1849      64.8868
         1850      64.8868
         1851      64.8868
         1852      64.8868
         1853      64.8868
         1854      64.8868
         1855      64.8868
         1856      64.8868
         1857      64.8868
         1858      64.8868
         1859      64.8868
         1860      64.8868
         1861      64.8868
         1862      64.8868
         1863      64.8868
         1864      64.8868
         1865      64.8868
         1866      64.8868
         1867      64.8868
         1868      64.8868
         1869      64.8868
         1870      64.8868
         1871      64.8868
         1872      64.8868
         1873      64.8868
         1874      64.8868
         1875      64.8868
         1876      64.8868
         1877      64.8868
         1878      64.8868
         1879      64.8868
         1880      64.8868
         1881      64.8868
         1882      64.8868
         1883      64.8868
         1884      64.8868
         1885      64.8868
         1886      64.8868
         1887      64.8868
         1888      64.8868
         1889      64.8868
         1890      64.8868
         1891      64.8868
         1892      64.8868
         1893      64.8868
         1894      64.8868
         1895      64.8868
         1896      64.8868
         1897      64.8868
         1898      64.8868
         1899      64.8868
         1900      64.8868
         1901      64.8868
         1902      64.8868
         1903      64.8868
         1904      64.8868
         1905      64.8868
         1906      64.8868
         1907      64.8868
         1908      64.8868
         1909      64.8868
         1910      64.8868
         1911      64.8868
         1912      64.8868
         1913      64.8868
         1914      64.8868
         1915      64.8868
         1916      64.8868
         1917      64.8868
         1918      64.8868
         1919      64.8868
         1920      64.8868
         1921      64.8868
         1922      64.8868
         1923      64.8868
         1924      64.8868
         1925      64.8868
         1926      64.8868
         1927      64.8868
         1928      64.8868
         1929      64.8868
         1930      64.8868
         1931      64.8868
         1932      64.8868
         1933      64.8868
         1934      64.8868
         1935      64.8868
         1936      64.8868
         1937      64.8868
         1938      64.8868
         1939      64.8868
         1940      64.8868
         1941      64.8868
         1942      64.8868
         1943      64.8868
         1944      64.8868
         1945      64.8868
         1946      64.8868
         1947      64.8868
         1948      64.8868
         1949      64.8868
         1950      64.8868
         1951      64.8868
         1952      64.8868
         1953      64.8868
         1954      64.8868
         1955      64.8868
         1956      64.8868
         1957      64.8868
         1958      64.8868
         1959      64.8868
         1960      64.8868
         1961      64.8868
         1962      64.8868
         1963      64.8868
         1964      64.8868
         1965      64.8868
         1966      64.8868
         1967      64.8868
         1968      64.8868
         1969      64.8868
         1970      64.8868
         1971      64.8868
         1972      64.8868
         1973      64.8868
         1974      64.8868
         1975      64.8868
         1976      64.8868
         1977      64.8868
         1978      64.8868
         1979      64.8868
         1980      64.8868
         1981      64.8868
         1982      64.8868
         1983      64.8868
         1984      64.8868
         1985      64.8868
         1986      64.8868
         1987      64.8868
         1988      64.8868
         1989      64.8868
         1990      64.8868
         1991      64.8868
         1992      64.8868
         1993      64.8868
         1994      64.8868
         1995      64.8868
         1996      64.8868
         1997      64.8868
         1998      64.8868
         1999      64.8868
         2000      64.8868
