#      	   X:
    -0.905642
    -0.905642
    -0.960566
    -0.468497
    -0.468497
    -0.776906
    -0.114391
    -0.910411
    -0.910411
    -0.910411
    -0.910411
     -1.55084
     -1.56709
     -1.61716
     -1.61716
     -1.68485
     -1.40451
     -1.40451
     -1.40451
     -1.40005
    -0.953634
    -0.588943
    -0.160831
     -1.07053
    -0.885081
    -0.885081
    -0.885081
    -0.885081
    -0.885081
    -0.133196
     -1.01207
    -0.499852
     0.665288
     0.665288
     0.756849
      0.71252
    0.0278434
    -0.897943
     -1.47628
    -0.510848
     -1.13582
     -1.13582
     -1.13582
    -0.715982
    -0.956193
    -0.956193
     -1.10766
     -1.10766
     -0.92521
     -0.92521
     -0.92521
     -0.92521
     -0.92521
    -0.248591
     0.543952
      1.11662
      1.11662
      1.23134
      1.23134
      1.23134
     0.851265
     0.851265
     0.851265
     0.851265
    -0.212968
     -1.20438
    -0.501046
    -0.869845
     -1.01015
     -0.01139
     -1.02438
     -1.02438
     -1.02438
     -1.02438
     -1.02438
     -1.02438
     -1.02438
     -1.02438
     -1.02438
     -1.15347
    -0.917296
    -0.917296
    -0.927354
     -1.26575
    -0.560904
    -0.560904
    -0.560904
    -0.560904
    -0.560904
     -1.04963
    -0.751333
    -0.751333
    -0.972053
    -0.972053
    -0.972053
    -0.972053
    -0.972053
    -0.972053
    -0.688509
    -0.595622
    -0.499253
    -0.108315
    -0.869601
     -1.04726
     -1.74628
     -1.74628
     -1.71594
      -1.6672
      -1.6672
    -0.698179
     -1.19604
     -1.19604
     -1.19604
     -1.19604
     -1.19604
     -1.56696
     -1.56696
     -1.43439
    -0.830929
     -1.09401
     -1.17968
     -1.17968
     -1.17968
     -1.17968
    -0.923732
    -0.923732
     -1.36348
    -0.794155
     -1.17913
    -0.549944
    -0.398267
    -0.398267
     -1.28974
     -1.31365
     -1.31365
      -1.2964
     -1.56453
     -1.56453
     -1.56453
     -1.56453
     -1.78596
    -0.736916
    -0.736916
     -1.66044
     -1.41871
     -1.25595
    -0.670166
    -0.670166
    -0.670166
     -0.58703
     -1.05731
     -1.05731
     0.136915
     0.817169
     0.586677
     -0.20635
     0.693792
     0.693792
     0.693792
      1.11183
      1.11183
      1.43612
      1.21566
      1.21566
      0.35034
    -0.747044
    -0.747044
    -0.747044
     -1.30879
     -1.30879
     -1.30879
     -1.30879
     -1.30879
     -1.30879
     -1.10566
     -1.10566
     -1.10566
     -1.10566
     -1.10566
     -1.10566
     -1.10566
     -1.10566
     -1.08093
     -1.08093
     -1.18043
    -0.723077
    -0.723077
    -0.621762
    -0.621762
    -0.621762
    -0.621762
     -1.35978
     -1.35978
       -1.486
    -0.958842
    -0.934585
    -0.934585
     -1.56921
     -1.56921
     -1.56921
     -1.56921
    -0.592419
     -1.33261
     -1.33261
     -0.51947
     -1.68621
       -1.239
    -0.824008
     -0.94616
     -0.94616
     -0.94616
     -0.94616
     -0.94616
     -1.49979
    -0.639963
     -1.50856
     -1.36973
     -1.36973
     -1.36973
     -1.36973
     -1.36973
    -0.971206
     -0.63997
     -0.63997
    -0.655368
    -0.655368
     0.323398
    -0.198563
      0.12678
     0.155971
      1.29998
      1.33316
     0.838292
     0.838292
     0.838292
     0.838292
     0.826075
      1.27838
      1.23594
      1.23594
      1.23594
      1.23594
      1.23594
      1.30422
      1.10116
      1.10116
      1.10116
      0.65478
      1.12557
     0.493293
     0.493293
      1.18302
     0.566782
      1.05345
     0.843131
     0.843131
     0.843131
     0.843131
      1.52181
      1.52181
      1.52181
      1.52181
      1.52181
     0.504497
      0.69602
      0.69602
     -0.16074
      -1.0805
      -1.0805
     -1.44402
     -0.40444
     -1.07847
     -1.07847
     -1.07847
     -1.07847
    -0.909269
    -0.909269
    -0.089079
     -1.13129
     -1.13129
     -1.13129
     -1.13129
    -0.817109
    -0.543828
    -0.458813
     -1.59738
     -1.04892
     -1.04892
     -1.04892
    0.0175554
     0.284835
     0.107377
     0.106067
      0.81552
     0.992152
     0.732853
     0.759893
     0.759893
     0.759893
     0.759893
     0.759893
     0.759893
     0.759893
      1.18165
      1.18165
      1.01169
      1.01169
      1.01169
     0.783122
      1.04866
      1.04866
     0.582621
     0.989702
     0.989702
     0.989702
      1.16671
      1.66835
       1.5035
      1.53648
      1.53648
     0.473861
      1.23686
      1.23686
      1.23686
      1.61161
      1.61161
      1.61161
      1.61161
      1.24751
      1.24751
      1.24751
      1.24751
     0.797124
      1.14977
      1.14977
      1.14977
      1.14977
      1.38193
      1.38193
     0.582216
      1.72403
      1.72403
      1.72403
     0.698725
     0.698725
      1.13834
      1.13834
      1.13834
      0.96745
     0.857915
      1.13058
      1.13058
     0.884001
     0.884001
      0.45194
    -0.352165
     0.518146
     0.269186
     0.892484
     0.892484
     0.378989
    -0.563182
    -0.543093
    -0.543093
    -0.543093
    -0.543093
   -0.0800702
    0.0545201
     0.112793
       1.1636
       1.1636
     0.737542
     0.737542
     0.737542
      0.59126
      1.35927
      1.35927
      1.35927
      1.35927
      1.35927
      1.32632
      1.32632
     0.513293
    -0.593997
     -0.82657
     -0.82657
     -0.82657
     -0.82657
    -0.909124
     -1.02882
     -1.02882
     -1.02882
     -1.02882
     -1.02882
     -1.10853
     -1.10853
    -0.567797
    -0.954518
    -0.954518
    -0.954518
    -0.954518
    -0.954518
    -0.954518
    -0.966254
    -0.966254
    -0.654878
    -0.654878
    -0.654878
    -0.654878
     -1.02141
     -1.02141
     -1.02141
     -1.44122
     -1.44122
     -1.44122
     -1.29145
      -1.3556
    -0.586453
     0.503969
      1.37013
     0.961176
     0.961176
       1.1391
       1.1391
       1.1391
       1.1391
       1.1391
     0.788737
     0.788737
     0.788737
      1.27708
      1.27708
      1.27708
      1.57645
      1.57645
     0.798553
     0.798553
     0.798553
      1.19892
     0.524352
      1.40269
      1.40269
     0.514479
     0.514479
    -0.526226
     -1.20669
     -1.20669
     -1.20669
     -1.20669
     -1.20669
     -1.20114
     -1.20114
     -1.20114
     -1.20114
     -1.20114
     -1.20114
     -1.13563
     -1.13563
     -1.13563
     -1.13563
     -1.13563
     -1.13563
     -1.09688
     -1.09688
     -1.09688
     -1.09688
    -0.892734
    -0.892734
    -0.892734
     -1.47972
    -0.637548
     -0.45674
    -0.673294
     -1.45177
    -0.696911
    -0.696911
    -0.696911
    -0.696911
     0.229757
   -0.0128042
     0.993724
     0.904273
     0.904273
      1.36357
      1.36357
     0.956555
     0.956555
     0.956555
     0.956555
     0.701527
     0.701527
     0.701527
     0.431866
     0.431866
     0.431866
      1.00228
      1.00228
      1.00228
      1.00228
      1.00228
