#      BLOCK:  	 ACTUAL_H:       H_AVE:       ERROR:
            1    -0.650229    -0.650229            0
            2    -0.962041    -0.806135     0.155906
            3    -0.796586    -0.802952    0.0900685
            4    -0.796586     -0.80136    0.0637079
            5    -0.796586    -0.800405    0.0493572
            6    -0.245477    -0.707917     0.100887
            7      1.64469    -0.371831     0.346734
            8    -0.596983    -0.399975     0.301596
            9    -0.719813    -0.435512     0.268347
           10    -0.719813    -0.463942     0.241694
           11    -0.719813    -0.487203     0.219855
           12    -0.719813    -0.506588     0.201633
           13    -0.780498    -0.527658     0.186668
           14    -0.939486    -0.557074     0.175307
           15    -0.939486    -0.582568     0.165181
           16     -1.02552    -0.610253     0.156973
           17    -0.226429    -0.587675     0.149169
           18    -0.226429    -0.567606     0.142063
           19    -0.226429    -0.549649     0.135573
           20    -0.217569    -0.533045     0.129683
           21    -0.424332    -0.527868     0.123461
           22    -0.760626    -0.538448      0.11819
           23    -0.760626    -0.548108     0.113347
           24    -0.517434     -0.54683     0.108529
           25    -0.167915    -0.531673     0.105195
           26    -0.167915    -0.517683     0.102032
           27    -0.167915    -0.504728    0.0990313
           28    -0.167915    -0.492699    0.0961841
           29    -0.167915      -0.4815    0.0934814
           30    -0.857602    -0.494036    0.0911777
           31    -0.316099    -0.488296     0.088374
           32    -0.349461    -0.483958    0.0856777
           33    -0.349461    -0.479882    0.0831408
           34    -0.424232    -0.478245     0.080675
           35    -0.187348    -0.469934    0.0787758
           36     -0.27702    -0.464575    0.0767436
           37     -0.27702    -0.459506    0.0748126
           38     -0.27702    -0.454704    0.0729754
           39     -0.27702    -0.450148    0.0712255
           40     -1.02322    -0.464475    0.0708849
           41    -0.648213    -0.468956    0.0692795
           42    -0.648213    -0.473224    0.0677444
           43      -0.4924     -0.47367    0.0661517
           44    -0.188902    -0.467198     0.064954
           45    -0.954246    -0.478022    0.0644101
           46     -1.01943    -0.489791    0.0640844
           47    -0.691812     -0.49409    0.0628532
           48    -0.691812    -0.498209    0.0616676
           49    -0.691812     -0.50216    0.0605251
           50    -0.691812    -0.505953    0.0594234
           51    -0.586047    -0.507523    0.0582677
           52    -0.586047    -0.509034    0.0571562
           53    -0.586047    -0.510487    0.0560862
           54     -1.02184    -0.519956    0.0558465
           55     -1.02184    -0.529081    0.0555759
           56     -1.02184    -0.537881    0.0552793
           57    -0.618226     -0.53929    0.0543191
           58     -0.32391    -0.535577    0.0535034
           59    -0.323737    -0.531986    0.0527112
           60    -0.323737    -0.528515    0.0519413
           61    -0.647231    -0.530461    0.0511198
           62    -0.647231    -0.532345    0.0503237
           63    -0.647231    -0.534168    0.0495521
           64    -0.647231    -0.535935    0.0488037
           65    -0.647231    -0.537647    0.0480775
           66    -0.647231    -0.539308    0.0473725
           67    -0.781881    -0.542928    0.0468004
           68     -0.21224    -0.538065    0.0463627
           69     -0.21224    -0.533343    0.0459293
           70     -0.21224    -0.528756    0.0455002
           71     -0.21224    -0.524298    0.0450758
           72     -0.21224    -0.519964    0.0446561
           73     -0.21224    -0.515748    0.0442414
           74    -0.536315    -0.516026    0.0436404
           75    -0.536315    -0.516297    0.0430554
           76    -0.536315     -0.51656    0.0424859
           77    -0.536315    -0.516817    0.0419313
           78    -0.272973     -0.51369    0.0415082
           79    -0.272973    -0.510643    0.0410925
           80     -0.18731    -0.506602    0.0407764
           81    -0.645645    -0.508318    0.0403064
           82    -0.645645    -0.509993     0.039847
           83    -0.606329    -0.511154    0.0393811
           84    -0.464563    -0.510599    0.0389134
           85    -0.464563    -0.510057    0.0384567
           86    -0.464563    -0.509528    0.0380106
           87    -0.464563    -0.509012    0.0375747
           88    -0.464563    -0.508507    0.0371487
           89    -0.464563    -0.508013    0.0367322
           90    -0.365686    -0.506431    0.0363562
           91    -0.533857    -0.506733    0.0359557
           92    -0.533857    -0.507028     0.035564
           93    -0.183057    -0.503544    0.0353516
           94    -0.201207    -0.500328     0.035121
           95    -0.201207    -0.497179    0.0348917
           96    -0.201207    -0.494096    0.0346638
           97    -0.235145    -0.491426    0.0344083
           98    -0.235145    -0.488811    0.0341556
           99    -0.511968    -0.489045    0.0338096
          100    -0.254531      -0.4867    0.0335519
          101    -0.161875    -0.483484    0.0333734
          102    -0.885835    -0.487429    0.0332792
          103    -0.513889    -0.487685    0.0329555
          104    -0.157629    -0.484512     0.032791
          105    -0.157629    -0.481399    0.0326261
          106    -0.817868    -0.484573    0.0324723
          107    -0.950345    -0.488926    0.0324606
          108     -1.02633    -0.493902    0.0325413
          109     -1.02633    -0.498786    0.0326093
          110    -0.312165     -0.49709     0.032356
          111    -0.387087    -0.496099    0.0320785
          112    -0.387087    -0.495126    0.0318057
          113    -0.387087     -0.49417    0.0315375
          114    -0.387087     -0.49323    0.0312737
          115    -0.387087    -0.492307    0.0310143
          116    -0.828272    -0.495203    0.0308819
          117    -0.828272     -0.49805    0.0307489
          118    -0.339735    -0.496709    0.0305167
          119    -0.174551    -0.494001      0.03038
          120    -0.174551    -0.491339    0.0302432
          121    -0.355869     -0.49022    0.0300131
          122    -0.355869    -0.489118    0.0297864
          123    -0.355869    -0.488035    0.0295631
          124    -0.355869    -0.486969    0.0293431
          125    -0.434914    -0.486553    0.0291104
          126    -0.470294    -0.486424    0.0288787
          127     -0.94899    -0.490066     0.028881
          128    -0.639748    -0.491235    0.0286783
          129    -0.305717    -0.489797    0.0284915
          130    -0.157638    -0.487242    0.0283867
          131    -0.503212    -0.487364    0.0281694
          132    -0.503212    -0.487484    0.0279555
          133    -0.705951    -0.489127    0.0277931
          134    -0.795036     -0.49141    0.0276792
          135    -0.795036    -0.493659    0.0275653
          136    -0.731318    -0.495406    0.0274176
          137     -0.28534    -0.493873    0.0272599
          138     -0.28534    -0.492362    0.0271038
          139     -0.28534    -0.490872    0.0269493
          140     -0.28534    -0.489404    0.0267963
          141     -0.28534    -0.487957    0.0266449
          142    -0.181918    -0.485802    0.0265443
          143    -0.181918    -0.483677    0.0264435
          144     -1.01806    -0.487388    0.0265202
          145    -0.361097    -0.486517     0.026351
          146    -0.192243    -0.484501    0.0262474
          147    -0.328793    -0.483442    0.0260898
          148    -0.328793    -0.482397     0.025934
          149    -0.328793    -0.481366    0.0257799
          150     -0.62967    -0.482355    0.0256266
          151    -0.644141    -0.483426    0.0254788
          152    -0.644141    -0.484484    0.0253327
          153    -0.644141    -0.485527    0.0251882
          154    -0.644141    -0.486557    0.0250453
          155    -0.160949    -0.484456    0.0249717
          156    -0.160949    -0.482383    0.0248977
          157    -0.160949    -0.480335    0.0248231
          158    -0.160949    -0.478314    0.0247482
          159    -0.160949    -0.476318     0.024673
          160    -0.289207    -0.475148    0.0245461
          161    -0.289207    -0.473994    0.0244205
          162    -0.787876    -0.475931    0.0243465
          163    -0.158914    -0.473986    0.0242747
          164    -0.158914    -0.472065    0.0242026
          165     -1.02279    -0.475403     0.024286
          166     -1.02279      -0.4787    0.0243634
          167    -0.161082    -0.476798    0.0242916
          168    -0.161082    -0.474919    0.0242196
          169    -0.197793    -0.473279    0.0241317
          170    -0.197793    -0.471659     0.024044
          171    -0.197793    -0.470057    0.0239565
          172    -0.197793    -0.468474    0.0238694
          173    -0.402533    -0.468093    0.0237341
          174    -0.402533    -0.467716    0.0236003
          175    -0.402533    -0.467344     0.023468
          176    -0.181172    -0.465718    0.0233909
          177    -0.401792    -0.465357    0.0232611
          178    -0.401792       -0.465    0.0231329
          179    -0.401792    -0.464647     0.023006
          180    -0.168932    -0.463004    0.0229367
          181    -0.167715    -0.461372    0.0228679
          182    -0.167715    -0.459759    0.0227991
          183    -0.197184    -0.458324    0.0227195
          184    -0.197184    -0.456905    0.0226402
          185    -0.196815    -0.455499    0.0225614
          186    -0.357717    -0.454973    0.0224459
          187    -0.357717    -0.454453    0.0223316
          188    -0.162399      -0.4529    0.0222667
          189    -0.162399    -0.451362    0.0222019
          190    -0.162399    -0.449842     0.022137
          191    -0.194875    -0.448507    0.0220612
          192    -0.194875    -0.447186    0.0219858
          193    -0.194875    -0.445878    0.0219106
          194    -0.250836    -0.444873    0.0218205
          195    -0.250836    -0.443878    0.0217311
          196    -0.203142     -0.44265    0.0216548
          197    -0.203142    -0.441434    0.0215789
          198    -0.523616    -0.441849    0.0214737
          199    -0.523616     -0.44226    0.0213694
          200    -0.523616    -0.442667    0.0212662
          201    -0.523616    -0.443069     0.021164
          202    -0.963584    -0.445646     0.021216
          203    -0.244332    -0.444655    0.0211345
          204    -0.244332    -0.443673    0.0210536
          205    -0.244332      -0.4427    0.0209732
          206    -0.244332    -0.441737    0.0208933
          207    -0.157659    -0.440365    0.0208374
          208    -0.157659    -0.439006    0.0207814
          209    -0.380155    -0.438724    0.0206837
          210    -0.380155    -0.438445    0.0205868
          211    -0.257156    -0.437586    0.0205071
          212    -0.257156    -0.436735    0.0204278
          213    -0.257156    -0.435892    0.0203492
          214    -0.201461    -0.434796    0.0202835
          215    -0.965689    -0.437266    0.0203393
          216    -0.188256    -0.436113    0.0202778
          217    -0.538675    -0.436585    0.0201896
          218    -0.538675    -0.437054    0.0201023
          219    -0.538675    -0.437518    0.0200156
          220    -0.466458    -0.437649    0.0199249
          221    -0.466458     -0.43778     0.019835
          222    -0.466458    -0.437909    0.0197458
          223    -0.544004    -0.438385    0.0196628
          224    -0.544004    -0.438856    0.0195805
          225    -0.503863    -0.439145    0.0194955
          226    -0.503863    -0.439431    0.0194111
          227    -0.503863    -0.439715    0.0193275
          228    -0.503863    -0.439997    0.0192446
          229    -0.173854    -0.438834    0.0191956
          230    -0.157445    -0.437611    0.0191511
          231    -0.157445    -0.436398    0.0191065
          232    -0.172333     -0.43526     0.019058
          233    -0.218414    -0.434329    0.0189988
          234    -0.218414    -0.433407      0.01894
          235    -0.218414    -0.432492    0.0188814
          236    -0.218414    -0.431585    0.0188231
          237    -0.197365    -0.430596    0.0187695
          238    -0.166984    -0.429489    0.0187233
          239    -0.227074    -0.428642     0.018664
          240    -0.821349    -0.430278     0.018658
          241    -0.821349    -0.431901    0.0186511
          242     -0.93164    -0.433966    0.0186883
          243    -0.445504    -0.434013    0.0186113
          244    -0.256945    -0.433288    0.0185491
          245    -0.642502    -0.434142    0.0184929
          246    -0.642502    -0.434989    0.0184371
          247    -0.642502    -0.435829    0.0183815
          248    -0.685918    -0.436837     0.018335
          249    -0.649914    -0.437693    0.0182812
          250     -1.00966    -0.439981    0.0183511
          251     -1.00966     -0.44225    0.0184182
          252    -0.582694    -0.442808    0.0183535
          253    -0.969865    -0.444891    0.0183991
          254    -0.568692    -0.445378     0.018333
          255    -0.160939    -0.444263     0.018295
          256    -0.160939    -0.443156     0.018257
          257    -0.160939    -0.442058    0.0182189
          258    -0.705521    -0.443079    0.0181769
          259    -0.705521    -0.444092    0.0181349
          260    -0.705521    -0.445098     0.018093
          261    -0.705521    -0.446096    0.0180511
          262    -0.705521    -0.447086    0.0180093
          263    -0.705521    -0.448069    0.0179676
          264    -0.705521    -0.449044     0.017926
          265    -0.705521    -0.450012    0.0178844
          266    -0.619712     -0.45065    0.0178285
          267    -0.619712    -0.451283    0.0177728
          268    -0.619712    -0.451911    0.0177175
          269    -0.619712    -0.452535    0.0176626
          270    -0.446477    -0.452513    0.0175971
          271    -0.997968    -0.454525    0.0176472
          272    -0.622617    -0.455143     0.017593
          273    -0.622617    -0.455757    0.0175392
          274    -0.622617    -0.456366    0.0174857
          275    -0.622617     -0.45697    0.0174325
          276    -0.398411    -0.456758    0.0173705
          277    -0.398411    -0.456547    0.0173089
          278    -0.398411    -0.456338    0.0172478
          279    -0.398411    -0.456131    0.0171871
          280    -0.835156    -0.457484    0.0171791
          281    -0.835156    -0.458828    0.0171705
          282    -0.835156    -0.460163    0.0171615
          283    -0.234193    -0.459364    0.0171194
          284    -0.539815    -0.459648    0.0170613
          285     -0.30041    -0.459089    0.0170105
          286     -0.30041    -0.458534      0.01696
          287     -0.30041    -0.457983    0.0169098
          288     -0.30041    -0.457436    0.0168599
          289     -0.30041    -0.456893    0.0168102
          290     -0.30041    -0.456353    0.0167608
          291    -0.552592    -0.456684    0.0167064
          292    -0.158476    -0.455663    0.0166804
          293    -0.158864     -0.45465    0.0166542
          294    -0.158864    -0.453644    0.0166279
          295    -0.544344    -0.453951    0.0165743
          296    -0.285316    -0.453381     0.016528
          297    -0.224118    -0.452609    0.0164904
          298    -0.224118    -0.451843    0.0164528
          299     -0.15797     -0.45086    0.0164271
          300     -0.15797    -0.449883    0.0164014
          301     -0.15797    -0.448914    0.0163755
          302     -0.15797     -0.44795    0.0163496
          303     -0.15797    -0.446993    0.0163237
          304    -0.336404    -0.446629    0.0162739
          305    -0.336404    -0.446268    0.0162245
          306    -0.644163    -0.446915    0.0161843
          307    -0.644163    -0.447557    0.0161443
          308    -0.644163    -0.448196    0.0161045
          309    -0.161961    -0.447269     0.016079
          310     -0.64348    -0.447902    0.0160395
          311     -0.64348    -0.448531    0.0160002
          312     -0.60936    -0.449047    0.0159572
          313    -0.620822    -0.449595    0.0159156
          314    -0.620822    -0.450141    0.0158742
          315    -0.620822    -0.450683     0.015833
          316    -0.379228    -0.450456    0.0157844
          317    -0.991316    -0.452163    0.0158268
          318    -0.713308    -0.452984    0.0157983
          319    -0.833524    -0.454177    0.0157938
          320    -0.833524    -0.455362    0.0157889
          321    -0.972262    -0.456972    0.0158218
          322    -0.207358    -0.456197    0.0157917
          323    -0.207358    -0.455427    0.0157615
          324    -0.241615    -0.454767    0.0157267
          325     -0.63807    -0.455331    0.0156883
          326     -0.63807    -0.455891    0.0156502
          327     -0.63807    -0.456449    0.0156122
          328     -0.63807    -0.457002    0.0155744
          329    -0.266988    -0.456425    0.0155377
          330    -0.266988    -0.455851    0.0155012
          331    -0.266988     -0.45528    0.0154648
          332    -0.266988    -0.454713    0.0154286
          333    -0.477173     -0.45478    0.0153823
          334    -0.160639      -0.4539    0.0153615
          335    -0.160639    -0.453024    0.0153405
          336    -0.160639    -0.452154    0.0153196
          337    -0.160639    -0.451289    0.0152985
          338    -0.741807    -0.452149    0.0152774
          339    -0.741807    -0.453003    0.0152562
          340    -0.205928    -0.452276    0.0152286
          341    -0.205928    -0.451554     0.015201
          342    -0.291794    -0.451087    0.0151637
          343    -0.291794    -0.450622    0.0151266
          344     -0.89515    -0.451915    0.0151378
          345     -0.89515    -0.453199    0.0151484
          346     -0.17605    -0.452398    0.0151258
          347    -0.714132    -0.453153     0.015101
          348    -0.212436    -0.452461    0.0150734
          349    -0.347576     -0.45216    0.0150332
          350    -0.754522    -0.453024    0.0150151
          351    -0.199271    -0.452301    0.0149897
          352    -0.928342    -0.453654    0.0150081
          353    -0.169716    -0.452849    0.0149871
          354    -0.169716     -0.45205    0.0149661
          355    -0.367604    -0.451812    0.0149258
          356    -0.367604    -0.451575    0.0148857
          357      -0.4743    -0.451639     0.014844
          358    -0.737995    -0.452439    0.0148241
          359    -0.737995    -0.453234    0.0148041
          360    -0.737995    -0.454025    0.0147841
          361    -0.629831    -0.454512    0.0147512
          362    -0.629831    -0.454996    0.0147183
          363    -0.647012    -0.455525    0.0146873
          364    -0.647012    -0.456051    0.0146563
          365    -0.647012    -0.456575    0.0146255
          366     -0.68984    -0.457212    0.0145994
          367     -0.68984    -0.457846    0.0145733
          368     -0.68984    -0.458476    0.0145473
          369    -0.895208     -0.45966     0.014556
          370    -0.895208    -0.460837    0.0145643
          371    -0.895208    -0.462008    0.0145721
          372    -0.487194    -0.462076     0.014533
          373    -0.487194    -0.462143    0.0144942
          374    -0.487194     -0.46221    0.0144555
          375    -0.610996    -0.462607    0.0144224
          376    -0.610996    -0.463001    0.0143894
          377     -0.77225    -0.463822    0.0143746
          378     -0.77225    -0.464637    0.0143597
          379     -0.77225    -0.465449    0.0143448
          380     -0.77225    -0.466256    0.0143297
          381    -0.646543     -0.46673    0.0142999
          382    -0.646543      -0.4672    0.0142702
          383    -0.292156    -0.466743    0.0142402
          384    -0.292156    -0.466289    0.0142103
          385     -1.02081    -0.467729    0.0142464
          386     -1.02081    -0.469162    0.0142815
          387    -0.890968    -0.470252    0.0142862
          388    -0.231784    -0.469637    0.0142626
          389    -0.231784    -0.469026     0.014239
          390    -0.553566    -0.469243    0.0142041
          391    -0.553566    -0.469458    0.0141693
          392    -0.653845    -0.469929     0.014141
          393    -0.990291    -0.471253     0.014167
          394    -0.990291     -0.47257    0.0141922
          395     -0.57183    -0.472821    0.0141585
          396     -0.57183    -0.473071    0.0141249
          397    -0.267811    -0.472554    0.0140988
          398    -0.267811     -0.47204    0.0140727
          399    -0.179162    -0.471306    0.0140566
          400    -0.179162    -0.470575    0.0140404
          401    -0.179162    -0.469849    0.0140242
          402    -0.179162    -0.469126    0.0140079
          403      -0.1588    -0.468356    0.0139943
          404    -0.164703    -0.467604    0.0139799
          405    -0.288371    -0.467161    0.0139523
          406    -0.288371    -0.466721    0.0139249
          407    -0.288371    -0.466283    0.0138975
          408    -0.288371    -0.465847    0.0138703
          409    -0.288371    -0.465413    0.0138431
          410     -0.64776    -0.465858    0.0138165
          411    -0.694516    -0.466414     0.013794
          412     -0.62248    -0.466793    0.0137657
          413     -0.65452    -0.467247    0.0137399
          414     -0.65452      -0.4677    0.0137141
          415     -0.65452     -0.46815    0.0136884
          416    -0.190691    -0.467483    0.0136718
          417    -0.340689    -0.467179    0.0136423
          418    -0.417551     -0.46706    0.0136102
          419    -0.417551    -0.466942    0.0135782
          420    -0.417551    -0.466824    0.0135463
          421    -0.647152    -0.467253    0.0135209
          422    -0.647152    -0.467679    0.0134955
          423    -0.300609    -0.467284    0.0134694
          424    -0.300609    -0.466891    0.0134433
          425    -0.300609      -0.4665    0.0134174
          426    -0.511211    -0.466605    0.0133862
          427    -0.158982    -0.465884    0.0133743
          428    -0.548156    -0.466076    0.0133444
          429    -0.548156    -0.466268    0.0133146
          430    -0.548156    -0.466458     0.013285
          431    -0.473117    -0.466474    0.0132541
          432    -0.473117    -0.466489    0.0132234
          433    -0.473117    -0.466504    0.0131929
          434    -0.473117     -0.46652    0.0131624
          435    -0.473117    -0.466535    0.0131321
          436    -0.320515      -0.4662    0.0131063
          437    -0.399885    -0.466048    0.0130771
          438    -0.399885    -0.465897    0.0130481
          439    -0.399885    -0.465747    0.0130192
          440    -0.163882    -0.465061    0.0130077
          441     -1.02431    -0.466329      0.01304
          442     -1.02431    -0.467591    0.0130715
          443     -0.17191    -0.466924    0.0130591
          444     -0.17191    -0.466259    0.0130466
          445     -0.17191    -0.465598     0.013034
          446     -0.17191    -0.464939    0.0130214
          447     -0.17191    -0.464284    0.0130088
          448     -0.17191    -0.463631    0.0129961
          449     -0.17191    -0.462981    0.0129834
          450     -0.17191    -0.462335    0.0129706
          451    -0.167007     -0.46168    0.0129584
          452    -0.167007    -0.461028    0.0129461
          453    -0.167007    -0.460379    0.0129338
          454    -0.167007    -0.459733    0.0129215
          455    -0.167007    -0.459089    0.0129091
          456    -0.167007    -0.458449    0.0128967
          457    -0.184455    -0.457849    0.0128824
          458    -0.646256     -0.45826    0.0128608
          459    -0.646256     -0.45867    0.0128393
          460    -0.646256    -0.459078    0.0128178
          461    -0.637059    -0.459464    0.0127958
          462    -0.637059    -0.459848    0.0127739
          463    -0.647448    -0.460254    0.0127527
          464    -0.647448    -0.460657    0.0127316
          465    -0.647448    -0.461059    0.0127105
          466    -0.647448    -0.461459    0.0126895
          467    -0.192765    -0.460883    0.0126754
          468    -0.192765     -0.46031    0.0126612
          469    -0.266947    -0.459898    0.0126409
          470    -0.166171    -0.459273    0.0126295
          471     -1.02633    -0.460477      0.01266
          472     -1.02633    -0.461676    0.0126899
          473     -0.38114    -0.461506    0.0126642
          474    -0.406397    -0.461389     0.012638
          475    -0.307501    -0.461065    0.0126155
          476    -0.307501    -0.460743    0.0125931
          477    -0.307501    -0.460422    0.0125708
          478    -0.307501    -0.460102    0.0125485
          479    -0.307501    -0.459783    0.0125264
          480    -0.431188    -0.459723    0.0125004
          481    -0.431188    -0.459664    0.0124745
          482    -0.431188    -0.459605    0.0124487
          483    -0.221506    -0.459112    0.0124327
          484    -0.157525    -0.458489    0.0124226
          485    -0.157525    -0.457868    0.0124125
          486    -0.350034    -0.457647    0.0123889
          487    -0.350034    -0.457426    0.0123655
          488    -0.350034    -0.457206    0.0123421
          489    -0.350034    -0.456986    0.0123187
          490     -0.43895     -0.45695    0.0122936
          491     -0.43895    -0.456913    0.0122686
          492     -0.43895    -0.456876    0.0122437
          493     -0.43895     -0.45684    0.0122189
          494     -0.43895    -0.456804    0.0121942
          495     -0.43895    -0.456768    0.0121696
          496     -0.43895    -0.456732    0.0121451
          497     -0.43895    -0.456696    0.0121207
          498     -0.43895     -0.45666    0.0120964
          499    -0.182406    -0.456111    0.0120846
          500    -0.383142    -0.455965    0.0120613
