#      	   X:
            0
      1.24011
      1.11653
      1.11653
      1.11653
     0.422606
      1.91326
     0.122218
     -1.06992
     -1.06992
     -1.06992
     -1.06992
      -1.1065
     -1.21916
     -1.21916
     -1.37146
    -0.740684
    -0.740684
    -0.740684
    -0.730652
     0.273779
      1.09433
      1.09433
    -0.952483
     -0.53523
     -0.53523
     -0.53523
     -0.53523
     -0.53523
      1.15651
    -0.820947
     0.331536
     0.331536
    -0.895606
    -0.689595
    -0.789335
    -0.789335
    -0.789335
    -0.789335
      1.38288
   -0.0233044
   -0.0233044
     -1.63673
    -0.692094
     -1.23257
      1.39431
       1.0535
       1.0535
       1.0535
       1.0535
    -0.134798
    -0.134798
    -0.134798
      1.38759
      1.38759
      1.38759
    0.0939361
     0.352059
     0.826738
     0.826738
   -0.0284285
   -0.0284285
   -0.0284285
   -0.0284285
   -0.0284285
   -0.0284285
      1.55408
     0.724285
     0.724285
     0.724285
     0.724285
     0.724285
     0.724285
    -0.963582
    -0.963582
    -0.963582
    -0.963582
      0.78583
      0.78583
     0.495367
      1.02677
      1.02677
      1.00414
     0.242739
     0.242739
     0.242739
     0.242739
     0.242739
     0.242739
    -0.856896
    -0.185727
    -0.185727
    -0.682347
     0.474425
     0.474425
     0.474425
     -0.43344
     -0.43344
     0.204535
     0.413531
     0.630362
      1.50997
    -0.202922
    -0.602647
    -0.602647
     -1.54031
     -1.47204
     -1.36238
     -1.36238
     0.817921
    -0.302277
    -0.302277
    -0.302277
    -0.302277
    -0.302277
     -1.13684
     -1.13684
    -0.838543
     0.519234
     0.519234
     0.326489
     0.326489
     0.326489
     0.326489
     0.902364
    -0.238245
     -1.22768
    0.0533038
    -0.812895
      0.60278
     0.944052
     0.944052
     -1.06177
     -1.11555
     -1.11555
     -1.07674
     -1.68003
     -1.68003
     -1.68003
     -1.68003
     -1.68003
     0.680327
     0.680327
     -1.39761
    -0.853714
    -0.487498
     0.830515
     0.830515
     0.830515
      1.01757
   -0.0405562
   -0.0405562
   -0.0405562
   -0.0405562
    -0.559164
    -0.559164
    -0.559164
    -0.559164
    -0.559164
     0.381413
     0.381413
      1.11108
     0.615034
     0.615034
     -1.33193
     -1.33193
     0.558553
     0.558553
    -0.705381
    -0.705381
    -0.705381
    -0.705381
     0.881619
     0.881619
     0.881619
    -0.506071
    -0.881135
    -0.881135
    -0.881135
     0.652816
    -0.535778
    -0.535778
    -0.480122
    -0.480122
    -0.703994
     0.325039
     0.325039
     0.552999
     0.552999
     0.552999
     0.701191
     0.701191
     0.701191
     0.417192
     0.417192
      0.47177
      0.47177
    -0.956128
    -0.956128
    -0.956128
    -0.956128
      1.24164
     -0.42378
     -0.42378
     -0.42378
     -0.42378
     0.582452
     0.582452
     0.307611
     0.307611
     0.771591
     0.771591
     0.771591
    -0.474073
      1.46053
    -0.493814
     -0.18144
     -0.18144
     -0.18144
    -0.921905
    -0.921905
    -0.921905
    -0.176625
    -0.176625
     -0.21127
     -0.21127
     -0.21127
     -0.21127
     0.520753
     0.586432
     0.586432
     0.661074
     -0.45237
     -0.45237
     -0.45237
     -0.45237
     -0.47986
     0.537833
     0.442327
      1.13233
      1.13233
      -1.2124
      0.25753
     0.411169
   -0.0457183
   -0.0457183
   -0.0457183
     -1.05007
   0.00920805
     -1.41342
     -1.41342
      0.13847
     -1.24807
    -0.153064
    -0.626282
    -0.626282
    -0.626282
      1.06152
      1.06152
      1.06152
      1.06152
      1.06152
      1.06152
      1.06152
      1.06152
   -0.0916753
   -0.0916753
   -0.0916753
   -0.0916753
    -0.909594
      1.42946
   -0.0871015
   -0.0871015
   -0.0871015
   -0.0871015
     0.293595
     0.293595
     0.293595
     0.293595
     -1.14137
     -1.14137
     -1.14137
    -0.434467
     0.180417
       0.3717
       0.3717
       0.3717
       0.3717
       0.3717
       0.3717
     0.973079
     0.573799
     0.570852
     0.570852
     0.968274
     0.384851
     0.445691
     0.445691
    -0.607022
    -0.607022
    -0.607022
    -0.607022
    -0.607022
     0.341935
     0.341935
   -0.0404833
   -0.0404833
   -0.0404833
    -0.554756
    0.0427134
    0.0427134
     -1.00588
   -0.0899517
   -0.0899517
   -0.0899517
     0.308326
      1.43701
      1.06609
      1.14029
      1.14029
     -1.25059
     0.466157
     0.466157
     0.756595
      1.59978
      1.59978
      1.59978
      1.59978
     0.780548
     0.780548
     0.780548
     0.780548
    -0.232815
     0.560636
     0.560636
     0.560636
     0.560636
      1.08299
      1.08299
    -0.716357
    -0.716357
     0.801726
     0.801726
     -1.50521
     -1.50521
    -0.516066
      1.57714
    -0.459672
    -0.844184
     -1.09064
    -0.477136
      1.20962
     0.654815
     0.654815
    -0.317324
    -0.317324
      1.64088
      1.08072
      1.08072
      1.08072
   -0.0746495
   -0.0746495
   -0.0294481
   -0.0294481
   -0.0294481
      1.05235
      1.05235
      1.05235
      1.18347
      1.18347
      1.18347
     0.224825
     0.224825
     0.224825
    -0.104311
    -0.104311
      1.10142
      1.10142
      1.10142
      1.10142
      1.02729
      1.02729
    -0.802023
    -0.802023
     -1.32531
     -1.32531
     -1.18031
      0.43709
      0.43709
     0.167768
     0.167768
       1.0315
      -1.4381
      -1.4381
     -1.61745
     -1.61745
    -0.400798
    -0.400798
     0.675241
     0.675241
     0.675241
     0.675241
    -0.614225
     -0.64063
     0.798909
     0.798909
     0.798909
     0.798909
     0.798909
   -0.0257935
     -1.05508
   -0.0873213
     -1.03189
     -1.03189
     -1.03189
      -0.6949
    -0.839235
     0.891339
     0.891339
     0.891339
   -0.0287988
   -0.0287988
      0.37153
      0.37153
      0.37153
    -0.948802
     0.615502
    -0.172816
    -0.172816
    -0.172816
     0.925962
     0.925962
     0.925962
     0.925962
     0.925962
    -0.824309
     0.879887
     0.879887
     0.879887
    -0.637889
      1.33836
      1.33836
    -0.660103
    -0.660103
    -0.660103
    -0.660103
    -0.660103
    -0.660103
    -0.660103
    -0.660103
    -0.647603
    -0.647603
    -0.647603
    -0.647603
    -0.647603
    -0.647603
    -0.500203
     -1.02712
     -1.02712
     -1.02712
   -0.0598131
   -0.0598131
    0.0273791
    0.0273791
    0.0273791
    0.0273791
     0.486698
     0.486698
     0.780511
    -0.540208
      1.35468
      1.35468
     0.867433
    -0.884137
     0.814294
     0.814294
     0.814294
     0.814294
     0.814294
      0.26853
      0.26853
      0.26853
    -0.448718
     0.584705
     0.584705
    -0.331083
    -0.331083
    -0.331083
    -0.331083
    -0.904897
    -0.904897
    -0.904897
    -0.904897
    -0.904897
    -0.904897
    -0.904897
    -0.904897
    -0.904897
     0.503822
     0.868779
