#     BLOCK:   ACTUAL_M:     M_AVE:       ERROR:
           1        0.48        0.48           0
           2         0.6        0.54   0.0424264
           3        0.52    0.533333   0.0288033
           4        0.36        0.49   0.0433013
           5         0.4       0.472   0.0381995
           6        0.48    0.473333   0.0318562
           7        0.48    0.474286   0.0273195
           8        0.48       0.475   0.0239139
           9        0.56    0.484444   0.0230464
          10        0.52       0.488   0.0210143
          11        0.36    0.476364   0.0220919
          12        0.36    0.466667   0.0222777
          13         0.4    0.461538    0.021146
          14        0.56    0.468571   0.0207723
          15        0.48    0.469333   0.0194014
          16         0.6      0.4775   0.0198333
          17        0.52        0.48   0.0188235
          18        0.56    0.484444   0.0182949
          19        0.52    0.486316   0.0174275
          20        0.56        0.49   0.0169411
          21        0.56    0.493333    0.016459
          22         0.6    0.498182   0.0164095
          23        0.56     0.50087   0.0159146
          24        0.52    0.501667   0.0152715
          25        0.48      0.5008   0.0146852
          26        0.56    0.503077   0.0142958
          27        0.56    0.505185   0.0139209
          28         0.6    0.508571   0.0138294
          29        0.56    0.510345   0.0134658
          30        0.64    0.514667   0.0136929
          31        0.56    0.516129   0.0133291
          32         0.6     0.51875   0.0131677
          33         0.6    0.521212   0.0129968
          34        0.68    0.525882   0.0134275
          35        0.72    0.531429    0.014143
          36         0.8    0.538889   0.0155941
          37        0.76    0.544865   0.0162775
          38        0.84    0.552632   0.0176048
          39        0.92    0.562051   0.0195114
          40           1       0.573   0.0218809
          41           1    0.583415   0.0236965
          42        0.96    0.592381   0.0247706
          43        0.88     0.59907   0.0250814
          44        0.92    0.606364   0.0255499
          45        0.84    0.611556   0.0255042
          46        0.96     0.61913   0.0260504
          47           1    0.627234   0.0267268
          48           1       0.635    0.027275
          49           1    0.642449   0.0277169
          50           1      0.6496   0.0280699
          51           1    0.656471   0.0283478
          52           1    0.663077   0.0285621
          53           1    0.669434   0.0287219
          54           1    0.675556    0.028835
          55           1    0.681455   0.0289079
          56           1    0.687143   0.0289459
          57           1    0.692632   0.0289538
          58           1    0.697931   0.0289355
          59           1    0.703051   0.0288945
          60           1       0.708   0.0288336
          61        0.92    0.711475   0.0285696
          62         0.8    0.712903   0.0281445
          63        0.84    0.714921     0.02777
          64        0.84    0.716875   0.0274047
          65        0.72    0.716923   0.0269832
          66        0.72     0.71697   0.0265744
          67        0.84    0.718806   0.0262411
          68           1    0.722941    0.026179
          69           1    0.726957   0.0261057
          70           1    0.730857   0.0260226
          71           1    0.734648   0.0259307
          72           1    0.738333   0.0258311
          73           1    0.741918   0.0257247
          74           1    0.745405   0.0256124
          75           1      0.7488   0.0254949
          76           1    0.752105   0.0253728
          77           1    0.755325   0.0252467
          78           1    0.758462   0.0251171
          79           1    0.761519   0.0249846
          80           1      0.7645   0.0248495
          81           1    0.767407   0.0247122
          82           1    0.770244   0.0245731
          83           1    0.773012   0.0244324
          84           1    0.775714   0.0242905
          85           1    0.778353   0.0241477
          86           1     0.78093    0.024004
          87           1    0.783448   0.0238598
          88           1    0.785909   0.0237153
          89           1    0.788315   0.0235705
          90           1    0.790667   0.0234256
          91           1    0.792967   0.0232809
          92           1    0.795217   0.0231363
          93           1    0.797419   0.0229921
          94           1    0.799574   0.0228483
          95           1    0.801684    0.022705
          96           1     0.80375   0.0225622
          97           1    0.805773   0.0224202
          98           1    0.807755   0.0222788
          99           1    0.809697   0.0221383
         100           1      0.8116   0.0219985
         101           1    0.813465   0.0218596
         102           1    0.815294   0.0217217
         103           1    0.817087   0.0215847
         104           1    0.818846   0.0214487
         105           1    0.820571   0.0213137
         106           1    0.822264   0.0211797
         107           1    0.823925   0.0210468
         108           1    0.825556    0.020915
         109           1    0.827156   0.0207843
         110           1    0.828727   0.0206546
         111           1     0.83027   0.0205261
         112           1    0.831786   0.0203987
         113           1    0.833274   0.0202724
         114           1    0.834737   0.0201473
         115           1    0.836174   0.0200233
         116           1    0.837586   0.0199004
         117           1    0.838974   0.0197787
         118           1    0.840339   0.0196581
         119           1    0.841681   0.0195386
         120           1       0.843   0.0194203
         121           1    0.844298   0.0193031
         122           1    0.845574    0.019187
         123           1    0.846829    0.019072
         124           1    0.848065   0.0189582
         125           1     0.84928   0.0188455
         126           1    0.850476   0.0187338
         127           1    0.851654   0.0186233
         128           1    0.852813   0.0185138
         129           1    0.853953   0.0184054
         130           1    0.855077   0.0182981
         131           1    0.856183   0.0181918
         132           1    0.857273   0.0180866
         133           1    0.858346   0.0179824
         134           1    0.859403   0.0178793
         135           1    0.860444   0.0177771
         136           1    0.861471    0.017676
         137           1    0.862482   0.0175759
         138           1    0.863478   0.0174767
         139           1     0.86446   0.0173786
         140           1    0.865429   0.0172814
         141           1    0.866383   0.0171852
         142           1    0.867324   0.0170899
         143           1    0.868252   0.0169955
         144           1    0.869167   0.0169021
         145           1    0.870069   0.0168096
         146           1    0.870959    0.016718
         147           1    0.871837   0.0166273
         148           1    0.872703   0.0165375
         149           1    0.873557   0.0164486
         150           1      0.8744   0.0163605
         151           1    0.875232   0.0162733
         152           1    0.876053   0.0161869
         153           1    0.876863   0.0161014
         154           1    0.877662   0.0160167
         155           1    0.878452   0.0159328
         156           1    0.879231   0.0158497
         157           1        0.88   0.0157674
         158           1    0.880759   0.0156859
         159           1    0.881509   0.0156051
         160           1     0.88225   0.0155252
         161           1    0.882981    0.015446
         162           1    0.883704   0.0153675
         163           1    0.884417   0.0152898
         164           1    0.885122   0.0152128
         165           1    0.885818   0.0151365
         166           1    0.886506   0.0150609
         167           1    0.887186   0.0149861
         168           1    0.887857   0.0149119
         169        0.92    0.888047   0.0148249
         170        0.92    0.888235   0.0147389
         171           1    0.888889   0.0146672
         172           1    0.889535   0.0145961
         173           1    0.890173   0.0145257
         174           1    0.890805   0.0144559
         175           1    0.891429   0.0143868
         176           1    0.892045   0.0143183
         177           1    0.892655   0.0142503
         178           1    0.893258    0.014183
         179           1    0.893855   0.0141163
         180           1    0.894444   0.0140502
         181           1    0.895028   0.0139847
         182           1    0.895604   0.0139197
         183           1    0.896175   0.0138554
         184           1    0.896739   0.0137916
         185           1    0.897297   0.0137283
         186           1    0.897849   0.0136656
         187           1    0.898396   0.0136034
         188           1    0.898936   0.0135418
         189           1    0.899471   0.0134807
         190           1         0.9   0.0134201
         191           1    0.900524   0.0133601
         192           1    0.901042   0.0133005
         193           1    0.901554   0.0132415
         194           1    0.902062    0.013183
         195           1    0.902564   0.0131249
         196           1    0.903061   0.0130674
         197           1    0.903553   0.0130103
         198           1     0.90404   0.0129537
         199           1    0.904523   0.0128976
         200           1       0.905   0.0128419
         201           1    0.905473   0.0127867
         202           1    0.905941    0.012732
         203           1    0.906404   0.0126777
         204           1    0.906863   0.0126239
         205           1    0.907317   0.0125704
         206           1    0.907767   0.0125175
         207           1    0.908213   0.0124649
         208           1    0.908654   0.0124128
         209           1    0.909091   0.0123611
         210           1    0.909524   0.0123098
         211           1    0.909953    0.012259
         212           1    0.910377   0.0122085
         213           1    0.910798   0.0121584
         214           1    0.911215   0.0121087
         215           1    0.911628   0.0120595
         216           1    0.912037   0.0120106
         217           1    0.912442   0.0119621
         218           1    0.912844   0.0119139
         219           1    0.913242   0.0118662
         220           1    0.913636   0.0118188
         221           1    0.914027   0.0117718
         222           1    0.914414   0.0117251
         223           1    0.914798   0.0116788
         224           1    0.915179   0.0116329
         225           1    0.915556   0.0115873
         226           1    0.915929    0.011542
         227           1      0.9163   0.0114971
         228           1    0.916667   0.0114525
         229           1    0.917031   0.0114083
         230           1    0.917391   0.0113644
         231           1    0.917749   0.0113208
         232           1    0.918103   0.0112776
         233           1    0.918455   0.0112347
         234           1    0.918803   0.0111921
         235           1    0.919149   0.0111498
         236           1    0.919492   0.0111078
         237           1    0.919831   0.0110661
         238           1    0.920168   0.0110247
         239           1    0.920502   0.0109837
         240           1    0.920833   0.0109429
         241           1    0.921162   0.0109024
         242           1    0.921488   0.0108622
         243           1    0.921811   0.0108223
         244           1    0.922131   0.0107827
         245           1    0.922449   0.0107434
         246           1    0.922764   0.0107044
         247           1    0.923077   0.0106656
         248           1    0.923387   0.0106271
         249           1    0.923695   0.0105889
         250           1       0.924   0.0105509
         251           1    0.924303   0.0105132
         252           1    0.924603   0.0104758
         253           1    0.924901   0.0104386
         254           1    0.925197   0.0104017
         255           1     0.92549   0.0103651
         256           1    0.925781   0.0103286
         257           1     0.92607   0.0102925
         258           1    0.926357   0.0102566
         259           1    0.926641   0.0102209
         260           1    0.926923   0.0101855
         261           1    0.927203   0.0101503
         262           1    0.927481   0.0101154
         263           1    0.927757   0.0100807
         264           1     0.92803   0.0100462
         265           1    0.928302    0.010012
         266           1    0.928571  0.00997797
         267           1    0.928839  0.00994418
         268           1    0.929104  0.00991062
         269           1    0.929368  0.00987728
         270           1     0.92963  0.00984417
         271           1    0.929889  0.00981126
         272           1    0.930147  0.00977858
         273           1    0.930403  0.00974611
         274           1    0.930657  0.00971385
         275           1    0.930909   0.0096818
         276           1    0.931159  0.00964995
         277           1    0.931408  0.00961831
         278           1    0.931655  0.00958688
         279           1      0.9319  0.00955565
         280           1    0.932143  0.00952462
         281           1    0.932384  0.00949378
         282           1    0.932624  0.00946314
         283           1    0.932862   0.0094327
         284           1    0.933099  0.00940245
         285           1    0.933333  0.00937238
         286           1    0.933566  0.00934251
         287           1    0.933798  0.00931283
         288           1    0.934028  0.00928333
         289           1    0.934256  0.00925401
         290           1    0.934483  0.00922488
         291           1    0.934708  0.00919592
         292           1    0.934932  0.00916715
         293           1    0.935154  0.00913855
         294           1    0.935374  0.00911013
         295           1    0.935593  0.00908188
         296           1    0.935811  0.00905381
         297           1    0.936027   0.0090259
         298           1    0.936242  0.00899816
         299           1    0.936455   0.0089706
         300           1    0.936667   0.0089432
         301           1    0.936877  0.00891596
         302           1    0.937086  0.00888889
         303           1    0.937294  0.00886197
         304           1      0.9375  0.00883522
         305           1    0.937705  0.00880863
         306           1    0.937908   0.0087822
         307           1    0.938111  0.00875592
         308           1    0.938312   0.0087298
         309           1    0.938511  0.00870383
         310           1     0.93871  0.00867801
         311           1    0.938907  0.00865234
         312           1    0.939103  0.00862683
         313           1    0.939297  0.00860146
         314           1     0.93949  0.00857624
         315           1    0.939683  0.00855116
         316           1    0.939873  0.00852623
         317           1    0.940063  0.00850144
         318           1    0.940252   0.0084768
         319           1    0.940439   0.0084523
         320           1    0.940625  0.00842793
         321           1     0.94081  0.00840371
         322           1    0.940994  0.00837962
         323           1    0.941176  0.00835567
         324           1    0.941358  0.00833185
         325           1    0.941538  0.00830817
         326           1    0.941718  0.00828462
         327           1    0.941896   0.0082612
         328           1    0.942073  0.00823791
         329           1    0.942249  0.00821475
         330           1    0.942424  0.00819172
         331           1    0.942598  0.00816882
         332           1    0.942771  0.00814605
         333           1    0.942943   0.0081234
         334           1    0.943114  0.00810087
         335           1    0.943284  0.00807847
         336           1    0.943452  0.00805619
         337           1     0.94362  0.00803403
         338           1    0.943787  0.00801199
         339           1    0.943953  0.00799007
         340           1    0.944118  0.00796827
         341           1    0.944282  0.00794659
         342           1    0.944444  0.00792503
         343           1    0.944606  0.00790358
         344           1    0.944767  0.00788224
         345           1    0.944928  0.00786102
         346           1    0.945087  0.00783991
         347           1    0.945245  0.00781891
         348           1    0.945402  0.00779803
         349           1    0.945559  0.00777725
         350           1    0.945714  0.00775659
         351           1    0.945869  0.00773603
         352           1    0.946023  0.00771558
         353           1    0.946176  0.00769524
         354           1    0.946328    0.007675
         355           1    0.946479  0.00765487
         356           1    0.946629  0.00763485
         357           1    0.946779  0.00761492
         358           1    0.946927  0.00759511
         359           1    0.947075  0.00757539
         360           1    0.947222  0.00755577
         361           1    0.947368  0.00753626
         362           1    0.947514  0.00751684
         363           1    0.947658  0.00749752
         364           1    0.947802   0.0074783
         365           1    0.947945  0.00745918
         366           1    0.948087  0.00744016
         367           1    0.948229  0.00742123
         368           1     0.94837   0.0074024
         369           1    0.948509  0.00738366
         370           1    0.948649  0.00736501
         371           1    0.948787  0.00734646
         372           1    0.948925    0.007328
         373           1    0.949062  0.00730964
         374           1    0.949198  0.00729136
         375           1    0.949333  0.00727318
         376           1    0.949468  0.00725508
         377           1    0.949602  0.00723707
         378           1    0.949735  0.00721916
         379           1    0.949868  0.00720133
         380           1        0.95  0.00718358
         381           1    0.950131  0.00716593
         382           1    0.950262  0.00714836
         383           1    0.950392  0.00713087
         384           1    0.950521  0.00711347
         385           1    0.950649  0.00709616
         386           1    0.950777  0.00707893
         387           1    0.950904  0.00706178
         388           1    0.951031  0.00704471
         389           1    0.951157  0.00702772
         390           1    0.951282  0.00701082
         391           1    0.951407    0.006994
         392           1    0.951531  0.00697725
         393           1    0.951654  0.00696059
         394           1    0.951777    0.006944
         395           1    0.951899   0.0069275
         396           1     0.95202  0.00691107
         397           1    0.952141  0.00689472
         398           1    0.952261  0.00687844
         399           1    0.952381  0.00686224
         400           1      0.9525  0.00684612
         401           1    0.952618  0.00683007
         402           1    0.952736   0.0068141
         403           1    0.952854   0.0067982
         404           1     0.95297  0.00678237
         405           1    0.953086  0.00676662
         406           1    0.953202  0.00675094
         407           1    0.953317  0.00673533
         408           1    0.953431   0.0067198
         409           1    0.953545  0.00670433
         410           1    0.953659  0.00668894
         411           1    0.953771  0.00667361
         412        0.96    0.953786  0.00665743
         413           1    0.953898  0.00664225
         414           1     0.95401  0.00662714
         415           1     0.95412   0.0066121
         416           1    0.954231  0.00659713
         417           1    0.954341  0.00658222
         418           1     0.95445  0.00656738
         419           1    0.954558   0.0065526
         420           1    0.954667  0.00653789
         421           1    0.954774  0.00652325
         422           1    0.954882  0.00650867
         423           1    0.954988  0.00649416
         424           1    0.955094  0.00647971
         425           1      0.9552  0.00646533
         426           1    0.955305  0.00645101
         427           1     0.95541  0.00643675
         428           1    0.955514  0.00642255
         429           1    0.955618  0.00640842
         430           1    0.955721  0.00639435
         431           1    0.955824  0.00638033
         432           1    0.955926  0.00636638
         433           1    0.956028   0.0063525
         434           1    0.956129  0.00633867
         435           1     0.95623   0.0063249
         436           1     0.95633  0.00631119
         437           1     0.95643  0.00629754
         438           1     0.95653  0.00628394
         439           1    0.956629  0.00627041
         440           1    0.956727  0.00625693
         441           1    0.956825  0.00624351
         442           1    0.956923  0.00623015
         443           1     0.95702  0.00621685
         444           1    0.957117   0.0062036
         445           1    0.957213  0.00619041
         446           1    0.957309  0.00617727
         447           1    0.957405  0.00616419
         448           1      0.9575  0.00615116
         449           1    0.957595  0.00613819
         450           1    0.957689  0.00612528
         451           1    0.957783  0.00611241
         452           1    0.957876   0.0060996
         453           1    0.957969  0.00608685
         454           1    0.958062  0.00607414
         455           1    0.958154  0.00606149
         456           1    0.958246  0.00604889
         457           1    0.958337  0.00603635
         458           1    0.958428  0.00602385
         459           1    0.958519  0.00601141
         460           1    0.958609  0.00599902
         461           1    0.958698  0.00598668
         462           1    0.958788  0.00597439
         463           1    0.958877  0.00596215
         464           1    0.958966  0.00594996
         465           1    0.959054  0.00593781
         466           1    0.959142  0.00592572
         467           1    0.959229  0.00591368
         468           1    0.959316  0.00590169
         469           1    0.959403  0.00588974
         470           1    0.959489  0.00587784
         471           1    0.959575  0.00586599
         472           1    0.959661  0.00585419
         473           1    0.959746  0.00584243
         474           1    0.959831  0.00583072
         475           1    0.959916  0.00581906
         476           1        0.96  0.00580745
         477           1    0.960084  0.00579588
         478           1    0.960167  0.00578435
         479           1    0.960251  0.00577287
         480           1    0.960333  0.00576144
         481           1    0.960416  0.00575005
         482           1    0.960498  0.00573871
         483           1     0.96058  0.00572741
         484           1    0.960661  0.00571616
         485           1    0.960742  0.00570495
         486           1    0.960823  0.00569378
         487           1    0.960903  0.00568266
         488           1    0.960984  0.00567158
         489           1    0.961063  0.00566054
         490           1    0.961143  0.00564955
         491           1    0.961222  0.00563859
         492           1    0.961301  0.00562768
         493           1    0.961379  0.00561682
         494           1    0.961457  0.00560599
         495           1    0.961535  0.00559521
         496           1    0.961613  0.00558446
         497           1     0.96169  0.00557376
         498           1    0.961767   0.0055631
         499           1    0.961844  0.00555248
         500           1     0.96192   0.0055419
         501           1    0.961996  0.00553136
         502           1    0.962072  0.00552086
         503           1    0.962147   0.0055104
         504           1    0.962222  0.00549997
         505           1    0.962297  0.00548959
         506           1    0.962372  0.00547925
         507           1    0.962446  0.00546894
         508           1     0.96252  0.00545868
         509           1    0.962593  0.00544845
         510           1    0.962667  0.00543826
         511           1     0.96274  0.00542811
         512           1    0.962812  0.00541799
         513           1    0.962885  0.00540792
         514           1    0.962957  0.00539788
         515           1    0.963029  0.00538788
         516           1    0.963101  0.00537791
         517           1    0.963172  0.00536798
         518           1    0.963243  0.00535809
         519           1    0.963314  0.00534824
         520           1    0.963385  0.00533842
         521           1    0.963455  0.00532863
         522           1    0.963525  0.00531888
         523           1    0.963595  0.00530917
         524           1    0.963664  0.00529949
         525           1    0.963733  0.00528985
         526           1    0.963802  0.00528024
         527           1    0.963871  0.00527067
         528           1    0.963939  0.00526113
         529           1    0.964008  0.00525163
         530           1    0.964075  0.00524216
         531           1    0.964143  0.00523272
         532           1    0.964211  0.00522332
         533           1    0.964278  0.00521395
         534           1    0.964345  0.00520462
         535           1    0.964411  0.00519532
         536           1    0.964478  0.00518605
         537           1    0.964544  0.00517681
         538           1     0.96461  0.00516761
         539           1    0.964675  0.00515844
         540           1    0.964741   0.0051493
         541           1    0.964806   0.0051402
         542           1    0.964871  0.00513112
         543           1    0.964936  0.00512208
         544        0.92    0.964853  0.00511333
         545         0.8     0.96455  0.00511289
         546         0.8    0.964249   0.0051124
         547        0.76    0.963876  0.00511667
         548        0.64    0.963285  0.00514135
         549         0.8    0.962987  0.00514058
         550        0.64      0.9624  0.00516467
         551        0.76    0.962033  0.00516834
         552        0.88    0.961884  0.00516112
         553           1    0.961953  0.00515224
         554           1    0.962022   0.0051434
         555           1     0.96209  0.00513459
         556           1    0.962158  0.00512581
         557           1    0.962226  0.00511706
         558           1    0.962294  0.00510833
         559           1    0.962361  0.00509964
         560           1    0.962429  0.00509098
         561           1    0.962496  0.00508234
         562           1    0.962562  0.00507374
         563           1    0.962629  0.00506516
         564           1    0.962695  0.00505661
         565           1    0.962761  0.00504809
         566           1    0.962827   0.0050396
         567           1    0.962892  0.00503114
         568           1    0.962958  0.00502271
         569           1    0.963023   0.0050143
         570           1    0.963088  0.00500593
         571           1    0.963152  0.00499758
         572           1    0.963217  0.00498925
         573           1    0.963281  0.00498096
         574           1    0.963345  0.00497269
         575           1    0.963409  0.00496445
         576           1    0.963472  0.00495624
         577           1    0.963536  0.00494806
         578           1    0.963599   0.0049399
         579           1    0.963661  0.00493177
         580           1    0.963724  0.00492366
         581           1    0.963787  0.00491558
         582           1    0.963849  0.00490753
         583           1    0.963911   0.0048995
         584           1    0.963973   0.0048915
         585           1    0.964034  0.00488353
         586           1    0.964096  0.00487558
         587           1    0.964157  0.00486766
         588           1    0.964218  0.00485976
         589           1    0.964278  0.00485189
         590           1    0.964339  0.00484405
         591           1    0.964399  0.00483623
         592           1    0.964459  0.00482843
         593           1    0.964519  0.00482066
         594           1    0.964579  0.00481291
         595           1    0.964639  0.00480519
         596           1    0.964698   0.0047975
         597           1    0.964757  0.00478983
         598           1    0.964816  0.00478218
         599           1    0.964875  0.00477456
         600           1    0.964933  0.00476696
         601           1    0.964992  0.00475938
         602           1     0.96505  0.00475183
         603           1    0.965108  0.00474431
         604           1    0.965166   0.0047368
         605           1    0.965223  0.00472932
         606           1    0.965281  0.00472187
         607           1    0.965338  0.00471443
         608           1    0.965395  0.00470702
         609           1    0.965452  0.00469964
         610           1    0.965508  0.00469228
         611           1    0.965565  0.00468494
         612           1    0.965621  0.00467762
         613           1    0.965677  0.00467032
         614           1    0.965733  0.00466305
         615           1    0.965789   0.0046558
         616           1    0.965844  0.00464858
         617           1      0.9659  0.00464137
         618           1    0.965955  0.00463419
         619           1     0.96601  0.00462703
         620           1    0.966065  0.00461989
         621           1    0.966119  0.00461277
         622           1    0.966174  0.00460568
         623           1    0.966228  0.00459861
         624           1    0.966282  0.00459156
         625           1    0.966336  0.00458453
         626           1     0.96639  0.00457752
         627           1    0.966443  0.00457053
         628           1    0.966497  0.00456357
         629           1     0.96655  0.00455662
         630           1    0.966603   0.0045497
         631           1    0.966656   0.0045428
         632           1    0.966709  0.00453591
         633           1    0.966761  0.00452905
         634           1    0.966814  0.00452221
         635           1    0.966866  0.00451539
         636           1    0.966918  0.00450859
         637           1     0.96697  0.00450182
         638           1    0.967022  0.00449506
         639           1    0.967074  0.00448832
         640           1    0.967125   0.0044816
         641           1    0.967176   0.0044749
         642           1    0.967227  0.00446822
         643           1    0.967278  0.00446157
         644           1    0.967329  0.00445493
         645           1     0.96738  0.00444831
         646           1     0.96743  0.00444171
         647           1    0.967481  0.00443513
         648           1    0.967531  0.00442857
         649           1    0.967581  0.00442203
         650           1    0.967631  0.00441551
         651           1     0.96768    0.004409
         652           1     0.96773  0.00440252
         653           1    0.967779  0.00439605
         654           1    0.967829  0.00438961
         655           1    0.967878  0.00438318
         656           1    0.967927  0.00437677
         657           1    0.967976  0.00437038
         658           1    0.968024  0.00436401
         659           1    0.968073  0.00435766
         660           1    0.968121  0.00435133
         661        0.92    0.968048  0.00434535
         662        0.92    0.967976   0.0043394
         663           1    0.968024  0.00433312
         664           1    0.968072  0.00432686
         665           1     0.96812  0.00432062
         666           1    0.968168   0.0043144
         667           1    0.968216  0.00430819
         668           1    0.968263  0.00430201
         669           1    0.968311  0.00429584
         670           1    0.968358  0.00428969
         671           1    0.968405  0.00428355
         672           1    0.968452  0.00427744
         673           1    0.968499  0.00427134
         674           1    0.968546  0.00426526
         675           1    0.968593  0.00425919
         676           1    0.968639  0.00425314
         677           1    0.968685  0.00424711
         678           1    0.968732   0.0042411
         679           1    0.968778  0.00423511
         680           1    0.968824  0.00422913
         681           1    0.968869  0.00422316
         682           1    0.968915  0.00421722
         683           1     0.96896  0.00421129
         684           1    0.969006  0.00420538
         685        0.96    0.968993  0.00419926
         686           1    0.969038  0.00419338
         687           1    0.969083  0.00418752
         688           1    0.969128  0.00418167
         689           1    0.969173  0.00417584
         690           1    0.969217  0.00417003
         691           1    0.969262  0.00416423
         692           1    0.969306  0.00415845
         693           1    0.969351  0.00415269
         694           1    0.969395  0.00414694
         695           1    0.969439  0.00414121
         696           1    0.969483  0.00413549
         697           1    0.969527  0.00412979
         698           1     0.96957   0.0041241
         699           1    0.969614  0.00411843
         700           1    0.969657  0.00411278
         701           1      0.9697  0.00410714
         702           1    0.969744  0.00410151
         703           1    0.969787  0.00409591
         704           1     0.96983  0.00409031
         705           1    0.969872  0.00408473
         706           1    0.969915  0.00407917
         707           1    0.969958  0.00407362
         708           1        0.97  0.00406809
         709           1    0.970042  0.00406257
         710           1    0.970085  0.00405707
         711           1    0.970127  0.00405158
         712        0.96    0.970112  0.00404592
         713        0.96    0.970098  0.00404027
         714           1     0.97014  0.00403483
         715           1    0.970182   0.0040294
         716           1    0.970223  0.00402399
         717           1    0.970265  0.00401859
         718           1    0.970306   0.0040132
         719           1    0.970348  0.00400784
         720           1    0.970389  0.00400248
         721           1     0.97043  0.00399714
         722           1    0.970471  0.00399181
         723           1    0.970512   0.0039865
         724           1    0.970552   0.0039812
         725           1    0.970593  0.00397592
         726           1    0.970634  0.00397065
         727           1    0.970674  0.00396539
         728           1    0.970714  0.00396015
         729           1    0.970754  0.00395492
         730           1    0.970795  0.00394971
         731           1    0.970834  0.00394451
         732           1    0.970874  0.00393932
         733           1    0.970914  0.00393414
         734           1    0.970954  0.00392898
         735           1    0.970993  0.00392384
         736           1    0.971033   0.0039187
         737           1    0.971072  0.00391358
         738           1    0.971111  0.00390848
         739           1     0.97115  0.00390338
         740           1    0.971189   0.0038983
         741           1    0.971228  0.00389324
         742           1    0.971267  0.00388818
         743           1    0.971306  0.00388314
         744           1    0.971344  0.00387811
         745           1    0.971383   0.0038731
         746           1    0.971421   0.0038681
         747           1    0.971459  0.00386311
         748           1    0.971497  0.00385813
         749           1    0.971535  0.00385317
         750           1    0.971573  0.00384822
         751           1    0.971611  0.00384328
         752           1    0.971649  0.00383836
         753           1    0.971687  0.00383344
         754           1    0.971724  0.00382854
         755           1    0.971762  0.00382365
         756           1    0.971799  0.00381878
         757           1    0.971836  0.00381392
         758           1    0.971873  0.00380907
         759           1     0.97191  0.00380423
         760           1    0.971947   0.0037994
         761           1    0.971984  0.00379459
         762           1    0.972021  0.00378979
         763           1    0.972058    0.003785
         764           1    0.972094  0.00378022
         765           1    0.972131  0.00377545
         766        0.96    0.972115  0.00377056
         767           1    0.972151  0.00376582
         768           1    0.972187  0.00376109
         769           1    0.972224  0.00375637
         770           1     0.97226  0.00375167
         771           1    0.972296  0.00374697
         772           1    0.972332  0.00374229
         773           1    0.972367  0.00373762
         774           1    0.972403  0.00373296
         775           1    0.972439  0.00372832
         776           1    0.972474  0.00372368
         777           1     0.97251  0.00371906
         778           1    0.972545  0.00371444
         779           1     0.97258  0.00370984
         780           1    0.972615  0.00370525
         781           1     0.97265  0.00370068
         782           1    0.972685  0.00369611
         783           1     0.97272  0.00369155
         784           1    0.972755  0.00368701
         785           1     0.97279  0.00368247
         786           1    0.972824  0.00367795
         787           1    0.972859  0.00367344
         788           1    0.972893  0.00366894
         789        0.96    0.972877  0.00366433
         790        0.96    0.972861  0.00365972
         791           1    0.972895  0.00365526
         792           1    0.972929   0.0036508
         793           1    0.972963  0.00364636
         794           1    0.972997  0.00364193
         795           1    0.973031   0.0036375
         796           1    0.973065  0.00363309
         797           1    0.973099  0.00362869
         798           1    0.973133   0.0036243
         799           1    0.973166  0.00361992
         800           1      0.9732  0.00361555
         801           1    0.973233  0.00361119
         802           1    0.973267  0.00360684
         803           1      0.9733   0.0036025
         804           1    0.973333  0.00359818
         805           1    0.973366  0.00359386
         806           1      0.9734  0.00358955
         807           1    0.973432  0.00358526
         808           1    0.973465  0.00358097
         809           1    0.973498  0.00357669
         810           1    0.973531  0.00357243
         811           1    0.973564  0.00356817
         812           1    0.973596  0.00356393
         813           1    0.973629  0.00355969
         814           1    0.973661  0.00355546
         815           1    0.973693  0.00355125
         816           1    0.973725  0.00354704
         817           1    0.973758  0.00354285
         818           1     0.97379  0.00353866
         819           1    0.973822  0.00353448
         820           1    0.973854  0.00353032
         821           1    0.973886  0.00352616
         822           1    0.973917  0.00352202
         823           1    0.973949  0.00351788
         824           1    0.973981  0.00351375
         825           1    0.974012  0.00350963
         826           1    0.974044  0.00350553
         827           1    0.974075  0.00350143
         828           1    0.974106  0.00349734
         829           1    0.974138  0.00349326
         830           1    0.974169  0.00348919
         831           1      0.9742  0.00348513
         832           1    0.974231  0.00348108
         833           1    0.974262  0.00347704
         834           1    0.974293  0.00347301
         835           1    0.974323  0.00346898
         836           1    0.974354  0.00346497
         837           1    0.974385  0.00346096
         838           1    0.974415  0.00345697
         839           1    0.974446  0.00345298
         840           1    0.974476  0.00344901
         841           1    0.974507  0.00344504
         842           1    0.974537  0.00344108
         843           1    0.974567  0.00343713
         844           1    0.974597  0.00343319
         845           1    0.974627  0.00342926
         846           1    0.974657  0.00342534
         847           1    0.974687  0.00342142
         848           1    0.974717  0.00341752
         849           1    0.974747  0.00341362
         850           1    0.974776  0.00340974
         851           1    0.974806  0.00340586
         852           1    0.974836  0.00340199
         853           1    0.974865  0.00339813
         854           1    0.974895  0.00339428
         855           1    0.974924  0.00339044
         856           1    0.974953   0.0033866
         857           1    0.974982  0.00338278
         858           1    0.975012  0.00337896
         859           1    0.975041  0.00337515
         860           1     0.97507  0.00337135
         861           1    0.975099  0.00336756
         862           1    0.975128  0.00336378
         863           1    0.975156     0.00336
         864           1    0.975185  0.00335624
         865           1    0.975214  0.00335248
         866           1    0.975242  0.00334873
         867           1    0.975271  0.00334499
         868           1      0.9753  0.00334126
         869           1    0.975328  0.00333753
         870           1    0.975356  0.00333382
         871           1    0.975385  0.00333011
         872           1    0.975413  0.00332641
         873           1    0.975441  0.00332272
         874           1    0.975469  0.00331904
         875           1    0.975497  0.00331536
         876           1    0.975525  0.00331169
         877           1    0.975553  0.00330804
         878           1    0.975581  0.00330439
         879           1    0.975609  0.00330074
         880           1    0.975636  0.00329711
         881           1    0.975664  0.00329348
         882           1    0.975692  0.00328986
         883           1    0.975719  0.00328625
         884           1    0.975747  0.00328265
         885           1    0.975774  0.00327906
         886           1    0.975801  0.00327547
         887           1    0.975829  0.00327189
         888           1    0.975856  0.00326832
         889           1    0.975883  0.00326475
         890           1     0.97591   0.0032612
         891           1    0.975937  0.00325765
         892           1    0.975964  0.00325411
         893           1    0.975991  0.00325058
         894           1    0.976018  0.00324705
         895           1    0.976045  0.00324353
         896           1    0.976071  0.00324003
         897           1    0.976098  0.00323652
         898           1    0.976125  0.00323303
         899           1    0.976151  0.00322954
         900           1    0.976178  0.00322606
         901           1    0.976204  0.00322259
         902           1    0.976231  0.00321912
         903           1    0.976257  0.00321567
         904           1    0.976283  0.00321222
         905           1    0.976309  0.00320877
         906           1    0.976336  0.00320534
         907           1    0.976362  0.00320191
         908           1    0.976388  0.00319849
         909           1    0.976414  0.00319508
         910           1     0.97644  0.00319167
         911           1    0.976465  0.00318827
         912           1    0.976491  0.00318488
         913           1    0.976517   0.0031815
         914           1    0.976543  0.00317812
         915           1    0.976568  0.00317475
         916           1    0.976594  0.00317139
         917           1    0.976619  0.00316803
         918           1    0.976645  0.00316468
         919           1     0.97667  0.00316134
         920           1    0.976696  0.00315801
         921           1    0.976721  0.00315468
         922           1    0.976746  0.00315136
         923           1    0.976771  0.00314805
         924           1    0.976797  0.00314474
         925           1    0.976822  0.00314144
         926           1    0.976847  0.00313815
         927           1    0.976872  0.00313486
         928           1    0.976897  0.00313158
         929           1    0.976921  0.00312831
         930           1    0.976946  0.00312504
         931           1    0.976971  0.00312179
         932           1    0.976996  0.00311853
         933           1     0.97702  0.00311529
         934           1    0.977045  0.00311205
         935           1     0.97707  0.00310882
         936           1    0.977094  0.00310559
         937           1    0.977118  0.00310238
         938           1    0.977143  0.00309916
         939           1    0.977167  0.00309596
         940           1    0.977191  0.00309276
         941           1    0.977216  0.00308957
         942           1     0.97724  0.00308638
         943           1    0.977264  0.00308321
         944           1    0.977288  0.00308003
         945           1    0.977312  0.00307687
         946           1    0.977336  0.00307371
         947           1     0.97736  0.00307056
         948           1    0.977384  0.00306741
         949           1    0.977408  0.00306427
         950           1    0.977432  0.00306114
         951           1    0.977455  0.00305801
         952           1    0.977479  0.00305489
         953           1    0.977503  0.00305178
         954           1    0.977526  0.00304867
         955           1     0.97755  0.00304557
         956           1    0.977573  0.00304247
         957           1    0.977597  0.00303938
         958           1     0.97762   0.0030363
         959           1    0.977643  0.00303322
         960           1    0.977667  0.00303015
         961           1     0.97769  0.00302709
         962           1    0.977713  0.00302403
         963           1    0.977736  0.00302098
         964           1    0.977759  0.00301793
         965           1    0.977782  0.00301489
         966           1    0.977805  0.00301186
         967           1    0.977828  0.00300883
         968           1    0.977851  0.00300581
         969           1    0.977874   0.0030028
         970           1    0.977897  0.00299979
         971           1     0.97792  0.00299679
         972           1    0.977942  0.00299379
         973           1    0.977965   0.0029908
         974           1    0.977988  0.00298781
         975           1     0.97801  0.00298483
         976           1    0.978033  0.00298186
         977           1    0.978055  0.00297889
         978           1    0.978078  0.00297593
         979           1      0.9781  0.00297298
         980           1    0.978122  0.00297003
         981           1    0.978145  0.00296708
         982           1    0.978167  0.00296414
         983           1    0.978189  0.00296121
         984           1    0.978211  0.00295829
         985           1    0.978234  0.00295537
         986           1    0.978256  0.00295245
         987           1    0.978278  0.00294954
         988           1      0.9783  0.00294664
         989           1    0.978322  0.00294374
         990           1    0.978343  0.00294085
         991           1    0.978365  0.00293796
         992           1    0.978387  0.00293508
         993           1    0.978409  0.00293221
         994           1    0.978431  0.00292934
         995           1    0.978452  0.00292647
         996           1    0.978474  0.00292361
         997           1    0.978495  0.00292076
         998           1    0.978517  0.00291792
         999           1    0.978539  0.00291507
        1000           1     0.97856  0.00291224
        1001           1    0.978581  0.00290941
        1002           1    0.978603  0.00290658
        1003           1    0.978624  0.00290376
        1004           1    0.978645  0.00290095
        1005           1    0.978667  0.00289814
        1006           1    0.978688  0.00289534
        1007           1    0.978709  0.00289254
        1008           1     0.97873  0.00288975
        1009           1    0.978751  0.00288696
        1010           1    0.978772  0.00288418
        1011           1    0.978793   0.0028814
        1012           1    0.978814  0.00287863
        1013           1    0.978835  0.00287586
        1014           1    0.978856   0.0028731
        1015           1    0.978877  0.00287035
        1016           1    0.978898   0.0028676
        1017           1    0.978918  0.00286485
        1018           1    0.978939  0.00286211
        1019           1     0.97896  0.00285938
        1020           1     0.97898  0.00285665
        1021           1    0.979001  0.00285393
        1022           1    0.979022  0.00285121
        1023           1    0.979042   0.0028485
        1024           1    0.979062  0.00284579
        1025           1    0.979083  0.00284308
        1026           1    0.979103  0.00284039
        1027           1    0.979124  0.00283769
        1028           1    0.979144  0.00283501
        1029           1    0.979164  0.00283232
        1030           1    0.979184  0.00282965
        1031           1    0.979205  0.00282697
        1032           1    0.979225  0.00282431
        1033           1    0.979245  0.00282164
        1034           1    0.979265  0.00281899
        1035           1    0.979285  0.00281633
        1036           1    0.979305  0.00281369
        1037           1    0.979325  0.00281104
        1038           1    0.979345  0.00280841
        1039           1    0.979365  0.00280577
        1040           1    0.979385  0.00280315
        1041           1    0.979404  0.00280052
        1042           1    0.979424   0.0027979
        1043           1    0.979444  0.00279529
        1044           1    0.979464  0.00279268
        1045           1    0.979483  0.00279008
        1046           1    0.979503  0.00278748
        1047           1    0.979522  0.00278489
        1048           1    0.979542   0.0027823
        1049           1    0.979561  0.00277972
        1050           1    0.979581  0.00277714
        1051           1      0.9796  0.00277456
        1052           1     0.97962  0.00277199
        1053           1    0.979639  0.00276943
        1054           1    0.979658  0.00276687
        1055           1    0.979678  0.00276431
        1056           1    0.979697  0.00276176
        1057           1    0.979716  0.00275921
        1058           1    0.979735  0.00275667
        1059           1    0.979754  0.00275414
        1060           1    0.979774   0.0027516
        1061           1    0.979793  0.00274908
        1062           1    0.979812  0.00274655
        1063           1    0.979831  0.00274404
        1064           1     0.97985  0.00274152
        1065           1    0.979869  0.00273901
        1066           1    0.979887  0.00273651
        1067           1    0.979906  0.00273401
        1068           1    0.979925  0.00273151
        1069           1    0.979944  0.00272902
        1070           1    0.979963  0.00272654
        1071           1    0.979981  0.00272406
        1072           1        0.98  0.00272158
        1073           1    0.980019  0.00271911
        1074        0.92    0.979963  0.00271715
        1075           1    0.979981  0.00271469
        1076           1        0.98  0.00271223
        1077           1    0.980019  0.00270977
        1078           1    0.980037  0.00270732
        1079           1    0.980056  0.00270488
        1080           1    0.980074  0.00270243
        1081           1    0.980093      0.0027
        1082           1    0.980111  0.00269756
        1083           1    0.980129  0.00269514
        1084           1    0.980148  0.00269271
        1085           1    0.980166  0.00269029
        1086           1    0.980184  0.00268788
        1087           1    0.980202  0.00268547
        1088           1    0.980221  0.00268306
        1089           1    0.980239  0.00268066
        1090           1    0.980257  0.00267826
        1091           1    0.980275  0.00267587
        1092           1    0.980293  0.00267348
        1093           1    0.980311  0.00267109
        1094           1    0.980329  0.00266871
        1095           1    0.980347  0.00266633
        1096           1    0.980365  0.00266396
        1097           1    0.980383  0.00266159
        1098           1    0.980401  0.00265923
        1099           1    0.980419  0.00265687
        1100           1    0.980436  0.00265451
        1101           1    0.980454  0.00265216
        1102           1    0.980472  0.00264981
        1103           1     0.98049  0.00264747
        1104           1    0.980507  0.00264513
        1105           1    0.980525   0.0026428
        1106           1    0.980542  0.00264047
        1107           1     0.98056  0.00263814
        1108           1    0.980578  0.00263582
        1109           1    0.980595   0.0026335
        1110           1    0.980613  0.00263118
        1111           1     0.98063  0.00262887
        1112           1    0.980647  0.00262657
        1113           1    0.980665  0.00262426
        1114           1    0.980682  0.00262197
        1115           1      0.9807  0.00261967
        1116           1    0.980717  0.00261738
        1117           1    0.980734  0.00261509
        1118           1    0.980751  0.00261281
        1119           1    0.980769  0.00261053
        1120           1    0.980786  0.00260826
        1121           1    0.980803  0.00260599
        1122           1     0.98082  0.00260372
        1123           1    0.980837  0.00260146
        1124           1    0.980854   0.0025992
        1125           1    0.980871  0.00259695
        1126           1    0.980888   0.0025947
        1127           1    0.980905  0.00259245
        1128           1    0.980922  0.00259021
        1129           1    0.980939  0.00258797
        1130           1    0.980956  0.00258573
        1131           1    0.980973   0.0025835
        1132           1    0.980989  0.00258127
        1133           1    0.981006  0.00257905
        1134           1    0.981023  0.00257683
        1135           1     0.98104  0.00257461
        1136           1    0.981056   0.0025724
        1137           1    0.981073  0.00257019
        1138           1     0.98109  0.00256799
        1139           1    0.981106  0.00256579
        1140           1    0.981123  0.00256359
        1141           1    0.981139   0.0025614
        1142           1    0.981156  0.00255921
        1143           1    0.981172  0.00255702
        1144           1    0.981189  0.00255484
        1145           1    0.981205  0.00255266
        1146           1    0.981222  0.00255049
        1147        0.92    0.981168  0.00254882
        1148        0.92    0.981115  0.00254716
        1149           1    0.981131  0.00254499
        1150           1    0.981148  0.00254283
        1151           1    0.981164  0.00254068
        1152           1    0.981181  0.00253852
        1153           1    0.981197  0.00253637
        1154           1    0.981213  0.00253423
        1155           1    0.981229  0.00253209
        1156           1    0.981246  0.00252995
        1157           1    0.981262  0.00252781
        1158           1    0.981278  0.00252568
        1159           1    0.981294  0.00252356
        1160           1     0.98131  0.00252143
        1161           1    0.981326  0.00251931
        1162           1    0.981343  0.00251719
        1163           1    0.981359  0.00251508
        1164           1    0.981375  0.00251297
        1165           1    0.981391  0.00251086
        1166           1    0.981407  0.00250876
        1167           1    0.981422  0.00250666
        1168           1    0.981438  0.00250457
        1169           1    0.981454  0.00250248
        1170           1     0.98147  0.00250039
        1171           1    0.981486   0.0024983
        1172           1    0.981502  0.00249622
        1173           1    0.981517  0.00249414
        1174           1    0.981533  0.00249207
        1175           1    0.981549     0.00249
        1176           1    0.981565  0.00248793
        1177           1     0.98158  0.00248586
        1178           1    0.981596   0.0024838
        1179           1    0.981612  0.00248174
        1180           1    0.981627  0.00247969
        1181           1    0.981643  0.00247764
        1182           1    0.981658  0.00247559
        1183           1    0.981674  0.00247355
        1184           1    0.981689  0.00247151
        1185           1    0.981705  0.00246947
        1186           1     0.98172  0.00246744
        1187           1    0.981735   0.0024654
        1188           1    0.981751  0.00246338
        1189           1    0.981766  0.00246135
        1190           1    0.981782  0.00245933
        1191           1    0.981797  0.00245732
        1192           1    0.981812   0.0024553
        1193           1    0.981827  0.00245329
        1194           1    0.981843  0.00245128
        1195           1    0.981858  0.00244928
        1196           1    0.981873  0.00244728
        1197           1    0.981888  0.00244528
        1198           1    0.981903  0.00244329
        1199           1    0.981918  0.00244129
        1200           1    0.981933  0.00243931
        1201           1    0.981948  0.00243732
        1202           1    0.981963  0.00243534
        1203           1    0.981978  0.00243336
        1204           1    0.981993  0.00243139
        1205           1    0.982008  0.00242942
        1206           1    0.982023  0.00242745
        1207           1    0.982038  0.00242548
        1208           1    0.982053  0.00242352
        1209           1    0.982068  0.00242156
        1210           1    0.982083   0.0024196
        1211           1    0.982097  0.00241765
        1212           1    0.982112   0.0024157
        1213           1    0.982127  0.00241376
        1214           1    0.982142  0.00241181
        1215           1    0.982156  0.00240987
        1216           1    0.982171  0.00240793
        1217           1    0.982186    0.002406
        1218           1      0.9822  0.00240407
        1219           1    0.982215  0.00240214
        1220           1     0.98223  0.00240022
        1221           1    0.982244   0.0023983
        1222           1    0.982259  0.00239638
        1223           1    0.982273  0.00239446
        1224           1    0.982288  0.00239255
        1225           1    0.982302  0.00239064
        1226           1    0.982316  0.00238873
        1227           1    0.982331  0.00238683
        1228           1    0.982345  0.00238493
        1229           1     0.98236  0.00238303
        1230           1    0.982374  0.00238114
        1231           1    0.982388  0.00237925
        1232           1    0.982403  0.00237736
        1233           1    0.982417  0.00237547
        1234           1    0.982431  0.00237359
        1235           1    0.982445  0.00237171
        1236           1     0.98246  0.00236984
        1237           1    0.982474  0.00236796
        1238           1    0.982488  0.00236609
        1239           1    0.982502  0.00236422
        1240           1    0.982516  0.00236236
        1241        0.88    0.982434   0.0023619
        1242           1    0.982448  0.00236004
        1243           1    0.982462  0.00235818
        1244           1    0.982476  0.00235633
        1245           1     0.98249  0.00235448
        1246           1    0.982504  0.00235263
        1247           1    0.982518  0.00235079
        1248           1    0.982532  0.00234895
        1249           1    0.982546  0.00234711
        1250           1     0.98256  0.00234527
        1251           1    0.982574  0.00234344
        1252           1    0.982588  0.00234161
        1253           1    0.982602  0.00233978
        1254           1    0.982616  0.00233795
        1255           1    0.982629  0.00233613
        1256           1    0.982643  0.00233431
        1257        0.96    0.982625  0.00233253
        1258        0.92    0.982576   0.0023312
        1259           1    0.982589  0.00232939
        1260           1    0.982603  0.00232758
        1261           1    0.982617  0.00232578
        1262           1    0.982631  0.00232398
        1263           1    0.982644  0.00232218
        1264           1    0.982658  0.00232038
        1265           1    0.982672  0.00231859
        1266           1    0.982686   0.0023168
        1267           1    0.982699  0.00231501
        1268           1    0.982713  0.00231322
        1269           1    0.982727  0.00231144
        1270           1     0.98274  0.00230966
        1271           1    0.982754  0.00230788
        1272           1    0.982767  0.00230611
        1273           1    0.982781  0.00230434
        1274           1    0.982794  0.00230257
        1275           1    0.982808   0.0023008
        1276           1    0.982821  0.00229904
        1277           1    0.982835  0.00229728
        1278           1    0.982848  0.00229552
        1279           1    0.982862  0.00229376
        1280           1    0.982875  0.00229201
        1281           1    0.982888  0.00229026
        1282           1    0.982902  0.00228851
        1283           1    0.982915  0.00228677
        1284           1    0.982928  0.00228502
        1285           1    0.982942  0.00228329
        1286           1    0.982955  0.00228155
        1287           1    0.982968  0.00227981
        1288           1    0.982981  0.00227808
        1289           1    0.982995  0.00227635
        1290           1    0.983008  0.00227463
        1291           1    0.983021   0.0022729
        1292           1    0.983034  0.00227118
        1293           1    0.983047  0.00226946
        1294           1     0.98306  0.00226775
        1295           1    0.983073  0.00226603
        1296           1    0.983086  0.00226432
        1297           1    0.983099  0.00226261
        1298           1    0.983112  0.00226091
        1299           1    0.983125  0.00225921
        1300           1    0.983138   0.0022575
        1301           1    0.983151  0.00225581
        1302           1    0.983164  0.00225411
        1303           1    0.983177  0.00225242
        1304           1     0.98319  0.00225073
        1305           1    0.983203  0.00224904
        1306           1    0.983216  0.00224736
        1307           1    0.983229  0.00224567
        1308           1    0.983242  0.00224399
        1309        0.92    0.983193   0.0022428
        1310        0.96    0.983176  0.00224116
        1311        0.84    0.983066  0.00224211
        1312        0.88    0.982988  0.00224177
        1313        0.92     0.98294  0.00224058
        1314         0.8    0.982801  0.00224319
        1315           1    0.982814  0.00224153
        1316           1    0.982827  0.00223986
        1317           1     0.98284   0.0022382
        1318           1    0.982853  0.00223654
        1319           1    0.982866  0.00223488
        1320           1    0.982879  0.00223322
        1321           1    0.982892  0.00223157
        1322           1    0.982905  0.00222992
        1323           1    0.982918  0.00222827
        1324           1    0.982931  0.00222663
        1325           1    0.982943  0.00222498
        1326           1    0.982956  0.00222334
        1327           1    0.982969  0.00222171
        1328           1    0.982982  0.00222007
        1329           1    0.982995  0.00221844
        1330           1    0.983008   0.0022168
        1331           1     0.98302  0.00221518
        1332           1    0.983033  0.00221355
        1333           1    0.983046  0.00221193
        1334           1    0.983058   0.0022103
        1335           1    0.983071  0.00220868
        1336           1    0.983084  0.00220707
        1337           1    0.983096  0.00220545
        1338           1    0.983109  0.00220384
        1339           1    0.983122  0.00220223
        1340           1    0.983134  0.00220062
        1341           1    0.983147  0.00219902
        1342           1    0.983159  0.00219742
        1343           1    0.983172  0.00219582
        1344           1    0.983185  0.00219422
        1345           1    0.983197  0.00219262
        1346           1     0.98321  0.00219103
        1347           1    0.983222  0.00218944
        1348           1    0.983234  0.00218785
        1349           1    0.983247  0.00218626
        1350           1    0.983259  0.00218468
        1351           1    0.983272   0.0021831
        1352           1    0.983284  0.00218152
        1353           1    0.983296  0.00217994
        1354           1    0.983309  0.00217836
        1355           1    0.983321  0.00217679
        1356           1    0.983333  0.00217522
        1357        0.88    0.983257  0.00217495
        1358        0.96     0.98324  0.00217342
        1359        0.96    0.983223  0.00217188
        1360           1    0.983235  0.00217032
        1361           1    0.983248  0.00216876
        1362           1     0.98326   0.0021672
        1363           1    0.983272  0.00216565
        1364           1    0.983284   0.0021641
        1365           1    0.983297  0.00216255
        1366           1    0.983309    0.002161
        1367           1    0.983321  0.00215945
        1368           1    0.983333  0.00215791
        1369           1    0.983346  0.00215636
        1370           1    0.983358  0.00215482
        1371           1     0.98337  0.00215329
        1372           1    0.983382  0.00215175
        1373           1    0.983394  0.00215022
        1374           1    0.983406  0.00214869
        1375           1    0.983418  0.00214716
        1376           1     0.98343  0.00214563
        1377           1    0.983442  0.00214411
        1378           1    0.983454  0.00214259
        1379           1    0.983466  0.00214107
        1380           1    0.983478  0.00213955
        1381           1     0.98349  0.00213803
        1382           1    0.983502  0.00213652
        1383           1    0.983514  0.00213501
        1384           1    0.983526   0.0021335
        1385           1    0.983538  0.00213199
        1386           1     0.98355  0.00213048
        1387           1    0.983562  0.00212898
        1388           1    0.983573  0.00212748
        1389           1    0.983585  0.00212598
        1390           1    0.983597  0.00212449
        1391           1    0.983609  0.00212299
        1392        0.88    0.983534  0.00212277
        1393        0.88     0.98346  0.00212255
        1394        0.84    0.983357  0.00212352
        1395         0.8    0.983226  0.00212606
        1396         0.8    0.983095  0.00212858
        1397        0.96    0.983078  0.00212712
        1398           1     0.98309  0.00212564
        1399           1    0.983102  0.00212415
        1400           1    0.983114  0.00212267
        1401           1    0.983126  0.00212119
        1402           1    0.983138  0.00211971
        1403           1     0.98315  0.00211823
        1404           1    0.983162  0.00211676
        1405           1    0.983174  0.00211529
        1406           1    0.983186  0.00211381
        1407           1    0.983198  0.00211235
        1408           1     0.98321  0.00211088
        1409           1    0.983222  0.00210942
        1410           1    0.983234  0.00210795
        1411           1    0.983246  0.00210649
        1412           1    0.983258  0.00210503
        1413           1     0.98327  0.00210358
        1414           1    0.983281  0.00210212
        1415           1    0.983293  0.00210067
        1416           1    0.983305  0.00209922
        1417           1    0.983317  0.00209777
        1418           1    0.983329  0.00209633
        1419           1     0.98334  0.00209488
        1420           1    0.983352  0.00209344
        1421           1    0.983364    0.002092
        1422           1    0.983376  0.00209056
        1423           1    0.983387  0.00208912
        1424           1    0.983399  0.00208769
        1425           1    0.983411  0.00208626
        1426           1    0.983422  0.00208483
        1427           1    0.983434   0.0020834
        1428           1    0.983445  0.00208197
        1429           1    0.983457  0.00208055
        1430           1    0.983469  0.00207912
        1431           1     0.98348   0.0020777
        1432           1    0.983492  0.00207628
        1433           1    0.983503  0.00207487
        1434           1    0.983515  0.00207345
        1435           1    0.983526  0.00207204
        1436           1    0.983538  0.00207063
        1437           1    0.983549  0.00206922
        1438           1    0.983561  0.00206781
        1439           1    0.983572  0.00206641
        1440           1    0.983583    0.002065
        1441           1    0.983595   0.0020636
        1442           1    0.983606   0.0020622
        1443           1    0.983617   0.0020608
        1444           1    0.983629  0.00205941
        1445           1     0.98364  0.00205801
        1446           1    0.983651  0.00205662
        1447           1    0.983663  0.00205523
        1448        0.96    0.983646  0.00205388
        1449           1    0.983658  0.00205249
        1450           1    0.983669   0.0020511
        1451           1     0.98368  0.00204972
        1452           1    0.983691  0.00204834
        1453           1    0.983703  0.00204696
        1454           1    0.983714  0.00204558
        1455           1    0.983725  0.00204421
        1456           1    0.983736  0.00204284
        1457           1    0.983747  0.00204146
        1458           1    0.983759  0.00204009
        1459           1     0.98377  0.00203873
        1460           1    0.983781  0.00203736
        1461           1    0.983792    0.002036
        1462           1    0.983803  0.00203463
        1463           1    0.983814  0.00203327
        1464           1    0.983825  0.00203191
        1465           1    0.983836  0.00203056
        1466           1    0.983847   0.0020292
        1467           1    0.983858  0.00202785
        1468           1    0.983869   0.0020265
        1469           1     0.98388  0.00202515
        1470           1    0.983891   0.0020238
        1471           1    0.983902  0.00202245
        1472           1    0.983913  0.00202111
        1473           1    0.983924  0.00201977
        1474           1    0.983935  0.00201843
        1475           1    0.983946  0.00201709
        1476           1    0.983957  0.00201575
        1477           1    0.983968  0.00201441
        1478           1    0.983978  0.00201308
        1479           1    0.983989  0.00201175
        1480           1       0.984  0.00201042
        1481           1    0.984011  0.00200909
        1482           1    0.984022  0.00200776
        1483           1    0.984032  0.00200644
        1484           1    0.984043  0.00200512
        1485           1    0.984054  0.00200379
        1486           1    0.984065  0.00200247
        1487           1    0.984075  0.00200116
        1488           1    0.984086  0.00199984
        1489           1    0.984097  0.00199853
        1490           1    0.984107  0.00199721
        1491           1    0.984118   0.0019959
        1492           1    0.984129  0.00199459
        1493           1    0.984139  0.00199328
        1494           1     0.98415  0.00199198
        1495           1    0.984161  0.00199067
        1496           1    0.984171  0.00198937
        1497           1    0.984182  0.00198807
        1498           1    0.984192  0.00198677
        1499           1    0.984203  0.00198547
        1500           1    0.984213  0.00198418
        1501           1    0.984224  0.00198288
        1502           1    0.984234  0.00198159
        1503           1    0.984245   0.0019803
        1504           1    0.984255  0.00197901
        1505        0.96    0.984239  0.00197776
        1506        0.92    0.984197  0.00197691
        1507        0.92    0.984154  0.00197606
        1508        0.84    0.984058  0.00197706
        1509        0.92    0.984016   0.0019762
        1510        0.76    0.983868  0.00198046
        1511        0.68    0.983666  0.00198933
        1512        0.68    0.983466  0.00199813
        1513        0.72    0.983291  0.00200438
        1514        0.64    0.983065  0.00201584
        1515         0.6    0.982812   0.0020303
        1516         0.6    0.982559  0.00204461
        1517        0.76    0.982413  0.00204852
        1518        0.72     0.98224  0.00205445
        1519        0.72    0.982067  0.00206034
        1520        0.68    0.981868  0.00206854
        1521        0.68     0.98167  0.00207668
        1522        0.68    0.981472  0.00208475
        1523        0.64    0.981248  0.00209541
        1524         0.6    0.980997  0.00210891
        1525        0.52    0.980695  0.00212908
        1526        0.56    0.980419  0.00214546
        1527        0.64    0.980196  0.00215561
        1528        0.56    0.979921  0.00217167
        1529         0.6    0.979673  0.00218442
        1530        0.64    0.979451  0.00219424
        1531        0.56    0.979177  0.00220985
        1532        0.68    0.978982  0.00221702
        1533        0.76    0.978839  0.00222017
        1534        0.68    0.978644  0.00222725
        1535        0.56    0.978371  0.00224244
        1536        0.64    0.978151  0.00225177
        1537        0.68    0.977957  0.00225865
        1538        0.76    0.977815  0.00226162
        1539        0.72    0.977648  0.00226635
        1540        0.76    0.977506  0.00226928
        1541         0.8    0.977391  0.00227073
        1542        0.72    0.977224  0.00227538
        1543        0.68    0.977032  0.00228204
        1544        0.72    0.976865  0.00228663
        1545        0.72    0.976699  0.00229119
        1546        0.64    0.976481  0.00230003
        1547        0.56    0.976212  0.00231425
        1548        0.72    0.976047  0.00231866
        1549        0.72    0.975881  0.00232305
        1550        0.56    0.975613    0.002337
        1551         0.6    0.975371    0.002348
        1552        0.68     0.97518  0.00235419
        1553        0.76    0.975042  0.00235675
        1554        0.76    0.974903  0.00235929
        1555        0.84    0.974817  0.00235937
        1556        0.84     0.97473  0.00235944
        1557        0.88    0.974669  0.00235871
        1558        0.88    0.974608  0.00235798
        1559        0.88    0.974548  0.00235725
        1560        0.92    0.974513    0.002356
        1561           1    0.974529  0.00235454
        1562           1    0.974545  0.00235309
        1563           1    0.974562  0.00235164
        1564           1    0.974578   0.0023502
        1565           1    0.974594  0.00234875
        1566           1     0.97461  0.00234731
        1567           1    0.974627  0.00234586
        1568           1    0.974643  0.00234442
        1569           1    0.974659  0.00234299
        1570           1    0.974675  0.00234155
        1571           1    0.974691  0.00234011
        1572           1    0.974707  0.00233868
        1573           1    0.974723  0.00233725
        1574           1     0.97474  0.00233582
        1575           1    0.974756  0.00233439
        1576           1    0.974772  0.00233297
        1577           1    0.974788  0.00233154
        1578           1    0.974804  0.00233012
        1579           1     0.97482   0.0023287
        1580           1    0.974835  0.00232728
        1581           1    0.974851  0.00232586
        1582           1    0.974867  0.00232444
        1583           1    0.974883  0.00232303
        1584           1    0.974899  0.00232162
        1585           1    0.974915  0.00232021
        1586           1    0.974931   0.0023188
        1587           1    0.974946  0.00231739
        1588           1    0.974962  0.00231599
        1589           1    0.974978  0.00231458
        1590           1    0.974994  0.00231318
        1591           1    0.975009  0.00231178
        1592           1    0.975025  0.00231038
        1593           1    0.975041  0.00230898
        1594           1    0.975056  0.00230759
        1595           1    0.975072  0.00230619
        1596           1    0.975088   0.0023048
        1597           1    0.975103  0.00230341
        1598           1    0.975119  0.00230202
        1599           1    0.975134  0.00230063
        1600           1     0.97515  0.00229925
        1601           1    0.975166  0.00229787
        1602           1    0.975181  0.00229648
        1603           1    0.975197   0.0022951
        1604           1    0.975212  0.00229372
        1605           1    0.975227  0.00229235
        1606           1    0.975243  0.00229097
        1607           1    0.975258   0.0022896
        1608           1    0.975274  0.00228823
        1609           1    0.975289  0.00228686
        1610           1    0.975304  0.00228549
        1611           1     0.97532  0.00228412
        1612           1    0.975335  0.00228275
        1613           1     0.97535  0.00228139
        1614           1    0.975366  0.00228003
        1615           1    0.975381  0.00227867
        1616           1    0.975396  0.00227731
        1617           1    0.975411  0.00227595
        1618           1    0.975426  0.00227459
        1619           1    0.975442  0.00227324
        1620        0.92    0.975407  0.00227209
        1621        0.92    0.975373  0.00227095
        1622        0.96    0.975364  0.00226957
        1623        0.88    0.975305  0.00226893
        1624        0.84    0.975222  0.00226906
        1625         0.8    0.975114  0.00227023
        1626        0.56    0.974859  0.00228314
        1627         0.6    0.974628  0.00229333
        1628        0.56    0.974373  0.00230602
        1629        0.64    0.974168  0.00231372
        1630        0.64    0.973963  0.00232137
        1631        0.72    0.973807  0.00232516
        1632        0.68    0.973627   0.0023307
        1633        0.68    0.973448   0.0023362
        1634        0.68    0.973268  0.00234166
        1635        0.68    0.973089  0.00234709
        1636        0.84    0.973007  0.00234706
        1637         0.8    0.972902  0.00234801
        1638        0.72    0.972747  0.00235164
        1639        0.68    0.972569  0.00235698
        1640        0.64    0.972366  0.00236425
        1641        0.64    0.972163  0.00237147
        1642        0.76    0.972034  0.00237354
        1643         0.8    0.971929  0.00237441
        1644        0.72    0.971776   0.0023779
        1645        0.68    0.971599  0.00238306
        1646        0.68    0.971422  0.00238819
        1647        0.64     0.97122   0.0023952
        1648        0.64    0.971019  0.00240217
        1649        0.68    0.970843  0.00240719
        1650        0.64    0.970642  0.00241406
        1651         0.8    0.970539  0.00241481
        1652        0.88    0.970484  0.00241397
        1653         0.8    0.970381  0.00241471
        1654         0.8    0.970278  0.00241545
        1655        0.88    0.970224  0.00241461
        1656        0.76    0.970097  0.00241648
        1657         0.8    0.969994  0.00241721
        1658        0.68    0.969819  0.00242207
        1659        0.72    0.969668  0.00242528
        1660        0.76    0.969542  0.00242711
        1661        0.72    0.969392  0.00243029
        1662         0.6     0.96917  0.00243897
        1663        0.56    0.968924  0.00244989
        1664         0.4    0.968582  0.00247216
        1665        0.36    0.968216  0.00249755
        1666        0.44    0.967899  0.00251609
        1667        0.44    0.967582  0.00253443
        1668         0.4    0.967242  0.00255565
        1669        0.44    0.966926  0.00257357
        1670        0.36    0.966563  0.00259757
        1671        0.28    0.966152   0.0026283
        1672        0.28    0.965742  0.00265858
        1673        0.16     0.96526  0.00270026
        1674         0.2    0.964803  0.00273707
        1675        0.24     0.96437  0.00276943
        1676        0.16     0.96389  0.00280905
        1677        0.16    0.963411  0.00284799
        1678         0.2    0.962956   0.0028824
        1679        0.32    0.962573  0.00290601
        1680        0.24    0.962143  0.00293594
        1681         0.2    0.961689  0.00296899
        1682         0.2    0.961237  0.00300156
        1683        0.28    0.960832  0.00302695
        1684        0.08    0.960309  0.00307001
        1685        0.08    0.959786  0.00311232
        1686        0.08    0.959265  0.00315392
        1687           0    0.958696   0.0032029
        1688        0.12    0.958199  0.00323931
        1689         0.2     0.95775  0.00326835
        1690         0.2    0.957302  0.00329703
        1691        0.36    0.956949  0.00331394
        1692        0.32    0.956572   0.0033333
        1693         0.4    0.956243   0.0033475
        1694        0.52    0.955986  0.00335542
        1695        0.48    0.955705  0.00336517
        1696        0.52    0.955448  0.00337297
        1697         0.6    0.955239  0.00337748
        1698        0.64    0.955053  0.00338059
        1699        0.64    0.954868  0.00338369
        1700        0.88    0.954824  0.00338198
        1701        0.96    0.954827     0.00338
        1702           1    0.954853  0.00337811
        1703           1     0.95488  0.00337623
        1704           1    0.954906  0.00337436
        1705           1    0.954933  0.00337248
        1706           1    0.954959  0.00337061
        1707           1    0.954985  0.00336874
        1708           1    0.955012  0.00336687
        1709           1    0.955038    0.003365
        1710           1    0.955064  0.00336313
        1711           1    0.955091  0.00336127
        1712           1    0.955117  0.00335941
        1713           1    0.955143  0.00335755
        1714           1    0.955169  0.00335569
        1715           1    0.955195  0.00335384
        1716           1    0.955221  0.00335199
        1717           1    0.955248  0.00335014
        1718           1    0.955274  0.00334829
        1719           1      0.9553  0.00334644
        1720           1    0.955326   0.0033446
        1721           1    0.955352  0.00334275
        1722           1    0.955377  0.00334091
        1723           1    0.955403  0.00333907
        1724           1    0.955429  0.00333724
        1725           1    0.955455   0.0033354
        1726           1    0.955481  0.00333357
        1727           1    0.955507  0.00333174
        1728           1    0.955532  0.00332991
        1729           1    0.955558  0.00332808
        1730           1    0.955584  0.00332626
        1731           1    0.955609  0.00332444
        1732           1    0.955635  0.00332262
        1733           1    0.955661   0.0033208
        1734           1    0.955686  0.00331898
        1735           1    0.955712  0.00331717
        1736           1    0.955737  0.00331535
        1737           1    0.955763  0.00331354
        1738           1    0.955788  0.00331173
        1739           1    0.955814  0.00330993
        1740           1    0.955839  0.00330812
        1741           1    0.955864  0.00330632
        1742           1     0.95589  0.00330452
        1743           1    0.955915  0.00330272
        1744           1     0.95594  0.00330092
        1745           1    0.955966  0.00329913
        1746           1    0.955991  0.00329733
        1747           1    0.956016  0.00329554
        1748           1    0.956041  0.00329375
        1749           1    0.956066  0.00329197
        1750           1    0.956091  0.00329018
        1751           1    0.956117   0.0032884
        1752           1    0.956142  0.00328662
        1753           1    0.956167  0.00328484
        1754           1    0.956192  0.00328306
        1755           1    0.956217  0.00328128
        1756           1    0.956241  0.00327951
        1757           1    0.956266  0.00327774
        1758           1    0.956291  0.00327597
        1759           1    0.956316   0.0032742
        1760           1    0.956341  0.00327243
        1761           1    0.956366  0.00327067
        1762           1     0.95639  0.00326891
        1763           1    0.956415  0.00326715
        1764           1     0.95644  0.00326539
        1765           1    0.956465  0.00326363
        1766           1    0.956489  0.00326188
        1767           1    0.956514  0.00326012
        1768           1    0.956538  0.00325837
        1769           1    0.956563  0.00325662
        1770           1    0.956588  0.00325487
        1771           1    0.956612  0.00325313
        1772           1    0.956637  0.00325138
        1773           1    0.956661  0.00324964
        1774           1    0.956685   0.0032479
        1775           1     0.95671  0.00324616
        1776           1    0.956734  0.00324443
        1777           1    0.956759  0.00324269
        1778        0.88    0.956715  0.00324116
        1779        0.84     0.95665     0.00324
        1780        0.76    0.956539  0.00324006
        1781        0.72    0.956407  0.00324096
        1782         0.8    0.956319  0.00324033
        1783        0.76    0.956209  0.00324039
        1784        0.88    0.956166  0.00323885
        1785        0.84    0.956101  0.00323769
        1786        0.88    0.956058  0.00323616
        1787        0.84    0.955993    0.003235
        1788        0.72    0.955861  0.00323588
        1789        0.68    0.955707  0.00323774
        1790         0.6    0.955508  0.00324203
        1791        0.56    0.955288  0.00324773
        1792        0.68    0.955134  0.00324955
        1793         0.6    0.954936  0.00325377
        1794        0.64     0.95476  0.00325669
        1795         0.6    0.954563  0.00326086
        1796        0.64    0.954388  0.00326375
        1797        0.56    0.954168   0.0032693
        1798        0.52    0.953927  0.00327639
        1799        0.48    0.953663  0.00328514
        1800        0.52    0.953422  0.00329214
        1801         0.4    0.953115  0.00330462
        1802        0.36    0.952786  0.00331914
        1803        0.36    0.952457  0.00333354
        1804        0.28    0.952084  0.00335247
        1805        0.36    0.951756  0.00336662
        1806        0.24    0.951362  0.00338775
        1807        0.28    0.950991  0.00340618
        1808        0.24    0.950597  0.00342693
        1809        0.28    0.950227  0.00344502
        1810         0.2    0.949812  0.00346796
        1811        0.32    0.949464  0.00348344
        1812        0.28    0.949095  0.00350106
        1813        0.24    0.948704  0.00352091
        1814        0.24    0.948313  0.00354058
        1815        0.24    0.947923  0.00356007
        1816         0.2    0.947511  0.00358185
        1817        0.36    0.947188  0.00359444
        1818        0.28    0.946821  0.00361115
        1819        0.44    0.946542   0.0036199
        1820        0.36     0.94622  0.00363223
        1821        0.28    0.945854  0.00364861
        1822        0.32     0.94551  0.00366274
        1823        0.32    0.945167  0.00367677
        1824        0.24    0.944781  0.00369503
        1825        0.16    0.944351  0.00371794
        1826         0.2    0.943943  0.00373818
        1827        0.12    0.943492  0.00376324
        1828         0.2    0.943085   0.0037831
        1829         0.2    0.942679  0.00380278
        1830        0.24    0.942295  0.00382004
        1831        0.24    0.941912  0.00383716
        1832        0.28     0.94155  0.00385204
        1833         0.2    0.941146  0.00387113
        1834         0.2    0.940742  0.00389005
        1835        0.12    0.940294  0.00391356
        1836        0.16    0.939869  0.00393444
        1837        0.08    0.939401  0.00396004
        1838           0     0.93889  0.00399073
        1839       -0.04    0.938358  0.00402391
        1840        0.12    0.937913  0.00404622
        1841        0.08    0.937447  0.00407077
        1842        0.28     0.93709  0.00408418
        1843        0.24    0.936712  0.00409944
        1844        0.24    0.936334  0.00411459
        1845        0.28    0.935978  0.00412771
        1846         0.2     0.93558  0.00414468
        1847        0.28    0.935225  0.00415761
        1848        0.16    0.934805  0.00417647
        1849        0.12    0.934365   0.0041974
        1850        0.12    0.933924  0.00421815
        1851        0.12    0.933485  0.00423872
        1852        0.16    0.933067  0.00425696
        1853        0.32    0.932736   0.0042675
        1854         0.4    0.932449  0.00427486
        1855        0.28    0.932097    0.004287
        1856        0.32    0.931767  0.00429736
        1857        0.28    0.931416  0.00430936
        1858        0.28    0.931066  0.00432127
        1859         0.2    0.930672  0.00433681
        1860        0.24    0.930301  0.00435034
        1861        0.28    0.929952  0.00436202
        1862        0.16    0.929538  0.00437923
        1863        0.24    0.929168  0.00439249
        1864        0.28     0.92882  0.00440392
        1865        0.44    0.928558  0.00440935
        1866        0.44    0.928296  0.00441476
        1867        0.44    0.928034  0.00442013
        1868        0.44    0.927773  0.00442548
        1869        0.48    0.927533  0.00442959
        1870        0.52    0.927316  0.00443258
        1871         0.6    0.927141  0.00443366
        1872         0.6    0.926966  0.00443474
        1873         0.6    0.926791   0.0044358
        1874         0.6    0.926617  0.00443686
        1875        0.52      0.9264  0.00443979
        1876         0.6    0.926226  0.00444084
        1877        0.68    0.926095  0.00444041
        1878         0.6    0.925921  0.00444144
        1879        0.56    0.925726  0.00444334
        1880        0.52    0.925511  0.00444621
        1881         0.4    0.925231  0.00445262
        1882        0.48    0.924995  0.00445653
        1883        0.52     0.92478  0.00445935
        1884        0.52    0.924565  0.00446216
        1885        0.44    0.924308  0.00446719
        1886        0.44    0.924051   0.0044722
        1887        0.44    0.923794  0.00447718
        1888        0.36    0.923496  0.00448475
        1889        0.36    0.923197  0.00449229
        1890        0.32    0.922878  0.00450124
        1891        0.24    0.922517  0.00451332
        1892        0.16    0.922114  0.00452889
        1893         0.2    0.921733  0.00454253
        1894        0.24    0.921373  0.00455437
        1895        0.24    0.921013  0.00456614
        1896         0.2    0.920633  0.00457954
        1897        0.24    0.920274  0.00459116
        1898        0.28    0.919937  0.00460112
        1899        0.24    0.919579  0.00461261
        1900         0.2      0.9192   0.0046257
        1901        0.24    0.918843  0.00463705
        1902        0.24    0.918486  0.00464832
        1903        0.28     0.91815  0.00465797
        1904        0.16    0.917752  0.00467252
        1905        0.16    0.917354  0.00468696
        1906       -0.04    0.916852  0.00471134
        1907        0.04    0.916392  0.00473126
        1908           0    0.915912  0.00475309
        1909       -0.04    0.915411  0.00477691
        1910       -0.12    0.914869  0.00480507
        1911       -0.12    0.914328  0.00483297
        1912       -0.08    0.913808  0.00485834
        1913       -0.08    0.913288   0.0048835
        1914       -0.08    0.912769  0.00490844
        1915           0    0.912292  0.00492897
        1916        0.08    0.911858   0.0049455
        1917        0.04    0.911403  0.00496379
        1918           0    0.910928  0.00498389
        1919       -0.04    0.910433  0.00500587
        1920       -0.04    0.909938  0.00502768
        1921           0    0.909464  0.00504733
        1922           0    0.908991  0.00506683
        1923        0.16    0.908601  0.00507915
        1924        0.32    0.908295  0.00508571
        1925        0.36     0.90801  0.00509104
        1926        0.32    0.907705  0.00509754
        1927        0.16    0.907317  0.00510964
        1928        0.12    0.906909  0.00512328
        1929         0.2    0.906542  0.00513372
        1930         0.2    0.906176  0.00514409
        1931        0.08    0.905748  0.00515919
        1932        0.16    0.905362  0.00517094
        1933        0.04    0.904915  0.00518761
        1934        0.08    0.904488  0.00520243
        1935        0.12    0.904083  0.00521552
        1936        0.04    0.903636  0.00523188
        1937        0.08    0.903211  0.00524643
        1938        0.12    0.902807  0.00525927
        1939           0    0.902341  0.00527713
        1940        0.04    0.901897  0.00529309
        1941           0    0.901432  0.00531072
        1942        0.08    0.901009  0.00532481
        1943           0    0.900546  0.00534222
        1944         0.2    0.900185  0.00535161
        1945        0.16    0.899805  0.00536237
        1946        0.12    0.899404  0.00537457
        1947        0.16    0.899024  0.00538521
        1948        0.12    0.898624  0.00539727
        1949           0    0.898163  0.00541416
        1950           0    0.897703  0.00543094
        1951       -0.12    0.897181  0.00545315
        1952       -0.16    0.896639  0.00547719
        1953       -0.24    0.896057  0.00550522
        1954       -0.24    0.895476  0.00553302
        1955       -0.28    0.894875  0.00556276
        1956       -0.28    0.894274  0.00559225
        1957       -0.32    0.893654  0.00562371
        1958       -0.56    0.892911  0.00566963
        1959       -0.36    0.892272   0.0057027
        1960       -0.32    0.891653  0.00573323
        1961       -0.32    0.891035   0.0057635
        1962       -0.36    0.890398  0.00579573
        1963       -0.28    0.889801  0.00582336
        1964       -0.36    0.889165  0.00585507
        1965       -0.24     0.88859  0.00588022
        1966       -0.24    0.888016  0.00590518
        1967       -0.32    0.887402  0.00593403
        1968       -0.24    0.886829   0.0059586
        1969       -0.28    0.886237  0.00598497
        1970       -0.32    0.885624  0.00601317
        1971       -0.28    0.885033  0.00603913
        1972       -0.24    0.884462  0.00606296
        1973       -0.32    0.883852  0.00609054
        1974       -0.36    0.883222  0.00611996
        1975       -0.36    0.882592  0.00614915
        1976       -0.36    0.881964  0.00617811
        1977       -0.56    0.881234  0.00621789
        1978        -0.4    0.880586  0.00624839
        1979        -0.4    0.879939  0.00627865
        1980       -0.44    0.879273  0.00631077
        1981       -0.44    0.878607  0.00634263
        1982       -0.52    0.877901  0.00637856
        1983       -0.52    0.877196  0.00641418
        1984       -0.76    0.876371  0.00646381
        1985       -0.72    0.875567  0.00651039
        1986       -0.76    0.874743    0.006559
        1987       -0.76     0.87392  0.00660709
        1988       -0.72    0.873119  0.00665224
        1989       -0.76    0.872298  0.00669938
        1990       -0.64    0.871538  0.00673897
        1991       -0.64    0.870779  0.00677822
        1992       -0.76     0.86996  0.00682407
        1993        -0.8    0.869122   0.0068719
        1994       -0.72    0.868325  0.00691451
        1995       -0.72    0.867529  0.00695673
        1996       -0.68    0.866754  0.00699632
        1997        -0.4    0.866119  0.00702151
        1998       -0.48    0.865445  0.00705024
        1999       -0.52    0.864752   0.0070807
        2000       -0.64       0.864  0.00711702
