#     BLOCK:   ACTUAL_X:     X_AVE:       ERROR:
           1       23.04       23.04           0
           2          36       29.52     4.58205
           3       27.04     28.6933     3.12838
           4       12.96       24.76     4.13623
           5          16      23.008     3.66128
           6       23.04     23.0133     3.05107
           7       23.04     23.0171     2.61521
           8       23.04       23.02     2.28831
           9       31.36     23.9467     2.21374
          10       27.04      24.256     2.01387
          11       12.96     23.2291     2.07616
          12       12.96     22.3733     2.07202
          13          16     21.8831     1.96978
          14       31.36       22.56     1.94192
          15       23.04      22.592     1.81272
          16          36       23.43     1.88319
          17       27.04     23.6424     1.78434
          18       31.36     24.0711     1.73596
          19       27.04     24.2274     1.65161
          20       31.36      24.584     1.60708
          21       31.36     24.9067      1.5626
          22          36     25.4109     1.57083
          23       31.36     25.6696     1.52368
          24       27.04     25.7267     1.46126
          25       23.04     25.6192     1.40676
          26       31.36       25.84     1.36987
          27       31.36     26.0444      1.3343
          28          36        26.4     1.33318
          29       31.36      26.571     1.29813
          30       40.96     27.0507     1.34054
          31       31.36     27.1897     1.30449
          32          36      27.465     1.29245
          33          36     27.7236      1.2789
          34       46.24     28.2682     1.35228
          35       51.84     28.9417     1.47183
          36          64     29.9156     1.72326
          37       57.76     30.6681     1.83366
          38       70.56     31.7179     2.06415
          39       84.64     33.0749     2.41644
          40         100      34.748     2.87754
          41         100     36.3395     3.21751
          42       92.16     37.6686     3.40436
          43       77.44     38.5935     3.44854
          44       84.64       39.64     3.52538
          45       70.56     40.3271     3.51336
          46       92.16     41.4539     3.61316
          47         100     42.6996     3.74486
          48         100     43.8933     3.85241
          49         100     45.0384     3.94029
          50         100     46.1376     4.01188
          51         100     47.1937     4.06986
          52         100     48.2092     4.11633
          53         100     49.1864     4.15304
          54         100     50.1274     4.18137
          55         100     51.0342     4.20252
          56         100     51.9086     4.21746
          57         100     52.7523     4.22702
          58         100     53.5669     4.23191
          59         100     54.3539     4.23272
          60         100     55.1147     4.22999
          61       84.64     55.5987     4.18825
          62          64     55.7342     4.12289
          63       70.56     55.9695     4.06416
          64       70.56     56.1975     4.00704
          65       51.84     56.1305     3.94596
          66       51.84     56.0655     3.88671
          67       70.56     56.2818     3.83471
          68         100     56.9247     3.83184
          69         100      57.549     3.82682
          70         100     58.1554      3.8199
          71         100     58.7448     3.81129
          72         100     59.3178     3.80118
          73         100     59.8751     3.78974
          74         100     60.4173     3.77712
          75         100     60.9451     3.76345
          76         100     61.4589     3.74885
          77         100     61.9595     3.73343
          78         100     62.4472     3.71729
          79         100     62.9225      3.7005
          80         100      63.386     3.68315
          81         100      63.838     3.66531
          82         100      64.279     3.64705
          83         100     64.7094     3.62841
          84         100     65.1295     3.60946
          85         100     65.5398     3.59023
          86         100     65.9405     3.57078
          87         100      66.332     3.55113
          88         100     66.7145     3.53132
          89         100     67.0885     3.51139
          90         100     67.4542     3.49137
          91         100     67.8119     3.47127
          92         100     68.1617     3.45113
          93         100     68.5041     3.43096
          94         100     68.8391     3.41078
          95         100     69.1672     3.39061
          96         100     69.4883     3.37047
          97         100     69.8029     3.35037
          98         100      70.111     3.33032
          99         100     70.4129     3.31034
         100         100     70.7088     3.29043
         101         100     70.9988     3.27061
         102         100     71.2831     3.25088
         103         100     71.5619     3.23125
         104         100     71.8354     3.21173
         105         100     72.1036     3.19232
         106         100     72.3668     3.17303
         107         100      72.625     3.15387
         108         100     72.8785     3.13484
         109         100     73.1273     3.11594
         110         100     73.3716     3.09717
         111         100     73.6115     3.07855
         112         100     73.8471     3.06006
         113         100     74.0786     3.04172
         114         100      74.306     3.02353
         115         100     74.5294     3.00548
         116         100      74.749     2.98758
         117         100     74.9648     2.96983
         118         100     75.1769     2.95223
         119         100     75.3855     2.93478
         120         100     75.5907     2.91749
         121         100     75.7924     2.90034
         122         100     75.9908     2.88335
         123         100      76.186      2.8665
         124         100     76.3781     2.84981
         125         100      76.567     2.83327
         126         100      76.753     2.81688
         127         100     76.9361     2.80065
         128         100     77.1163     2.78456
         129         100     77.2936     2.76861
         130         100     77.4683     2.75282
         131         100     77.6403     2.73718
         132         100     77.8097     2.72168
         133         100     77.9765     2.70632
         134         100     78.1409     2.69111
         135         100     78.3028     2.67604
         136         100     78.4624     2.66112
         137         100     78.6196     2.64633
         138         100     78.7745     2.63169
         139         100     78.9272     2.61718
         140         100     79.0777     2.60281
         141         100     79.2261     2.58858
         142         100     79.3724     2.57448
         143         100     79.5166     2.56052
         144         100     79.6589     2.54668
         145         100     79.7992     2.53298
         146         100     79.9375     2.51941
         147         100      80.074     2.50596
         148         100     80.2086     2.49264
         149         100     80.3415     2.47945
         150         100     80.4725     2.46638
         151         100     80.6019     2.45344
         152         100     80.7295     2.44061
         153         100     80.8554     2.42791
         154         100     80.9797     2.41532
         155         100     81.1025     2.40286
         156         100     81.2236      2.3905
         157         100     81.3432     2.37827
         158         100     81.4613     2.36615
         159         100     81.5779     2.35413
         160         100      81.693     2.34224
         161         100     81.8067     2.33045
         162         100      81.919     2.31876
         163         100     82.0299     2.30719
         164         100     82.1395     2.29572
         165         100     82.2478     2.28436
         166         100     82.3547      2.2731
         167         100     82.4604     2.26194
         168         100     82.5648     2.25089
         169       84.64      82.577      2.2376
         170       84.64     82.5892     2.22447
         171         100      82.691     2.21379
         172         100     82.7916     2.20321
         173         100     82.8911     2.19272
         174         100     82.9894     2.18232
         175         100     83.0866     2.17201
         176         100     83.1827      2.1618
         177         100     83.2777     2.15167
         178         100     83.3717     2.14163
         179         100     83.4646     2.13168
         180         100     83.5564     2.12182
         181         100     83.6473     2.11204
         182         100     83.7371     2.10234
         183         100      83.826     2.09273
         184         100     83.9139      2.0832
         185         100     84.0009     2.07376
         186         100     84.0869     2.06439
         187         100      84.172     2.05511
         188         100     84.2562      2.0459
         189         100     84.3395     2.03677
         190         100     84.4219     2.02772
         191         100     84.5035     2.01874
         192         100     84.5842     2.00984
         193         100      84.664     2.00101
         194         100     84.7431     1.99226
         195         100     84.8213     1.98358
         196         100     84.8988     1.97497
         197         100     84.9754     1.96643
         198         100     85.0513     1.95796
         199         100     85.1264     1.94956
         200         100     85.2008     1.94123
         201         100     85.2744     1.93297
         202         100     85.3473     1.92478
         203         100     85.4195     1.91665
         204         100      85.491     1.90858
         205         100     85.5618     1.90058
         206         100     85.6318     1.89265
         207         100     85.7013     1.88478
         208         100       85.77     1.87697
         209         100     85.8381     1.86923
         210         100     85.9055     1.86154
         211         100     85.9723     1.85392
         212         100     86.0385     1.84635
         213         100      86.104     1.83885
         214         100      86.169      1.8314
         215         100     86.2333     1.82401
         216         100      86.297     1.81668
         217         100     86.3602     1.80941
         218         100     86.4228     1.80219
         219         100     86.4847     1.79502
         220         100     86.5462     1.78792
         221         100     86.6071     1.78086
         222         100     86.6674     1.77386
         223         100     86.7272     1.76691
         224         100     86.7864     1.76002
         225         100     86.8452     1.75318
         226         100     86.9034     1.74638
         227         100     86.9611     1.73964
         228         100     87.0182     1.73295
         229         100     87.0749     1.72631
         230         100     87.1311     1.71972
         231         100     87.1868     1.71318
         232         100     87.2421     1.70669
         233         100     87.2968     1.70024
         234         100     87.3511     1.69384
         235         100     87.4049     1.68749
         236         100     87.4583     1.68118
         237         100     87.5112     1.67492
         238         100     87.5637      1.6687
         239         100     87.6157     1.66253
         240         100     87.6673     1.65641
         241         100     87.7185     1.65032
         242         100     87.7693     1.64428
         243         100     87.8196     1.63829
         244         100     87.8695     1.63233
         245         100      87.919     1.62642
         246         100     87.9681     1.62055
         247         100     88.0168     1.61472
         248         100     88.0652     1.60893
         249         100     88.1131     1.60319
         250         100     88.1606     1.59748
         251         100     88.2078     1.59181
         252         100     88.2546     1.58618
         253         100      88.301     1.58059
         254         100     88.3471     1.57504
         255         100     88.3928     1.56952
         256         100     88.4381     1.56405
         257         100     88.4831     1.55861
         258         100     88.5278     1.55321
         259         100      88.572     1.54784
         260         100      88.616     1.54251
         261         100     88.6596     1.53722
         262         100     88.7029     1.53196
         263         100     88.7459     1.52674
         264         100     88.7885     1.52155
         265         100     88.8308      1.5164
         266         100     88.8728     1.51128
         267         100     88.9145     1.50619
         268         100     88.9558     1.50114
         269         100     88.9969     1.49612
         270         100     89.0376     1.49113
         271         100     89.0781     1.48618
         272         100     89.1182     1.48126
         273         100     89.1581     1.47637
         274         100     89.1977     1.47151
         275         100     89.2369     1.46668
         276         100     89.2759     1.46189
         277         100     89.3147     1.45712
         278         100     89.3531     1.45239
         279         100     89.3913     1.44768
         280         100     89.4291     1.44301
         281         100     89.4668     1.43836
         282         100     89.5041     1.43375
         283         100     89.5412     1.42916
         284         100      89.578      1.4246
         285         100     89.6146     1.42008
         286         100     89.6509     1.41557
         287         100      89.687      1.4111
         288         100     89.7228     1.40666
         289         100     89.7583     1.40224
         290         100     89.7937     1.39785
         291         100     89.8287     1.39348
         292         100     89.8636     1.38915
         293         100     89.8982     1.38484
         294         100     89.9325     1.38055
         295         100     89.9666     1.37629
         296         100     90.0005     1.37206
         297         100     90.0342     1.36785
         298         100     90.0677     1.36367
         299         100     90.1009     1.35952
         300         100     90.1339     1.35539
         301         100     90.1666     1.35128
         302         100     90.1992      1.3472
         303         100     90.2316     1.34314
         304         100     90.2637     1.33911
         305         100     90.2956      1.3351
         306         100     90.3273     1.33111
         307         100     90.3588     1.32715
         308         100     90.3901     1.32321
         309         100     90.4212     1.31929
         310         100     90.4521      1.3154
         311         100     90.4828     1.31152
         312         100     90.5133     1.30767
         313         100     90.5436     1.30385
         314         100     90.5738     1.30004
         315         100     90.6037     1.29626
         316         100     90.6334      1.2925
         317         100      90.663     1.28876
         318         100     90.6923     1.28504
         319         100     90.7215     1.28134
         320         100     90.7505     1.27767
         321         100     90.7793     1.27401
         322         100      90.808     1.27038
         323         100     90.8364     1.26676
         324         100     90.8647     1.26317
         325         100     90.8928      1.2596
         326         100     90.9207     1.25604
         327         100     90.9485     1.25251
         328         100     90.9761     1.24899
         329         100     91.0035      1.2455
         330         100     91.0308     1.24202
         331         100     91.0579     1.23857
         332         100     91.0848     1.23513
         333         100     91.1116     1.23171
         334         100     91.1382     1.22831
         335         100     91.1647     1.22493
         336         100      91.191     1.22156
         337         100     91.2171     1.21822
         338         100     91.2431     1.21489
         339         100     91.2689     1.21158
         340         100     91.2946     1.20829
         341         100     91.3201     1.20502
         342         100     91.3455     1.20176
         343         100     91.3707     1.19852
         344         100     91.3958      1.1953
         345         100     91.4208      1.1921
         346         100     91.4455     1.18891
         347         100     91.4702     1.18574
         348         100     91.4947     1.18258
         349         100     91.5191     1.17945
         350         100     91.5433     1.17632
         351         100     91.5674     1.17322
         352         100     91.5914     1.17013
         353         100     91.6152     1.16706
         354         100     91.6389       1.164
         355         100     91.6624     1.16096
         356         100     91.6858     1.15794
         357         100     91.7091     1.15493
         358         100     91.7323     1.15193
         359         100     91.7553     1.14896
         360         100     91.7782     1.14599
         361         100      91.801     1.14304
         362         100     91.8236     1.14011
         363         100     91.8462     1.13719
         364         100     91.8686     1.13429
         365         100     91.8908      1.1314
         366         100      91.913     1.12853
         367         100      91.935     1.12567
         368         100      91.957     1.12282
         369         100     91.9788     1.11999
         370         100     92.0004     1.11717
         371         100      92.022     1.11437
         372         100     92.0434     1.11158
         373         100     92.0648      1.1088
         374         100      92.086     1.10604
         375         100     92.1071     1.10329
         376         100     92.1281     1.10056
         377         100      92.149     1.09784
         378         100     92.1697     1.09513
         379         100     92.1904     1.09244
         380         100     92.2109     1.08975
         381         100     92.2314     1.08709
         382         100     92.2517     1.08443
         383         100      92.272     1.08179
         384         100     92.2921     1.07916
         385         100     92.3121     1.07654
         386         100      92.332     1.07394
         387         100     92.3518     1.07134
         388         100     92.3715     1.06876
         389         100     92.3912      1.0662
         390         100     92.4107     1.06364
         391         100     92.4301      1.0611
         392         100     92.4494     1.05857
         393         100     92.4686     1.05605
         394         100     92.4877     1.05354
         395         100     92.5067     1.05104
         396         100     92.5257     1.04856
         397         100     92.5445     1.04609
         398         100     92.5632     1.04363
         399         100     92.5819     1.04118
         400         100     92.6004     1.03874
         401         100     92.6189     1.03631
         402         100     92.6372      1.0339
         403         100     92.6555     1.03149
         404         100     92.6737      1.0291
         405         100     92.6918     1.02672
         406         100     92.7098     1.02435
         407         100     92.7277     1.02199
         408         100     92.7455     1.01964
         409         100     92.7632      1.0173
         410         100     92.7809     1.01497
         411         100     92.7984     1.01265
         412       92.16     92.7969      1.0102
         413         100     92.8143      1.0079
         414         100     92.8317     1.00562
         415         100      92.849     1.00334
         416         100     92.8662     1.00108
         417         100     92.8833    0.998823
         418         100     92.9003    0.996578
         419         100     92.9172    0.994344
         420         100     92.9341    0.992119
         421         100     92.9509    0.989905
         422         100     92.9676      0.9877
         423         100     92.9842    0.985505
         424         100     93.0008     0.98332
         425         100     93.0172    0.981144
         426         100     93.0336    0.978977
         427         100     93.0499    0.976821
         428         100     93.0662    0.974673
         429         100     93.0823    0.972535
         430         100     93.0984    0.970407
         431         100     93.1144    0.968287
         432         100     93.1304    0.966177
         433         100     93.1462    0.964076
         434         100      93.162    0.961984
         435         100     93.1777    0.959901
         436         100     93.1934    0.957827
         437         100      93.209    0.955762
         438         100     93.2245    0.953705
         439         100     93.2399    0.951658
         440         100     93.2553    0.949619
         441         100     93.2706    0.947589
         442         100     93.2858    0.945567
         443         100     93.3009    0.943554
         444         100      93.316     0.94155
         445         100     93.3311    0.939554
         446         100      93.346    0.937566
         447         100     93.3609    0.935587
         448         100     93.3757    0.933616
         449         100     93.3905    0.931653
         450         100     93.4052    0.929698
         451         100     93.4198    0.927752
         452         100     93.4343    0.925814
         453         100     93.4488    0.923883
         454         100     93.4633    0.921961
         455         100     93.4776    0.920047
         456         100     93.4919     0.91814
         457         100     93.5062    0.916242
         458         100     93.5203    0.914351
         459         100     93.5345    0.912468
         460         100     93.5485    0.910592
         461         100     93.5625    0.908725
         462         100     93.5765    0.906864
         463         100     93.5903    0.905012
         464         100     93.6041    0.903167
         465         100     93.6179    0.901329
         466         100     93.6316    0.899499
         467         100     93.6452    0.897676
         468         100     93.6588    0.895861
         469         100     93.6723    0.894053
         470         100     93.6858    0.892252
         471         100     93.6992    0.890458
         472         100     93.7125    0.888672
         473         100     93.7258    0.886892
         474         100     93.7391     0.88512
         475         100     93.7523    0.883355
         476         100     93.7654    0.881597
         477         100     93.7784    0.879845
         478         100     93.7915    0.878101
         479         100     93.8044    0.876363
         480         100     93.8173    0.874633
         481         100     93.8302    0.872909
         482         100      93.843    0.871191
         483         100     93.8557    0.869481
         484         100     93.8684    0.867777
         485         100     93.8811     0.86608
         486         100     93.8937     0.86439
         487         100     93.9062    0.862706
         488         100     93.9187    0.861028
         489         100     93.9311    0.859357
         490         100     93.9435    0.857693
         491         100     93.9558    0.856034
         492         100     93.9681    0.854383
         493         100     93.9804    0.852737
         494         100     93.9926    0.851098
         495         100     94.0047    0.849465
         496         100     94.0168    0.847839
         497         100     94.0288    0.846218
         498         100     94.0408    0.844604
         499         100     94.0527    0.842996
         500         100     94.0646    0.841394
         501         100     94.0765    0.839798
         502         100     94.0883    0.838208
         503         100        94.1    0.836624
         504         100     94.1117    0.835045
         505         100     94.1234    0.833473
         506         100      94.135    0.831907
         507         100     94.1466    0.830347
         508         100     94.1581    0.828792
         509         100     94.1696    0.827243
         510         100      94.181      0.8257
         511         100     94.1924    0.824163
         512         100     94.2038    0.822631
         513         100      94.215    0.821105
         514         100     94.2263    0.819585
         515         100     94.2375     0.81807
         516         100     94.2487    0.816561
         517         100     94.2598    0.815057
         518         100     94.2709    0.813559
         519         100     94.2819    0.812066
         520         100     94.2929    0.810579
         521         100     94.3039    0.809097
         522         100     94.3148    0.807621
         523         100     94.3257     0.80615
         524         100     94.3365    0.804684
         525         100     94.3473    0.803224
         526         100      94.358    0.801769
         527         100     94.3687    0.800319
         528         100     94.3794    0.798874
         529         100       94.39    0.797435
         530         100     94.4006       0.796
         531         100     94.4111    0.794571
         532         100     94.4217    0.793147
         533         100     94.4321    0.791728
         534         100     94.4425    0.790314
         535         100     94.4529    0.788905
         536         100     94.4633    0.787501
         537         100     94.4736    0.786102
         538         100     94.4839    0.784708
         539         100     94.4941    0.783319
         540         100     94.5043    0.781935
         541         100     94.5145    0.780555
         542         100     94.5246    0.779181
         543         100     94.5347    0.777811
         544       84.64     94.5165    0.776594
         545          64     94.4605    0.777185
         546          64     94.4047    0.777761
         547       57.76     94.3377    0.779219
         548       40.96     94.2403    0.783861
         549          64     94.1852    0.784367
         550       40.96     94.0884    0.788888
         551       57.76     94.0225    0.790206
         552       77.44     93.9925    0.789346
         553         100     94.0033    0.787993
         554         100     94.0142    0.786645
         555         100     94.0249    0.785301
         556         100     94.0357    0.783963
         557         100     94.0464    0.782628
         558         100     94.0571    0.781298
         559         100     94.0677    0.779973
         560         100     94.0783    0.778652
         561         100     94.0888    0.777336
         562         100     94.0994    0.776024
         563         100     94.1098    0.774716
         564         100     94.1203    0.773413
         565         100     94.1307    0.772114
         566         100     94.1411     0.77082
         567         100     94.1514    0.769529
         568         100     94.1617    0.768243
         569         100      94.172    0.766962
         570         100     94.1822    0.765684
         571         100     94.1924    0.764411
         572         100     94.2025    0.763142
         573         100     94.2126    0.761877
         574         100     94.2227    0.760617
         575         100     94.2328     0.75936
         576         100     94.2428    0.758108
         577         100     94.2528     0.75686
         578         100     94.2627    0.755616
         579         100     94.2726    0.754376
         580         100     94.2825     0.75314
         581         100     94.2923    0.751908
         582         100     94.3021     0.75068
         583         100     94.3119    0.749456
         584         100     94.3216    0.748236
         585         100     94.3314     0.74702
         586         100      94.341    0.745807
         587         100     94.3507    0.744599
         588         100     94.3603    0.743395
         589         100     94.3698    0.742194
         590         100     94.3794    0.740998
         591         100     94.3889    0.739805
         592         100     94.3984    0.738616
         593         100     94.4078    0.737431
         594         100     94.4172     0.73625
         595         100     94.4266    0.735072
         596         100      94.436    0.733898
         597         100     94.4453    0.732728
         598         100     94.4546    0.731562
         599         100     94.4638    0.730399
         600         100     94.4731     0.72924
         601         100     94.4823    0.728084
         602         100     94.4914    0.726933
         603         100     94.5006    0.725784
         604         100     94.5097     0.72464
         605         100     94.5187    0.723499
         606         100     94.5278    0.722362
         607         100     94.5368    0.721228
         608         100     94.5458    0.720098
         609         100     94.5547    0.718971
         610         100     94.5637    0.717848
         611         100     94.5726    0.716728
         612         100     94.5814    0.715612
         613         100     94.5903    0.714499
         614         100     94.5991    0.713389
         615         100     94.6079    0.712284
         616         100     94.6166    0.711181
         617         100     94.6253    0.710082
         618         100      94.634    0.708986
         619         100     94.6427    0.707894
         620         100     94.6514    0.706805
         621         100       94.66    0.705719
         622         100     94.6686    0.704637
         623         100     94.6771    0.703558
         624         100     94.6856    0.702482
         625         100     94.6941    0.701409
         626         100     94.7026     0.70034
         627         100     94.7111    0.699274
         628         100     94.7195    0.698211
         629         100     94.7279    0.697152
         630         100     94.7363    0.696095
         631         100     94.7446    0.695042
         632         100     94.7529    0.693992
         633         100     94.7612    0.692945
         634         100     94.7695    0.691902
         635         100     94.7777    0.690861
         636         100     94.7859    0.689824
         637         100     94.7941    0.688789
         638         100     94.8023    0.687758
         639         100     94.8104     0.68673
         640         100     94.8185    0.685705
         641         100     94.8266    0.684682
         642         100     94.8346    0.683663
         643         100     94.8427    0.682647
         644         100     94.8507    0.681634
         645         100     94.8587    0.680624
         646         100     94.8666    0.679617
         647         100     94.8746    0.678613
         648         100     94.8825    0.677612
         649         100     94.8904    0.676614
         650         100     94.8982    0.675618
         651         100     94.9061    0.674626
         652         100     94.9139    0.673637
         653         100     94.9217     0.67265
         654         100     94.9294    0.671666
         655         100     94.9372    0.670685
         656         100     94.9449    0.669708
         657         100     94.9526    0.668732
         658         100     94.9602     0.66776
         659         100     94.9679    0.666791
         660         100     94.9755    0.665824
         661       84.64     94.9599       0.665
         662       84.64     94.9443    0.664178
         663         100     94.9519     0.66322
         664         100     94.9595    0.662265
         665         100     94.9671    0.661313
         666         100     94.9747    0.660363
         667         100     94.9822    0.659416
         668         100     94.9897    0.658471
         669         100     94.9972     0.65753
         670         100     95.0047    0.656591
         671         100     95.0121    0.655654
         672         100     95.0195    0.654721
         673         100     95.0269     0.65379
         674         100     95.0343    0.652861
         675         100     95.0417    0.651935
         676         100      95.049    0.651012
         677         100     95.0563    0.650092
         678         100     95.0636    0.649174
         679         100     95.0709    0.648259
         680         100     95.0781    0.647346
         681         100     95.0853    0.646435
         682         100     95.0926    0.645528
         683         100     95.0997    0.644623
         684         100     95.1069     0.64372
         685       92.16     95.1026    0.642795
         686         100     95.1097    0.641897
         687         100     95.1169    0.641002
         688         100      95.124     0.64011
         689         100      95.131     0.63922
         690         100     95.1381    0.638333
         691         100     95.1451    0.637448
         692         100     95.1521    0.636565
         693         100     95.1591    0.635685
         694         100     95.1661    0.634807
         695         100     95.1731    0.633932
         696         100       95.18    0.633059
         697         100     95.1869    0.632189
         698         100     95.1938     0.63132
         699         100     95.2007    0.630455
         700         100     95.2075    0.629591
         701         100     95.2144     0.62873
         702         100     95.2212    0.627872
         703         100      95.228    0.627015
         704         100     95.2348    0.626161
         705         100     95.2415     0.62531
         706         100     95.2483     0.62446
         707         100      95.255    0.623613
         708         100     95.2617    0.622768
         709         100     95.2684    0.621926
         710         100      95.275    0.621086
         711         100     95.2817    0.620248
         712       92.16     95.2773    0.619392
         713       92.16     95.2729    0.618539
         714         100     95.2796    0.617708
         715         100     95.2862    0.616879
         716         100     95.2927    0.616053
         717         100     95.2993    0.615228
         718         100     95.3058    0.614406
         719         100     95.3124    0.613587
         720         100     95.3189    0.612769
         721         100     95.3254    0.611953
         722         100     95.3319     0.61114
         723         100     95.3383    0.610329
         724         100     95.3448     0.60952
         725         100     95.3512    0.608713
         726         100     95.3576    0.607908
         727         100      95.364    0.607106
         728         100     95.3703    0.606305
         729         100     95.3767    0.605507
         730         100      95.383     0.60471
         731         100     95.3893    0.603916
         732         100     95.3956    0.603124
         733         100     95.4019    0.602334
         734         100     95.4082    0.601546
         735         100     95.4144     0.60076
         736         100     95.4207    0.599976
         737         100     95.4269    0.599194
         738         100     95.4331    0.598414
         739         100     95.4392    0.597636
         740         100     95.4454     0.59686
         741         100     95.4516    0.596086
         742         100     95.4577    0.595315
         743         100     95.4638    0.594545
         744         100     95.4699    0.593777
         745         100      95.476    0.593011
         746         100      95.482    0.592247
         747         100     95.4881    0.591485
         748         100     95.4941    0.590725
         749         100     95.5001    0.589967
         750         100     95.5061    0.589211
         751         100     95.5121    0.588457
         752         100     95.5181    0.587705
         753         100      95.524    0.586954
         754         100       95.53    0.586206
         755         100     95.5359    0.585459
         756         100     95.5418    0.584715
         757         100     95.5477    0.583972
         758         100     95.5536    0.583231
         759         100     95.5594    0.582492
         760         100     95.5653    0.581755
         761         100     95.5711     0.58102
         762         100     95.5769    0.580286
         763         100     95.5827    0.579555
         764         100     95.5885    0.578825
         765         100     95.5942    0.578097
         766       92.16     95.5898     0.57736
         767         100     95.5955    0.576636
         768         100     95.6013    0.575913
         769         100      95.607    0.575193
         770         100     95.6127    0.574474
         771         100     95.6184    0.573757
         772         100      95.624    0.573042
         773         100     95.6297    0.572329
         774         100     95.6353    0.571617
         775         100      95.641    0.570907
         776         100     95.6466    0.570199
         777         100     95.6522    0.569493
         778         100     95.6578    0.568788
         779         100     95.6634    0.568085
         780         100     95.6689    0.567384
         781         100     95.6745    0.566685
         782         100       95.68    0.565987
         783         100     95.6855    0.565291
         784         100      95.691    0.564597
         785         100     95.6965    0.563904
         786         100      95.702    0.563214
         787         100     95.7074    0.562524
         788         100     95.7129    0.561837
         789       92.16     95.7084    0.561143
         790       92.16     95.7039    0.560451
         791         100     95.7093    0.559768
         792         100     95.7147    0.559088
         793         100     95.7202    0.558409
         794         100     95.7255    0.557732
         795         100     95.7309    0.557056
         796         100     95.7363    0.556382
         797         100     95.7416     0.55571
         798         100      95.747    0.555039
         799         100     95.7523     0.55437
         800         100     95.7576    0.553702
         801         100     95.7629    0.553036
         802         100     95.7682    0.552372
         803         100     95.7734    0.551709
         804         100     95.7787    0.551048
         805         100      95.784    0.550388
         806         100     95.7892     0.54973
         807         100     95.7944    0.549074
         808         100     95.7996    0.548419
         809         100     95.8048    0.547766
         810         100       95.81    0.547114
         811         100     95.8151    0.546464
         812         100     95.8203    0.545815
         813         100     95.8254    0.545168
         814         100     95.8306    0.544522
         815         100     95.8357    0.543878
         816         100     95.8408    0.543236
         817         100     95.8459    0.542595
         818         100      95.851    0.541955
         819         100      95.856    0.541317
         820         100     95.8611     0.54068
         821         100     95.8661    0.540045
         822         100     95.8711    0.539412
         823         100     95.8762     0.53878
         824         100     95.8812    0.538149
         825         100     95.8862     0.53752
         826         100     95.8911    0.536892
         827         100     95.8961    0.536266
         828         100     95.9011    0.535641
         829         100      95.906    0.535018
         830         100     95.9109    0.534396
         831         100     95.9159    0.533776
         832         100     95.9208    0.533157
         833         100     95.9257    0.532539
         834         100     95.9306    0.531923
         835         100     95.9354    0.531308
         836         100     95.9403    0.530695
         837         100     95.9451    0.530083
         838         100       95.95    0.529473
         839         100     95.9548    0.528864
         840         100     95.9596    0.528256
         841         100     95.9644     0.52765
         842         100     95.9692    0.527045
         843         100      95.974    0.526441
         844         100     95.9788    0.525839
         845         100     95.9835    0.525238
         846         100     95.9883    0.524639
         847         100      95.993    0.524041
         848         100     95.9977    0.523444
         849         100     96.0024    0.522849
         850         100     96.0072    0.522255
         851         100     96.0118    0.521662
         852         100     96.0165    0.521071
         853         100     96.0212    0.520481
         854         100     96.0259    0.519893
         855         100     96.0305    0.519305
         856         100     96.0351    0.518719
         857         100     96.0398    0.518135
         858         100     96.0444    0.517551
         859         100      96.049    0.516969
         860         100     96.0536    0.516389
         861         100     96.0582    0.515809
         862         100     96.0627    0.515231
         863         100     96.0673    0.514654
         864         100     96.0719    0.514079
         865         100     96.0764    0.513504
         866         100     96.0809    0.512931
         867         100     96.0854     0.51236
         868         100       96.09    0.511789
         869         100     96.0945     0.51122
         870         100     96.0989    0.510652
         871         100     96.1034    0.510086
         872         100     96.1079     0.50952
         873         100     96.1123    0.508956
         874         100     96.1168    0.508393
         875         100     96.1212    0.507832
         876         100     96.1257    0.507271
         877         100     96.1301    0.506712
         878         100     96.1345    0.506154
         879         100     96.1389    0.505597
         880         100     96.1433    0.505042
         881         100     96.1477    0.504487
         882         100      96.152    0.503934
         883         100     96.1564    0.503383
         884         100     96.1607    0.502832
         885         100     96.1651    0.502282
         886         100     96.1694    0.501734
         887         100     96.1737    0.501187
         888         100      96.178    0.500641
         889         100     96.1823    0.500097
         890         100     96.1866    0.499553
         891         100     96.1909    0.499011
         892         100     96.1952     0.49847
         893         100     96.1994     0.49793
         894         100     96.2037    0.497391
         895         100     96.2079    0.496853
         896         100     96.2121    0.496317
         897         100     96.2164    0.495781
         898         100     96.2206    0.495247
         899         100     96.2248    0.494714
         900         100      96.229    0.494182
         901         100     96.2332    0.493651
         902         100     96.2373    0.493122
         903         100     96.2415    0.492593
         904         100     96.2457    0.492066
         905         100     96.2498     0.49154
         906         100      96.254    0.491015
         907         100     96.2581    0.490491
         908         100     96.2622    0.489968
         909         100     96.2663    0.489446
         910         100     96.2704    0.488925
         911         100     96.2745    0.488406
         912         100     96.2786    0.487887
         913         100     96.2827     0.48737
         914         100     96.2867    0.486854
         915         100     96.2908    0.486338
         916         100     96.2948    0.485824
         917         100     96.2989    0.485311
         918         100     96.3029    0.484799
         919         100     96.3069    0.484289
         920         100      96.311    0.483779
         921         100      96.315     0.48327
         922         100      96.319    0.482763
         923         100     96.3229    0.482256
         924         100     96.3269     0.48175
         925         100     96.3309    0.481246
         926         100     96.3349    0.480743
         927         100     96.3388     0.48024
         928         100     96.3428    0.479739
         929         100     96.3467    0.479239
         930         100     96.3506     0.47874
         931         100     96.3545    0.478241
         932         100     96.3585    0.477744
         933         100     96.3624    0.477248
         934         100     96.3663    0.476753
         935         100     96.3701    0.476259
         936         100      96.374    0.475766
         937         100     96.3779    0.475274
         938         100     96.3817    0.474783
         939         100     96.3856    0.474293
         940         100     96.3894    0.473804
         941         100     96.3933    0.473316
         942         100     96.3971    0.472829
         943         100     96.4009    0.472343
         944         100     96.4047    0.471858
         945         100     96.4086    0.471374
         946         100     96.4123    0.470891
         947         100     96.4161    0.470409
         948         100     96.4199    0.469928
         949         100     96.4237    0.469448
         950         100     96.4275    0.468969
         951         100     96.4312    0.468491
         952         100      96.435    0.468014
         953         100     96.4387    0.467538
         954         100     96.4424    0.467062
         955         100     96.4462    0.466588
         956         100     96.4499    0.466115
         957         100     96.4536    0.465643
         958         100     96.4573    0.465171
         959         100      96.461    0.464701
         960         100     96.4647    0.464231
         961         100     96.4683    0.463763
         962         100      96.472    0.463295
         963         100     96.4757    0.462829
         964         100     96.4793    0.462363
         965         100      96.483    0.461898
         966         100     96.4866    0.461435
         967         100     96.4903    0.460972
         968         100     96.4939     0.46051
         969         100     96.4975    0.460049
         970         100     96.5011    0.459589
         971         100     96.5047    0.459129
         972         100     96.5083    0.458671
         973         100     96.5119    0.458214
         974         100     96.5155    0.457757
         975         100     96.5191    0.457302
         976         100     96.5226    0.456847
         977         100     96.5262    0.456393
         978         100     96.5297    0.455941
         979         100     96.5333    0.455489
         980         100     96.5368    0.455038
         981         100     96.5403    0.454587
         982         100     96.5439    0.454138
         983         100     96.5474     0.45369
         984         100     96.5509    0.453242
         985         100     96.5544    0.452796
         986         100     96.5579     0.45235
         987         100     96.5614    0.451905
         988         100     96.5649    0.451461
         989         100     96.5683    0.451018
         990         100     96.5718    0.450576
         991         100     96.5753    0.450134
         992         100     96.5787    0.449694
         993         100     96.5822    0.449254
         994         100     96.5856    0.448815
         995         100      96.589    0.448377
         996         100     96.5924     0.44794
         997         100     96.5959    0.447504
         998         100     96.5993    0.447069
         999         100     96.6027    0.446634
        1000         100     96.6061      0.4462
        1001         100     96.6095    0.445767
        1002         100     96.6129    0.445335
        1003         100     96.6162    0.444904
        1004         100     96.6196    0.444474
        1005         100      96.623    0.444044
        1006         100     96.6263    0.443616
        1007         100     96.6297    0.443188
        1008         100      96.633    0.442761
        1009         100     96.6364    0.442334
        1010         100     96.6397    0.441909
        1011         100      96.643    0.441484
        1012         100     96.6463    0.441061
        1013         100     96.6496    0.440638
        1014         100     96.6529    0.440216
        1015         100     96.6562    0.439794
        1016         100     96.6595    0.439374
        1017         100     96.6628    0.438954
        1018         100     96.6661    0.438535
        1019         100     96.6694    0.438117
        1020         100     96.6726    0.437699
        1021         100     96.6759    0.437283
        1022         100     96.6791    0.436867
        1023         100     96.6824    0.436452
        1024         100     96.6856    0.436038
        1025         100     96.6889    0.435624
        1026         100     96.6921    0.435212
        1027         100     96.6953      0.4348
        1028         100     96.6985    0.434389
        1029         100     96.7017    0.433979
        1030         100     96.7049    0.433569
        1031         100     96.7081     0.43316
        1032         100     96.7113    0.432752
        1033         100     96.7145    0.432345
        1034         100     96.7177    0.431939
        1035         100     96.7209    0.431533
        1036         100      96.724    0.431128
        1037         100     96.7272    0.430724
        1038         100     96.7303     0.43032
        1039         100     96.7335    0.429918
        1040         100     96.7366    0.429516
        1041         100     96.7398    0.429115
        1042         100     96.7429    0.428714
        1043         100      96.746    0.428315
        1044         100     96.7491    0.427916
        1045         100     96.7522    0.427518
        1046         100     96.7553     0.42712
        1047         100     96.7584    0.426723
        1048         100     96.7615    0.426327
        1049         100     96.7646    0.425932
        1050         100     96.7677    0.425538
        1051         100     96.7708    0.425144
        1052         100     96.7738    0.424751
        1053         100     96.7769    0.424359
        1054         100       96.78    0.423967
        1055         100      96.783    0.423576
        1056         100     96.7861    0.423186
        1057         100     96.7891    0.422796
        1058         100     96.7921    0.422408
        1059         100     96.7952     0.42202
        1060         100     96.7982    0.421632
        1061         100     96.8012    0.421246
        1062         100     96.8042     0.42086
        1063         100     96.8072    0.420475
        1064         100     96.8102     0.42009
        1065         100     96.8132    0.419707
        1066         100     96.8162    0.419323
        1067         100     96.8192    0.418941
        1068         100     96.8222    0.418559
        1069         100     96.8251    0.418178
        1070         100     96.8281    0.417798
        1071         100     96.8311    0.417419
        1072         100      96.834     0.41704
        1073         100      96.837    0.416661
        1074       84.64     96.8256    0.416428
        1075         100     96.8286    0.416051
        1076         100     96.8315    0.415675
        1077         100     96.8345    0.415299
        1078         100     96.8374    0.414925
        1079         100     96.8403     0.41455
        1080         100     96.8433    0.414177
        1081         100     96.8462    0.413804
        1082         100     96.8491    0.413432
        1083         100      96.852     0.41306
        1084         100     96.8549     0.41269
        1085         100     96.8578    0.412319
        1086         100     96.8607     0.41195
        1087         100     96.8636    0.411581
        1088         100     96.8665    0.411213
        1089         100     96.8693    0.410845
        1090         100     96.8722    0.410478
        1091         100     96.8751    0.410112
        1092         100     96.8779    0.409747
        1093         100     96.8808    0.409382
        1094         100     96.8837    0.409017
        1095         100     96.8865    0.408654
        1096         100     96.8893    0.408291
        1097         100     96.8922    0.407928
        1098         100      96.895    0.407567
        1099         100     96.8978    0.407206
        1100         100     96.9007    0.406845
        1101         100     96.9035    0.406485
        1102         100     96.9063    0.406126
        1103         100     96.9091    0.405768
        1104         100     96.9119     0.40541
        1105         100     96.9147    0.405053
        1106         100     96.9175    0.404696
        1107         100     96.9203     0.40434
        1108         100      96.923    0.403985
        1109         100     96.9258     0.40363
        1110         100     96.9286    0.403276
        1111         100     96.9313    0.402922
        1112         100     96.9341    0.402569
        1113         100     96.9369    0.402217
        1114         100     96.9396    0.401865
        1115         100     96.9423    0.401514
        1116         100     96.9451    0.401164
        1117         100     96.9478    0.400814
        1118         100     96.9506    0.400465
        1119         100     96.9533    0.400116
        1120         100      96.956    0.399768
        1121         100     96.9587    0.399421
        1122         100     96.9614    0.399074
        1123         100     96.9641    0.398728
        1124         100     96.9668    0.398382
        1125         100     96.9695    0.398037
        1126         100     96.9722    0.397693
        1127         100     96.9749    0.397349
        1128         100     96.9776    0.397006
        1129         100     96.9803    0.396663
        1130         100     96.9829    0.396321
        1131         100     96.9856     0.39598
        1132         100     96.9883    0.395639
        1133         100     96.9909    0.395299
        1134         100     96.9936    0.394959
        1135         100     96.9962     0.39462
        1136         100     96.9989    0.394281
        1137         100     97.0015    0.393943
        1138         100     97.0041    0.393606
        1139         100     97.0068    0.393269
        1140         100     97.0094    0.392933
        1141         100      97.012    0.392597
        1142         100     97.0146    0.392262
        1143         100     97.0173    0.391928
        1144         100     97.0199    0.391594
        1145         100     97.0225    0.391261
        1146         100     97.0251    0.390928
        1147       84.64     97.0143    0.390736
        1148       84.64     97.0035    0.390544
        1149         100     97.0061    0.390213
        1150         100     97.0087    0.389883
        1151         100     97.0113    0.389553
        1152         100     97.0139    0.389223
        1153         100     97.0165    0.388894
        1154         100     97.0191    0.388566
        1155         100     97.0216    0.388238
        1156         100     97.0242     0.38791
        1157         100     97.0268    0.387584
        1158         100     97.0294    0.387258
        1159         100     97.0319    0.386932
        1160         100     97.0345    0.386607
        1161         100      97.037    0.386282
        1162         100     97.0396    0.385958
        1163         100     97.0421    0.385635
        1164         100     97.0447    0.385312
        1165         100     97.0472    0.384989
        1166         100     97.0497    0.384668
        1167         100     97.0523    0.384346
        1168         100     97.0548    0.384026
        1169         100     97.0573    0.383705
        1170         100     97.0598    0.383386
        1171         100     97.0623    0.383066
        1172         100     97.0648    0.382748
        1173         100     97.0673     0.38243
        1174         100     97.0698    0.382112
        1175         100     97.0723    0.381795
        1176         100     97.0748    0.381478
        1177         100     97.0773    0.381162
        1178         100     97.0798    0.380847
        1179         100     97.0823    0.380532
        1180         100     97.0847    0.380217
        1181         100     97.0872    0.379904
        1182         100     97.0897     0.37959
        1183         100     97.0921    0.379277
        1184         100     97.0946    0.378965
        1185         100      97.097    0.378653
        1186         100     97.0995    0.378342
        1187         100     97.1019    0.378031
        1188         100     97.1044     0.37772
        1189         100     97.1068    0.377411
        1190         100     97.1092    0.377101
        1191         100     97.1117    0.376792
        1192         100     97.1141    0.376484
        1193         100     97.1165    0.376176
        1194         100     97.1189    0.375869
        1195         100     97.1213    0.375562
        1196         100     97.1237    0.375256
        1197         100     97.1261     0.37495
        1198         100     97.1285    0.374645
        1199         100     97.1309     0.37434
        1200         100     97.1333    0.374036
        1201         100     97.1357    0.373732
        1202         100     97.1381    0.373429
        1203         100     97.1405    0.373126
        1204         100     97.1429    0.372823
        1205         100     97.1452    0.372522
        1206         100     97.1476     0.37222
        1207         100       97.15    0.371919
        1208         100     97.1523    0.371619
        1209         100     97.1547    0.371319
        1210         100      97.157     0.37102
        1211         100     97.1594    0.370721
        1212         100     97.1617    0.370422
        1213         100     97.1641    0.370124
        1214         100     97.1664    0.369827
        1215         100     97.1687     0.36953
        1216         100     97.1711    0.369233
        1217         100     97.1734    0.368937
        1218         100     97.1757    0.368641
        1219         100      97.178    0.368346
        1220         100     97.1803    0.368052
        1221         100     97.1826    0.367757
        1222         100     97.1849    0.367464
        1223         100     97.1872     0.36717
        1224         100     97.1895    0.366878
        1225         100     97.1918    0.366585
        1226         100     97.1941    0.366293
        1227         100     97.1964    0.366002
        1228         100     97.1987    0.365711
        1229         100      97.201    0.365421
        1230         100     97.2033    0.365131
        1231         100     97.2055    0.364841
        1232         100     97.2078    0.364552
        1233         100     97.2101    0.364263
        1234         100     97.2123    0.363975
        1235         100     97.2146    0.363688
        1236         100     97.2168      0.3634
        1237         100     97.2191    0.363113
        1238         100     97.2213    0.362827
        1239         100     97.2236    0.362541
        1240         100     97.2258    0.362256
        1241       77.44     97.2099    0.362314
        1242         100     97.2121     0.36203
        1243         100     97.2144    0.361745
        1244         100     97.2166    0.361462
        1245         100     97.2188    0.361178
        1246         100     97.2211    0.360895
        1247         100     97.2233    0.360613
        1248         100     97.2255    0.360331
        1249         100     97.2277    0.360049
        1250         100       97.23    0.359768
        1251         100     97.2322    0.359487
        1252         100     97.2344    0.359207
        1253         100     97.2366    0.358927
        1254         100     97.2388    0.358647
        1255         100      97.241    0.358368
        1256         100     97.2432     0.35809
        1257       92.16     97.2391    0.357828
        1258       84.64     97.2291    0.357683
        1259         100     97.2313    0.357406
        1260         100     97.2335    0.357129
        1261         100     97.2357    0.356853
        1262         100     97.2379    0.356577
        1263         100     97.2401    0.356301
        1264         100     97.2423    0.356026
        1265         100     97.2445    0.355751
        1266         100     97.2466    0.355477
        1267         100     97.2488    0.355203
        1268         100      97.251    0.354929
        1269         100     97.2531    0.354656
        1270         100     97.2553    0.354383
        1271         100     97.2575    0.354111
        1272         100     97.2596    0.353839
        1273         100     97.2618    0.353568
        1274         100     97.2639    0.353297
        1275         100     97.2661    0.353026
        1276         100     97.2682    0.352756
        1277         100     97.2704    0.352486
        1278         100     97.2725    0.352217
        1279         100     97.2746    0.351948
        1280         100     97.2768     0.35168
        1281         100     97.2789    0.351412
        1282         100      97.281    0.351144
        1283         100     97.2831    0.350877
        1284         100     97.2852     0.35061
        1285         100     97.2873    0.350343
        1286         100     97.2895    0.350077
        1287         100     97.2916    0.349811
        1288         100     97.2937    0.349546
        1289         100     97.2958    0.349281
        1290         100     97.2979    0.349017
        1291         100        97.3    0.348753
        1292         100      97.302    0.348489
        1293         100     97.3041    0.348226
        1294         100     97.3062    0.347963
        1295         100     97.3083      0.3477
        1296         100     97.3104    0.347438
        1297         100     97.3124    0.347177
        1298         100     97.3145    0.346915
        1299         100     97.3166    0.346654
        1300         100     97.3186    0.346394
        1301         100     97.3207    0.346134
        1302         100     97.3228    0.345874
        1303         100     97.3248    0.345615
        1304         100     97.3269    0.345356
        1305         100     97.3289    0.345097
        1306         100      97.331    0.344839
        1307         100      97.333    0.344581
        1308         100      97.335    0.344324
        1309       84.64     97.3253    0.344197
        1310       92.16     97.3214    0.343957
        1311       70.56      97.301      0.3443
        1312       77.44     97.2859     0.34437
        1313       84.64     97.2762    0.344243
        1314          64     97.2509    0.344911
        1315         100      97.253    0.344655
        1316         100     97.2551    0.344399
        1317         100     97.2572    0.344144
        1318         100     97.2592    0.343889
        1319         100     97.2613    0.343635
        1320         100     97.2634    0.343381
        1321         100     97.2655    0.343127
        1322         100     97.2675    0.342874
        1323         100     97.2696    0.342621
        1324         100     97.2717    0.342368
        1325         100     97.2737    0.342116
        1326         100     97.2758    0.341864
        1327         100     97.2778    0.341613
        1328         100     97.2799    0.341362
        1329         100     97.2819    0.341111
        1330         100      97.284    0.340861
        1331         100      97.286    0.340611
        1332         100      97.288    0.340361
        1333         100     97.2901    0.340112
        1334         100     97.2921    0.339863
        1335         100     97.2941    0.339614
        1336         100     97.2962    0.339366
        1337         100     97.2982    0.339118
        1338         100     97.3002    0.338871
        1339         100     97.3022    0.338624
        1340         100     97.3042    0.338377
        1341         100     97.3062    0.338131
        1342         100     97.3083    0.337885
        1343         100     97.3103    0.337639
        1344         100     97.3123    0.337394
        1345         100     97.3143    0.337149
        1346         100     97.3163    0.336904
        1347         100     97.3182     0.33666
        1348         100     97.3202    0.336416
        1349         100     97.3222    0.336173
        1350         100     97.3242     0.33593
        1351         100     97.3262    0.335687
        1352         100     97.3282    0.335444
        1353         100     97.3301    0.335202
        1354         100     97.3321     0.33496
        1355         100     97.3341    0.334719
        1356         100      97.336    0.334478
        1357       77.44     97.3214    0.334553
        1358       92.16     97.3176    0.334328
        1359       92.16     97.3138    0.334103
        1360         100     97.3158    0.333864
        1361         100     97.3177    0.333624
        1362         100     97.3197    0.333385
        1363         100     97.3217    0.333146
        1364         100     97.3236    0.332908
        1365         100     97.3256     0.33267
        1366         100     97.3276    0.332432
        1367         100     97.3295    0.332194
        1368         100     97.3315    0.331957
        1369         100     97.3334    0.331721
        1370         100     97.3354    0.331484
        1371         100     97.3373    0.331248
        1372         100     97.3392    0.331012
        1373         100     97.3412    0.330777
        1374         100     97.3431    0.330542
        1375         100      97.345    0.330307
        1376         100      97.347    0.330073
        1377         100     97.3489    0.329839
        1378         100     97.3508    0.329605
        1379         100     97.3527    0.329371
        1380         100     97.3547    0.329138
        1381         100     97.3566    0.328906
        1382         100     97.3585    0.328673
        1383         100     97.3604    0.328441
        1384         100     97.3623    0.328209
        1385         100     97.3642    0.327978
        1386         100     97.3661    0.327747
        1387         100      97.368    0.327516
        1388         100     97.3699    0.327285
        1389         100     97.3718    0.327055
        1390         100     97.3737    0.326825
        1391         100     97.3756    0.326596
        1392       77.44     97.3613    0.326675
        1393       77.44      97.347    0.326754
        1394       70.56     97.3277    0.327084
        1395          64     97.3039    0.327721
        1396          64       97.28    0.328353
        1397       92.16     97.2763    0.328138
        1398         100     97.2783    0.327909
        1399         100     97.2802    0.327681
        1400         100     97.2822    0.327453
        1401         100     97.2841    0.327225
        1402         100      97.286    0.326997
        1403         100      97.288     0.32677
        1404         100     97.2899    0.326543
        1405         100     97.2918    0.326316
        1406         100     97.2938    0.326089
        1407         100     97.2957    0.325863
        1408         100     97.2976    0.325638
        1409         100     97.2995    0.325412
        1410         100     97.3014    0.325187
        1411         100     97.3034    0.324962
        1412         100     97.3053    0.324738
        1413         100     97.3072    0.324513
        1414         100     97.3091    0.324289
        1415         100      97.311    0.324066
        1416         100     97.3129    0.323843
        1417         100     97.3148     0.32362
        1418         100     97.3167    0.323397
        1419         100     97.3186    0.323174
        1420         100     97.3205    0.322952
        1421         100     97.3223    0.322731
        1422         100     97.3242    0.322509
        1423         100     97.3261    0.322288
        1424         100      97.328    0.322067
        1425         100     97.3299    0.321847
        1426         100     97.3317    0.321626
        1427         100     97.3336    0.321406
        1428         100     97.3355    0.321187
        1429         100     97.3373    0.320967
        1430         100     97.3392    0.320748
        1431         100      97.341     0.32053
        1432         100     97.3429    0.320311
        1433         100     97.3448    0.320093
        1434         100     97.3466    0.319875
        1435         100     97.3485    0.319658
        1436         100     97.3503     0.31944
        1437         100     97.3522    0.319223
        1438         100      97.354    0.319007
        1439         100     97.3558     0.31879
        1440         100     97.3577    0.318574
        1441         100     97.3595    0.318358
        1442         100     97.3613    0.318143
        1443         100     97.3632    0.317928
        1444         100      97.365    0.317713
        1445         100     97.3668    0.317498
        1446         100     97.3686    0.317284
        1447         100     97.3704     0.31707
        1448       92.16     97.3669    0.316871
        1449         100     97.3687    0.316658
        1450         100     97.3705    0.316444
        1451         100     97.3723    0.316232
        1452         100     97.3741    0.316019
        1453         100     97.3759    0.315807
        1454         100     97.3777    0.315595
        1455         100     97.3795    0.315383
        1456         100     97.3813    0.315171
        1457         100     97.3831     0.31496
        1458         100     97.3849    0.314749
        1459         100     97.3867    0.314539
        1460         100     97.3885    0.314328
        1461         100     97.3903    0.314118
        1462         100     97.3921    0.313908
        1463         100     97.3938    0.313699
        1464         100     97.3956     0.31349
        1465         100     97.3974    0.313281
        1466         100     97.3992    0.313072
        1467         100      97.401    0.312864
        1468         100     97.4027    0.312656
        1469         100     97.4045    0.312448
        1470         100     97.4063     0.31224
        1471         100      97.408    0.312033
        1472         100     97.4098    0.311826
        1473         100     97.4115    0.311619
        1474         100     97.4133    0.311413
        1475         100     97.4151    0.311206
        1476         100     97.4168    0.311001
        1477         100     97.4186    0.310795
        1478         100     97.4203     0.31059
        1479         100      97.422    0.310384
        1480         100     97.4238     0.31018
        1481         100     97.4255    0.309975
        1482         100     97.4273    0.309771
        1483         100      97.429    0.309567
        1484         100     97.4307    0.309363
        1485         100     97.4325    0.309159
        1486         100     97.4342    0.308956
        1487         100     97.4359    0.308753
        1488         100     97.4376    0.308551
        1489         100     97.4394    0.308348
        1490         100     97.4411    0.308146
        1491         100     97.4428    0.307944
        1492         100     97.4445    0.307743
        1493         100     97.4462    0.307541
        1494         100     97.4479     0.30734
        1495         100     97.4496    0.307139
        1496         100     97.4513    0.306939
        1497         100      97.453    0.306738
        1498         100     97.4547    0.306538
        1499         100     97.4564    0.306338
        1500         100     97.4581    0.306139
        1501         100     97.4598     0.30594
        1502         100     97.4615    0.305741
        1503         100     97.4632    0.305542
        1504         100     97.4649    0.305343
        1505       92.16     97.4614    0.305161
        1506       84.64     97.4529    0.305077
        1507       84.64     97.4444    0.304993
        1508       70.56     97.4265    0.305311
        1509       84.64     97.4181    0.305227
        1510       57.76     97.3918    0.306152
        1511       46.24     97.3579    0.307816
        1512       46.24     97.3241    0.309463
        1513       51.84     97.2941    0.310715
        1514       40.96     97.2569     0.31273
        1515          36     97.2164    0.315127
        1516          36      97.176    0.317495
        1517       57.76     97.1501    0.318348
        1518       51.84     97.1202    0.319534
        1519       51.84     97.0904    0.320711
        1520       46.24     97.0569     0.32224
        1521       46.24     97.0235    0.323756
        1522       46.24     96.9902    0.325258
        1523       40.96     96.9534    0.327118
        1524          36     96.9134     0.32934
        1525       27.04     96.8676    0.332296
        1526       31.36     96.8246    0.334839
        1527       40.96     96.7881    0.336613
        1528       31.36     96.7452    0.339105
        1529          36     96.7055    0.341202
        1530       40.96     96.6691    0.342919
        1531       31.36     96.6264    0.345338
        1532       46.24     96.5935    0.346675
        1533       57.76     96.5682    0.347374
        1534       46.24     96.5354    0.348693
        1535       31.36     96.4929    0.351041
        1536       40.96     96.4568     0.35267
        1537       46.24     96.4241     0.35395
        1538       57.76      96.399    0.354612
        1539       51.84       96.37    0.355562
        1540       57.76     96.3449    0.356213
        1541          64     96.3239      0.3566
        1542       51.84     96.2951    0.357534
        1543       46.24     96.2627    0.358771
        1544       51.84     96.2339     0.35969
        1545       51.84     96.2052    0.360603
        1546       40.96     96.1694    0.362136
        1547       31.36     96.1275    0.364317
        1548       51.84     96.0989    0.365204
        1549       51.84     96.0703    0.366084
        1550       31.36     96.0286    0.368221
        1551          36     95.9899    0.370012
        1552       46.24     95.9578    0.371159
        1553       57.76     95.9332    0.371734
        1554       57.76     95.9087    0.372306
        1555       70.56     95.8924    0.372423
        1556       70.56     95.8761    0.372539
        1557       77.44     95.8643    0.372488
        1558       77.44     95.8524    0.372437
        1559       77.44     95.8406    0.372385
        1560       84.64     95.8334    0.372216
        1561         100     95.8361    0.371987
        1562         100     95.8388    0.371758
        1563         100     95.8414     0.37153
        1564         100     95.8441    0.371302
        1565         100     95.8467    0.371074
        1566         100     95.8494    0.370847
        1567         100      95.852    0.370619
        1568         100     95.8547    0.370392
        1569         100     95.8573    0.370166
        1570         100       95.86    0.369939
        1571         100     95.8626    0.369713
        1572         100     95.8652    0.369487
        1573         100     95.8679    0.369262
        1574         100     95.8705    0.369037
        1575         100     95.8731    0.368812
        1576         100     95.8757    0.368587
        1577         100     95.8784    0.368362
        1578         100      95.881    0.368138
        1579         100     95.8836    0.367914
        1580         100     95.8862    0.367691
        1581         100     95.8888    0.367467
        1582         100     95.8914    0.367244
        1583         100      95.894    0.367022
        1584         100     95.8966    0.366799
        1585         100     95.8992    0.366577
        1586         100     95.9017    0.366355
        1587         100     95.9043    0.366133
        1588         100     95.9069    0.365911
        1589         100     95.9095     0.36569
        1590         100     95.9121    0.365469
        1591         100     95.9146    0.365249
        1592         100     95.9172    0.365028
        1593         100     95.9197    0.364808
        1594         100     95.9223    0.364588
        1595         100     95.9249    0.364369
        1596         100     95.9274    0.364149
        1597         100       95.93     0.36393
        1598         100     95.9325    0.363711
        1599         100     95.9351    0.363493
        1600         100     95.9376    0.363274
        1601         100     95.9401    0.363056
        1602         100     95.9427    0.362839
        1603         100     95.9452    0.362621
        1604         100     95.9477    0.362404
        1605         100     95.9503    0.362187
        1606         100     95.9528     0.36197
        1607         100     95.9553    0.361754
        1608         100     95.9578    0.361537
        1609         100     95.9603    0.361321
        1610         100     95.9628    0.361106
        1611         100     95.9653     0.36089
        1612         100     95.9678    0.360675
        1613         100     95.9703     0.36046
        1614         100     95.9728    0.360245
        1615         100     95.9753    0.360031
        1616         100     95.9778    0.359817
        1617         100     95.9803    0.359603
        1618         100     95.9828    0.359389
        1619         100     95.9853    0.359176
        1620       84.64     95.9783    0.359022
        1621       84.64     95.9713    0.358869
        1622       92.16     95.9689    0.358655
        1623       77.44     95.9575    0.358616
        1624       70.56     95.9419    0.358736
        1625          64     95.9222    0.359053
        1626       31.36     95.8825    0.361021
        1627          36     95.8457    0.362671
        1628       31.36     95.8061    0.364605
        1629       40.96     95.7724    0.365932
        1630       40.96     95.7388    0.367249
        1631       51.84     95.7119    0.368009
        1632       46.24     95.6816     0.36903
        1633       46.24     95.6513    0.370044
        1634       46.24     95.6211    0.371051
        1635       46.24     95.5909    0.372051
        1636       70.56     95.5756    0.372138
        1637          64     95.5563    0.372411
        1638       51.84     95.5296    0.373138
        1639       46.24     95.4995    0.374121
        1640       40.96     95.4662    0.375368
        1641       40.96      95.433    0.376606
        1642       57.76     95.4101    0.377074
        1643          64      95.391    0.377329
        1644       51.84     95.3645    0.378028
        1645       46.24     95.3346    0.378976
        1646       46.24     95.3048    0.379918
        1647       40.96     95.2718    0.381118
        1648       40.96     95.2388    0.382309
        1649       46.24     95.2091     0.38323
        1650       40.96     95.1762    0.384405
        1651          64     95.1574    0.384636
        1652       77.44     95.1466    0.384553
        1653          64     95.1278    0.384781
        1654          64      95.109    0.385009
        1655       77.44     95.0983    0.384924
        1656       57.76     95.0757    0.385351
        1657          64      95.057    0.385575
        1658       46.24     95.0276    0.386465
        1659       51.84     95.0015    0.387108
        1660       57.76     94.9791    0.387524
        1661       51.84     94.9531     0.38816
        1662          36     94.9176    0.389544
        1663       31.36     94.8794     0.39118
        1664          16      94.832    0.393807
        1665       12.96     94.7828    0.396628
        1666       19.36     94.7376    0.398965
        1667       19.36     94.6924     0.40128
        1668          16     94.6452    0.403803
        1669       19.36     94.6001    0.406073
        1670       12.96     94.5512    0.408762
        1671        7.84     94.4993    0.411798
        1672        7.84     94.4475    0.414801
        1673        2.56     94.3925    0.418173
        1674           4     94.3385    0.421395
        1675        5.76     94.2857    0.424449
        1676        2.56     94.2309     0.42771
        1677        2.56     94.1763    0.430933
        1678           4     94.1225    0.434015
        1679       10.24     94.0726    0.436622
        1680        5.76       94.02    0.439515
        1681           4     93.9664    0.442504
        1682           4      93.913    0.445462
        1683        7.84     93.8618    0.448124
        1684        0.64     93.8065    0.451264
        1685        0.64     93.7512    0.454371
        1686        0.64     93.6959    0.457445
        1687           0     93.6404    0.460533
        1688        1.44     93.5858    0.463488
        1689           4     93.5327    0.466239
        1690           4     93.4798    0.468963
        1691       12.96     93.4321    0.471097
        1692       10.24      93.383    0.473377
        1693          16     93.3373    0.475299
        1694       27.04     93.2981    0.476627
        1695       23.04     93.2567    0.478145
        1696       27.04     93.2176    0.479455
        1697          36     93.1839    0.480356
        1698       40.96     93.1532    0.481057
        1699       40.96     93.1224    0.481754
        1700       77.44     93.1132    0.481558
        1701       92.16     93.1127    0.481276
        1702         100     93.1167     0.48101
        1703         100     93.1208    0.480744
        1704         100     93.1248    0.480479
        1705         100     93.1288    0.480214
        1706         100     93.1328     0.47995
        1707         100     93.1369    0.479685
        1708         100     93.1409    0.479421
        1709         100     93.1449    0.479158
        1710         100     93.1489    0.478894
        1711         100     93.1529    0.478631
        1712         100     93.1569    0.478368
        1713         100     93.1609    0.478106
        1714         100     93.1649    0.477843
        1715         100     93.1689    0.477581
        1716         100     93.1729     0.47732
        1717         100     93.1768    0.477058
        1718         100     93.1808    0.476797
        1719         100     93.1848    0.476536
        1720         100     93.1887    0.476276
        1721         100     93.1927    0.476015
        1722         100     93.1967    0.475755
        1723         100     93.2006    0.475496
        1724         100     93.2045    0.475236
        1725         100     93.2085    0.474977
        1726         100     93.2124    0.474718
        1727         100     93.2164    0.474459
        1728         100     93.2203    0.474201
        1729         100     93.2242    0.473943
        1730         100     93.2281    0.473685
        1731         100      93.232    0.473428
        1732         100     93.2359    0.473171
        1733         100     93.2398    0.472914
        1734         100     93.2437    0.472657
        1735         100     93.2476    0.472401
        1736         100     93.2515    0.472145
        1737         100     93.2554    0.471889
        1738         100     93.2593    0.471633
        1739         100     93.2632    0.471378
        1740         100      93.267    0.471123
        1741         100     93.2709    0.470868
        1742         100     93.2748    0.470614
        1743         100     93.2786    0.470359
        1744         100     93.2825    0.470106
        1745         100     93.2863    0.469852
        1746         100     93.2902    0.469599
        1747         100      93.294    0.469345
        1748         100     93.2978    0.469093
        1749         100     93.3017     0.46884
        1750         100     93.3055    0.468588
        1751         100     93.3093    0.468336
        1752         100     93.3132    0.468084
        1753         100      93.317    0.467833
        1754         100     93.3208    0.467581
        1755         100     93.3246     0.46733
        1756         100     93.3284     0.46708
        1757         100     93.3322    0.466829
        1758         100      93.336    0.466579
        1759         100     93.3398    0.466329
        1760         100     93.3435     0.46608
        1761         100     93.3473     0.46583
        1762         100     93.3511    0.465581
        1763         100     93.3549    0.465332
        1764         100     93.3586    0.465084
        1765         100     93.3624    0.464836
        1766         100     93.3662    0.464588
        1767         100     93.3699     0.46434
        1768         100     93.3737    0.464092
        1769         100     93.3774    0.463845
        1770         100     93.3812    0.463598
        1771         100     93.3849    0.463351
        1772         100     93.3886    0.463105
        1773         100     93.3924    0.462859
        1774         100     93.3961    0.462613
        1775         100     93.3998    0.462367
        1776         100     93.4035    0.462122
        1777         100     93.4072    0.461877
        1778       77.44     93.3982    0.461704
        1779       70.56     93.3854    0.461623
        1780       57.76     93.3654    0.461797
        1781       51.84     93.3421    0.462126
        1782          64     93.3256     0.46216
        1783       57.76     93.3057    0.462331
        1784       77.44     93.2968    0.462158
        1785       70.56      93.284    0.462074
        1786       77.44     93.2752    0.461901
        1787       70.56     93.2625    0.461817
        1788       51.84     93.2393     0.46214
        1789       46.24      93.213    0.462627
        1790          36     93.1811    0.463472
        1791       31.36     93.1465    0.464497
        1792       46.24     93.1204    0.464974
        1793          36     93.0885    0.465805
        1794       40.96     93.0594    0.466451
        1795          36     93.0277    0.467273
        1796       40.96     92.9987    0.467911
        1797       31.36     92.9644    0.468906
        1798       27.04     92.9277    0.470077
        1799       23.04     92.8888    0.471418
        1800       27.04     92.8523    0.472573
        1801          16     92.8096    0.474234
        1802       12.96     92.7653    0.476036
        1803       12.96      92.721    0.477826
        1804        7.84      92.674    0.479872
        1805       12.96     92.6298    0.481634
        1806        5.76     92.5817    0.483763
        1807        7.84     92.5348    0.485763
        1808        5.76     92.4868     0.48786
        1809        7.84       92.44    0.489829
        1810           4     92.3912    0.491989
        1811       10.24     92.3458    0.493804
        1812        7.84     92.2992    0.495729
        1813        5.76     92.2514    0.497749
        1814        5.76     92.2037    0.499753
        1815        5.76     92.1561    0.501742
        1816           4     92.1076    0.503808
        1817       12.96      92.064     0.50541
        1818        7.84     92.0177    0.507251
        1819       19.36     91.9777    0.508543
        1820       12.96     91.9343    0.510113
        1821        7.84     91.8881    0.511919
        1822       10.24     91.8433    0.513596
        1823       10.24     91.7986    0.515261
        1824        5.76     91.7514    0.517133
        1825        2.56     91.7025    0.519154
        1826           4     91.6545    0.521087
        1827        1.44     91.6051    0.523136
        1828           4     91.5572     0.52504
        1829           4     91.5093    0.526931
        1830        5.76     91.4625    0.528723
        1831        5.76     91.4157    0.530502
        1832        7.84       91.37     0.53217
        1833           4     91.3224     0.53401
        1834           4     91.2748    0.535837
        1835        1.44     91.2258    0.537777
        1836        2.56     91.1775    0.539648
        1837        0.64     91.1282      0.5416
        1838           0     91.0787     0.54357
        1839        0.16     91.0292    0.545518
        1840        1.44     90.9805     0.54739
        1841        0.64     90.9315    0.549288
        1842        7.84     90.8863    0.550839
        1843        5.76     90.8402    0.552473
        1844        5.76      90.794    0.554097
        1845        7.84     90.7491    0.555618
        1846           4     90.7021    0.557301
        1847        7.84     90.6572    0.558802
        1848        2.56     90.6095    0.560529
        1849        1.44     90.5613    0.562297
        1850        1.44     90.5131    0.564053
        1851        1.44      90.465    0.565797
        1852        2.56     90.4175    0.567479
        1853       10.24     90.3743     0.56882
        1854          16     90.3342    0.569926
        1855        7.84     90.2897    0.571351
        1856       10.24     90.2466    0.572669
        1857        7.84     90.2022    0.574077
        1858        7.84     90.1578    0.575477
        1859           4     90.1115    0.577031
        1860        5.76     90.0662      0.5785
        1861        7.84      90.022    0.579874
        1862        2.56      89.975    0.581462
        1863        5.76     89.9298    0.582904
        1864        7.84     89.8858    0.584253
        1865       19.36     89.8479    0.585162
        1866       19.36     89.8102    0.586066
        1867       19.36     89.7724    0.586966
        1868       19.36     89.7347    0.587861
        1869       23.04      89.699    0.588628
        1870       27.04     89.6655    0.589266
        1871          36     89.6369    0.589649
        1872          36     89.6082     0.59003
        1873          36     89.5796    0.590409
        1874          36      89.551    0.590785
        1875       27.04     89.5177     0.59141
        1876          36     89.4891    0.591783
        1877       46.24     89.4661    0.591916
        1878          36     89.4376    0.592285
        1879       31.36     89.4067    0.592776
        1880       27.04     89.3735    0.593388
        1881          16     89.3345    0.594353
        1882       23.04     89.2993     0.59508
        1883       27.04     89.2662    0.595682
        1884       27.04     89.2332    0.596281
        1885       19.36     89.1961    0.597116
        1886       19.36     89.1591    0.597946
        1887       19.36     89.1221    0.598772
        1888       12.96     89.0818    0.599812
        1889       12.96     89.0415    0.600847
        1890       10.24     88.9998    0.601974
        1891        5.76     88.9558    0.603263
        1892        2.56     88.9101     0.60467
        1893           4     88.8653    0.606012
        1894        5.76     88.8214    0.607278
        1895        5.76     88.7775    0.608538
        1896           4     88.7328    0.609857
        1897        5.76     88.6891    0.611102
        1898        7.84     88.6465    0.612263
        1899        5.76     88.6028    0.613494
        1900           4     88.5583    0.614785
        1901        5.76     88.5148    0.616003
        1902        5.76     88.4713    0.617214
        1903        7.84     88.4289    0.618342
        1904        2.56     88.3838     0.61966
        1905        2.56     88.3387     0.62097
        1906        0.16     88.2925    0.622365
        1907        0.16     88.2463    0.623752
        1908           0        88.2    0.625138
        1909        0.16     88.1539    0.626509
        1910        1.44     88.1085    0.627824
        1911        1.44     88.0631    0.629131
        1912        0.64     88.0174    0.630462
        1913        0.64     87.9717    0.631784
        1914        0.64     87.9261      0.6331
        1915           0     87.8802    0.634432
        1916        0.64     87.8347    0.635733
        1917        0.16     87.7889    0.637044
        1918           0     87.7431    0.638354
        1919        0.16     87.6975    0.639651
        1920        0.16     87.6519     0.64094
        1921           0     87.6063    0.642229
        1922           0     87.5607     0.64351
        1923        2.56     87.5165    0.644692
        1924       10.24     87.4763    0.645607
        1925       12.96     87.4376    0.646431
        1926       10.24     87.3975    0.647337
        1927        2.56     87.3535    0.648496
        1928        1.44      87.309    0.649689
        1929           4     87.2658    0.650786
        1930           4     87.2226    0.651877
        1931        0.64     87.1778     0.65308
        1932        2.56      87.134    0.654209
        1933        0.16      87.089    0.655416
        1934        0.64     87.0443    0.656599
        1935        1.44     87.0001    0.657749
        1936        0.16     86.9552    0.658937
        1937        0.64     86.9106    0.660102
        1938        1.44     86.8665    0.661233
        1939           0     86.8217    0.662408
        1940        0.16     86.7771    0.663571
        1941           0     86.7324    0.664733
        1942        0.64      86.688    0.665867
        1943           0     86.6434    0.667018
        1944           4     86.6009    0.668028
        1945        2.56     86.5577     0.66908
        1946        1.44      86.514    0.670165
        1947        2.56     86.4708    0.671206
        1948        1.44     86.4272     0.67228
        1949           0     86.3828    0.673396
        1950           0     86.3385    0.674506
        1951        1.44      86.295    0.675562
        1952        2.56     86.2521    0.676577
        1953        5.76     86.2109    0.677485
        1954        5.76     86.1697    0.678388
        1955        7.84     86.1297    0.679223
        1956        7.84     86.0897    0.680054
        1957       10.24     86.0509     0.68081
        1958       31.36      86.023    0.681035
        1959       12.96     85.9857    0.681708
        1960       10.24      85.947    0.682455
        1961       10.24     85.9084    0.683198
        1962       12.96     85.8712     0.68386
        1963        7.84     85.8315    0.684666
        1964       12.96     85.7944    0.685322
        1965        5.76     85.7536    0.686183
        1966        5.76      85.713    0.687039
        1967       10.24     85.6746    0.687761
        1968        5.76      85.634    0.688609
        1969        7.84     85.5945    0.689392
        1970       10.24     85.5562    0.690102
        1971        7.84     85.5168    0.690877
        1972        5.76     85.4763     0.69171
        1973       10.24     85.4382     0.69241
        1974       12.96     85.4015    0.693032
        1975       12.96     85.3648    0.693651
        1976       12.96     85.3282    0.694267
        1977       31.36     85.3009    0.694452
        1978          16     85.2658    0.694984
        1979          16     85.2308    0.695514
        1980       19.36     85.1976    0.695958
        1981       19.36     85.1643    0.696399
        1982       27.04      85.135    0.696665
        1983       27.04     85.1057     0.69693
        1984       57.76     85.0919    0.696715
        1985       51.84     85.0752    0.696565
        1986       57.76     85.0614     0.69635
        1987       57.76     85.0477    0.696135
        1988       51.84      85.031    0.695985
        1989       57.76     85.0173    0.695771
        1990       40.96     84.9951    0.695773
        1991       40.96      84.973    0.695775
        1992       57.76     84.9594     0.69556
        1993          64     84.9488     0.69529
        1994       51.84     84.9322     0.69514
        1995       51.84     84.9156    0.694989
        1996       46.24     84.8963    0.694911
        1997          16     84.8618    0.695419
        1998       23.04     84.8308    0.695759
        1999       27.04     84.8019    0.696011
        2000       40.96       84.78    0.696008
