#     BLOCK:   ACTUAL_TE:    TE_AVE:      ERROR:
           1        -0.6        -0.6           0
           2       -0.68       -0.64   0.0282843
           3       -0.68   -0.653333   0.0217732
           4       -0.84        -0.7    0.043589
           5       -0.84      -0.728   0.0429325
           6       -0.84   -0.746667   0.0396279
           7       -0.84       -0.76   0.0361403
           8       -0.92       -0.78   0.0367423
           9       -0.92   -0.795556   0.0358016
          10       -0.92      -0.808   0.0343162
          11       -0.92   -0.818182   0.0326721
          12       -0.92   -0.826667   0.0310316
          13       -0.92   -0.833846   0.0294634
          14       -0.92       -0.84   0.0279942
          15       -0.92   -0.845333   0.0266311
          16       -0.92       -0.85   0.0253722
          17       -0.92   -0.854118   0.0242116
          18       -0.92   -0.857778   0.0231415
          19       -0.92   -0.861053    0.022154
          20       -0.92      -0.864   0.0212415
          21       -0.92   -0.866667   0.0203967
          22       -0.92   -0.869091   0.0196131
          23       -0.92   -0.871304   0.0188848
          24       -0.92   -0.873333   0.0182066
          25       -0.92     -0.8752   0.0175738
          26       -0.92   -0.876923   0.0169821
          27       -0.92   -0.878519    0.016428
          28       -0.92       -0.88   0.0159079
          29       -0.92   -0.881379    0.015419
          30       -0.92   -0.882667   0.0149587
          31       -0.92   -0.883871   0.0145246
          32       -0.92      -0.885   0.0141145
          33       -0.92   -0.886061   0.0137266
          34       -0.92   -0.887059   0.0133591
          35       -0.92      -0.888   0.0130105
          36       -0.92   -0.888889   0.0126794
          37       -0.92    -0.88973   0.0123646
          38       -0.92   -0.890526   0.0120648
          39       -0.92   -0.891282   0.0117791
          40          -1      -0.894   0.0117941
          41          -1   -0.896585   0.0117864
          42       -0.92   -0.897143   0.0115189
          43       -0.92   -0.897674   0.0112633
          44       -0.92   -0.898182   0.0110187
          45       -0.92   -0.898667   0.0107845
          46       -0.92    -0.89913   0.0105601
          47          -1   -0.901277   0.0105512
          48          -1   -0.903333   0.0105299
          49          -1   -0.905306   0.0104982
          50          -1     -0.9072   0.0104577
          51          -1    -0.90902   0.0104097
          52          -1   -0.910769   0.0103555
          53          -1   -0.912453   0.0102961
          54          -1   -0.914074   0.0102323
          55          -1   -0.915636   0.0101648
          56          -1   -0.917143   0.0100943
          57          -1   -0.918596   0.0100213
          58          -1       -0.92  0.00994635
          59          -1   -0.921356  0.00986976
          60          -1   -0.922667  0.00979191
          61       -0.92   -0.922623  0.00963148
          62       -0.92   -0.922581  0.00947623
          63       -0.92    -0.92254   0.0093259
          64       -0.92     -0.9225  0.00918027
          65       -0.92   -0.922462  0.00903911
          66       -0.92   -0.922424  0.00890224
          67       -0.92   -0.922388  0.00876944
          68          -1   -0.923529  0.00871444
          69          -1   -0.924638  0.00865832
          70          -1   -0.925714  0.00860131
          71          -1   -0.926761  0.00854356
          72          -1   -0.927778  0.00848524
          73          -1   -0.928767  0.00842648
          74          -1    -0.92973  0.00836741
          75          -1   -0.930667  0.00830814
          76          -1   -0.931579  0.00824876
          77          -1   -0.932468  0.00818935
          78          -1   -0.933333     0.00813
          79          -1   -0.934177  0.00807076
          80          -1      -0.935  0.00801171
          81          -1   -0.935802  0.00795289
          82          -1   -0.936585  0.00789434
          83          -1   -0.937349  0.00783611
          84          -1   -0.938095  0.00777824
          85          -1   -0.938824  0.00772075
          86          -1   -0.939535  0.00766368
          87          -1    -0.94023  0.00760704
          88          -1   -0.940909  0.00755085
          89          -1   -0.941573  0.00749515
          90          -1   -0.942222  0.00743993
          91          -1   -0.942857  0.00738521
          92          -1   -0.943478  0.00733101
          93          -1   -0.944086  0.00727733
          94          -1   -0.944681  0.00722418
          95          -1   -0.945263  0.00717157
          96          -1   -0.945833   0.0071195
          97          -1   -0.946392  0.00706796
          98          -1   -0.946939  0.00701698
          99          -1   -0.947475  0.00696654
         100          -1      -0.948  0.00691665
         101          -1   -0.948515   0.0068673
         102          -1    -0.94902   0.0068185
         103          -1   -0.949515  0.00677024
         104          -1       -0.95  0.00672252
         105          -1   -0.950476  0.00667534
         106          -1   -0.950943   0.0066287
         107          -1   -0.951402  0.00658258
         108          -1   -0.951852    0.006537
         109          -1   -0.952294  0.00649193
         110          -1   -0.952727  0.00644738
         111          -1   -0.953153  0.00640335
         112          -1   -0.953571  0.00635982
         113          -1   -0.953982   0.0063168
         114          -1   -0.954386  0.00627427
         115          -1   -0.954783  0.00623224
         116          -1   -0.955172  0.00619069
         117          -1   -0.955556  0.00614962
         118          -1   -0.955932  0.00610903
         119          -1   -0.956303  0.00606891
         120          -1   -0.956667  0.00602925
         121          -1   -0.957025  0.00599005
         122          -1   -0.957377   0.0059513
         123          -1   -0.957724  0.00591299
         124          -1   -0.958065  0.00587513
         125          -1     -0.9584   0.0058377
         126          -1    -0.95873   0.0058007
         127          -1   -0.959055  0.00576412
         128          -1   -0.959375  0.00572795
         129          -1    -0.95969   0.0056922
         130          -1       -0.96  0.00565685
         131          -1   -0.960305  0.00562191
         132          -1   -0.960606  0.00558735
         133          -1   -0.960902  0.00555319
         134          -1   -0.961194  0.00551941
         135          -1   -0.961481    0.005486
         136          -1   -0.961765  0.00545297
         137          -1   -0.962044  0.00542031
         138          -1   -0.962319    0.005388
         139          -1    -0.96259  0.00535605
         140          -1   -0.962857  0.00532446
         141          -1   -0.963121  0.00529321
         142          -1    -0.96338   0.0052623
         143          -1   -0.963636  0.00523173
         144          -1   -0.963889  0.00520149
         145          -1   -0.964138  0.00517157
         146          -1   -0.964384  0.00514198
         147          -1   -0.964626  0.00511271
         148          -1   -0.964865  0.00508375
         149          -1   -0.965101  0.00505509
         150          -1   -0.965333  0.00502674
         151          -1   -0.965563  0.00499869
         152          -1   -0.965789  0.00497094
         153          -1   -0.966013  0.00494348
         154          -1   -0.966234   0.0049163
         155          -1   -0.966452   0.0048894
         156          -1   -0.966667  0.00486279
         157          -1   -0.966879  0.00483645
         158          -1   -0.967089  0.00481038
         159          -1   -0.967296  0.00478458
         160          -1     -0.9675  0.00475904
         161          -1   -0.967702  0.00473376
         162          -1   -0.967901  0.00470873
         163          -1   -0.968098  0.00468396
         164          -1   -0.968293  0.00465944
         165          -1   -0.968485  0.00463516
         166          -1   -0.968675  0.00461112
         167          -1   -0.968862  0.00458733
         168          -1   -0.969048  0.00456376
         169       -0.92   -0.968757  0.00454598
         170       -0.92   -0.968471  0.00452827
         171          -1   -0.968655  0.00450555
         172          -1   -0.968837  0.00448303
         173          -1   -0.969017  0.00446074
         174          -1   -0.969195  0.00443865
         175          -1   -0.969371  0.00441678
         176          -1   -0.969545  0.00439511
         177          -1   -0.969718  0.00437365
         178          -1   -0.969888  0.00435238
         179          -1   -0.970056  0.00433132
         180          -1   -0.970222  0.00431045
         181          -1   -0.970387  0.00428977
         182          -1   -0.970549  0.00426929
         183          -1    -0.97071  0.00424899
         184          -1    -0.97087  0.00422888
         185          -1   -0.971027  0.00420895
         186          -1   -0.971183   0.0041892
         187          -1   -0.971337  0.00416963
         188          -1   -0.971489  0.00415024
         189          -1    -0.97164  0.00413102
         190          -1   -0.971789  0.00411198
         191          -1   -0.971937   0.0040931
         192          -1   -0.972083  0.00407439
         193          -1   -0.972228  0.00405585
         194          -1   -0.972371  0.00403747
         195          -1   -0.972513  0.00401925
         196          -1   -0.972653  0.00400119
         197          -1   -0.972792  0.00398328
         198          -1   -0.972929  0.00396553
         199          -1   -0.973065  0.00394794
         200          -1     -0.9732   0.0039305
         201          -1   -0.973333   0.0039132
         202          -1   -0.973465  0.00389606
         203          -1   -0.973596  0.00387906
         204          -1   -0.973725   0.0038622
         205          -1   -0.973854  0.00384549
         206          -1   -0.973981  0.00382891
         207          -1   -0.974106  0.00381248
         208          -1   -0.974231  0.00379618
         209          -1   -0.974354  0.00378002
         210          -1   -0.974476  0.00376399
         211          -1   -0.974597   0.0037481
         212          -1   -0.974717  0.00373233
         213          -1   -0.974836  0.00371669
         214          -1   -0.974953  0.00370119
         215          -1    -0.97507  0.00368581
         216          -1   -0.975185  0.00367055
         217          -1     -0.9753  0.00365541
         218          -1   -0.975413   0.0036404
         219          -1   -0.975525  0.00362551
         220          -1   -0.975636  0.00361074
         221          -1   -0.975747  0.00359608
         222          -1   -0.975856  0.00358154
         223          -1   -0.975964  0.00356712
         224          -1   -0.976071  0.00355281
         225          -1   -0.976178  0.00353861
         226          -1   -0.976283  0.00352452
         227          -1   -0.976388  0.00351054
         228          -1   -0.976491  0.00349667
         229          -1   -0.976594  0.00348291
         230          -1   -0.976696  0.00346925
         231          -1   -0.976797   0.0034557
         232          -1   -0.976897  0.00344225
         233          -1   -0.976996  0.00342891
         234          -1   -0.977094  0.00341566
         235          -1   -0.977191  0.00340252
         236          -1   -0.977288  0.00338947
         237          -1   -0.977384  0.00337652
         238          -1   -0.977479  0.00336367
         239          -1   -0.977573  0.00335092
         240          -1   -0.977667  0.00333826
         241          -1   -0.977759  0.00332569
         242          -1   -0.977851  0.00331322
         243          -1   -0.977942  0.00330084
         244          -1   -0.978033  0.00328855
         245          -1   -0.978122  0.00327635
         246          -1   -0.978211  0.00326424
         247          -1     -0.9783  0.00325221
         248          -1   -0.978387  0.00324028
         249          -1   -0.978474  0.00322843
         250          -1    -0.97856  0.00321666
         251          -1   -0.978645  0.00320498
         252          -1    -0.97873  0.00319338
         253          -1   -0.978814  0.00318187
         254          -1   -0.978898  0.00317043
         255          -1    -0.97898  0.00315908
         256          -1   -0.979063   0.0031478
         257          -1   -0.979144  0.00313661
         258          -1   -0.979225  0.00312549
         259          -1   -0.979305  0.00311446
         260          -1   -0.979385  0.00310349
         261          -1   -0.979464  0.00309261
         262          -1   -0.979542   0.0030818
         263          -1    -0.97962  0.00307106
         264          -1   -0.979697   0.0030604
         265          -1   -0.979774  0.00304981
         266          -1    -0.97985  0.00303929
         267          -1   -0.979925  0.00302885
         268          -1       -0.98  0.00301847
         269          -1   -0.980074  0.00300816
         270          -1   -0.980148  0.00299793
         271          -1   -0.980221  0.00298776
         272          -1   -0.980294  0.00297766
         273          -1   -0.980366  0.00296763
         274          -1   -0.980438  0.00295766
         275          -1   -0.980509  0.00294776
         276          -1    -0.98058  0.00293793
         277          -1    -0.98065  0.00292816
         278          -1   -0.980719  0.00291845
         279          -1   -0.980789  0.00290881
         280          -1   -0.980857  0.00289923
         281          -1   -0.980925  0.00288971
         282          -1   -0.980993  0.00288026
         283          -1    -0.98106  0.00287086
         284          -1   -0.981127  0.00286153
         285          -1   -0.981193  0.00285225
         286          -1   -0.981259  0.00284304
         287          -1   -0.981324  0.00283388
         288          -1   -0.981389  0.00282479
         289          -1   -0.981453  0.00281575
         290          -1   -0.981517  0.00280676
         291          -1   -0.981581  0.00279784
         292          -1   -0.981644  0.00278896
         293          -1   -0.981706  0.00278015
         294          -1   -0.981769  0.00277139
         295          -1   -0.981831  0.00276268
         296          -1   -0.981892  0.00275403
         297          -1   -0.981953  0.00274543
         298          -1   -0.982013  0.00273689
         299          -1   -0.982074   0.0027284
         300          -1   -0.982133  0.00271996
         301          -1   -0.982193  0.00271157
         302          -1   -0.982252  0.00270323
         303          -1    -0.98231  0.00269494
         304          -1   -0.982368  0.00268671
         305          -1   -0.982426  0.00267852
         306          -1   -0.982484  0.00267038
         307          -1   -0.982541  0.00266229
         308          -1   -0.982597  0.00265425
         309          -1   -0.982654  0.00264626
         310          -1    -0.98271  0.00263832
         311          -1   -0.982765  0.00263042
         312          -1   -0.982821  0.00262257
         313          -1   -0.982875  0.00261476
         314          -1    -0.98293    0.002607
         315          -1   -0.982984  0.00259929
         316          -1   -0.983038  0.00259162
         317          -1   -0.983091    0.002584
         318          -1   -0.983145  0.00257642
         319          -1   -0.983197  0.00256889
         320          -1    -0.98325  0.00256139
         321          -1   -0.983302  0.00255395
         322          -1   -0.983354  0.00254654
         323          -1   -0.983406  0.00253918
         324          -1   -0.983457  0.00253186
         325          -1   -0.983508  0.00252458
         326          -1   -0.983558  0.00251734
         327          -1   -0.983609  0.00251015
         328          -1   -0.983659  0.00250299
         329          -1   -0.983708  0.00249588
         330          -1   -0.983758   0.0024888
         331          -1   -0.983807  0.00248177
         332          -1   -0.983855  0.00247477
         333          -1   -0.983904  0.00246781
         334          -1   -0.983952  0.00246089
         335          -1      -0.984  0.00245401
         336          -1   -0.984048  0.00244717
         337          -1   -0.984095  0.00244037
         338          -1   -0.984142   0.0024336
         339          -1   -0.984189  0.00242687
         340          -1   -0.984235  0.00242018
         341          -1   -0.984282  0.00241353
         342          -1   -0.984327  0.00240691
         343          -1   -0.984373  0.00240032
         344          -1   -0.984419  0.00239377
         345          -1   -0.984464  0.00238726
         346          -1   -0.984509  0.00238078
         347          -1   -0.984553  0.00237434
         348          -1   -0.984598  0.00236793
         349          -1   -0.984642  0.00236156
         350          -1   -0.984686  0.00235522
         351          -1   -0.984729  0.00234891
         352          -1   -0.984773  0.00234264
         353          -1   -0.984816   0.0023364
         354          -1   -0.984859   0.0023302
         355          -1   -0.984901  0.00232402
         356          -1   -0.984944  0.00231788
         357          -1   -0.984986  0.00231177
         358          -1   -0.985028   0.0023057
         359          -1    -0.98507  0.00229965
         360          -1   -0.985111  0.00229364
         361          -1   -0.985152  0.00228765
         362          -1   -0.985193   0.0022817
         363          -1   -0.985234  0.00227578
         364          -1   -0.985275  0.00226989
         365          -1   -0.985315  0.00226403
         366          -1   -0.985355   0.0022582
         367          -1   -0.985395   0.0022524
         368          -1   -0.985435  0.00224663
         369          -1   -0.985474  0.00224089
         370          -1   -0.985514  0.00223517
         371          -1   -0.985553  0.00222949
         372          -1   -0.985591  0.00222383
         373          -1    -0.98563  0.00221821
         374          -1   -0.985668  0.00221261
         375          -1   -0.985707  0.00220704
         376          -1   -0.985745   0.0022015
         377          -1   -0.985782  0.00219598
         378          -1    -0.98582  0.00219049
         379          -1   -0.985858  0.00218503
         380          -1   -0.985895   0.0021796
         381          -1   -0.985932   0.0021742
         382          -1   -0.985969  0.00216882
         383          -1   -0.986005  0.00216346
         384          -1   -0.986042  0.00215814
         385          -1   -0.986078  0.00215283
         386          -1   -0.986114  0.00214756
         387          -1    -0.98615  0.00214231
         388          -1   -0.986186  0.00213709
         389          -1   -0.986221  0.00213189
         390          -1   -0.986256  0.00212671
         391          -1   -0.986292  0.00212156
         392          -1   -0.986327  0.00211644
         393          -1   -0.986361  0.00211134
         394          -1   -0.986396  0.00210627
         395          -1    -0.98643  0.00210122
         396          -1   -0.986465  0.00209619
         397          -1   -0.986499  0.00209119
         398          -1   -0.986533  0.00208621
         399          -1   -0.986566  0.00208125
         400          -1     -0.9866  0.00207632
         401          -1   -0.986633  0.00207141
         402          -1   -0.986667  0.00206652
         403          -1     -0.9867  0.00206166
         404          -1   -0.986733  0.00205682
         405          -1   -0.986765    0.002052
         406          -1   -0.986798  0.00204721
         407          -1    -0.98683  0.00204243
         408          -1   -0.986863  0.00203768
         409          -1   -0.986895  0.00203295
         410          -1   -0.986927  0.00202825
         411          -1   -0.986959  0.00202356
         412       -0.92   -0.986796  0.00202517
         413          -1   -0.986828  0.00202052
         414          -1    -0.98686  0.00201589
         415          -1   -0.986892  0.00201128
         416          -1   -0.986923  0.00200669
         417          -1   -0.986954  0.00200212
         418          -1   -0.986986  0.00199757
         419          -1   -0.987017  0.00199305
         420          -1   -0.987048  0.00198854
         421          -1   -0.987078  0.00198406
         422          -1   -0.987109  0.00197959
         423          -1   -0.987139  0.00197515
         424          -1    -0.98717  0.00197072
         425          -1     -0.9872  0.00196632
         426          -1    -0.98723  0.00196193
         427          -1    -0.98726  0.00195756
         428          -1    -0.98729  0.00195322
         429          -1   -0.987319  0.00194889
         430          -1   -0.987349  0.00194458
         431          -1   -0.987378  0.00194029
         432          -1   -0.987407  0.00193602
         433          -1   -0.987436  0.00193176
         434          -1   -0.987465  0.00192753
         435          -1   -0.987494  0.00192331
         436          -1   -0.987523  0.00191912
         437          -1   -0.987551  0.00191494
         438          -1    -0.98758  0.00191078
         439          -1   -0.987608  0.00190663
         440          -1   -0.987636  0.00190251
         441          -1   -0.987664   0.0018984
         442          -1   -0.987692  0.00189431
         443          -1    -0.98772  0.00189024
         444          -1   -0.987748  0.00188618
         445          -1   -0.987775  0.00188214
         446          -1   -0.987803  0.00187812
         447          -1    -0.98783  0.00187412
         448          -1   -0.987857  0.00187013
         449          -1   -0.987884  0.00186617
         450          -1   -0.987911  0.00186221
         451          -1   -0.987938  0.00185828
         452          -1   -0.987965  0.00185436
         453          -1   -0.987991  0.00185045
         454          -1   -0.988018  0.00184657
         455          -1   -0.988044   0.0018427
         456          -1    -0.98807  0.00183884
         457          -1   -0.988096    0.001835
         458          -1   -0.988122  0.00183118
         459          -1   -0.988148  0.00182737
         460          -1   -0.988174  0.00182358
         461          -1     -0.9882  0.00181981
         462          -1   -0.988225  0.00181605
         463          -1   -0.988251   0.0018123
         464          -1   -0.988276  0.00180857
         465          -1   -0.988301  0.00180486
         466          -1   -0.988326  0.00180116
         467          -1   -0.988351  0.00179748
         468          -1   -0.988376  0.00179381
         469          -1   -0.988401  0.00179016
         470          -1   -0.988426  0.00178652
         471          -1    -0.98845  0.00178289
         472          -1   -0.988475  0.00177928
         473          -1   -0.988499  0.00177569
         474          -1   -0.988523  0.00177211
         475          -1   -0.988547  0.00176854
         476          -1   -0.988571  0.00176499
         477          -1   -0.988595  0.00176145
         478          -1   -0.988619  0.00175793
         479          -1   -0.988643  0.00175442
         480          -1   -0.988667  0.00175093
         481          -1    -0.98869  0.00174744
         482          -1   -0.988714  0.00174398
         483          -1   -0.988737  0.00174052
         484          -1    -0.98876  0.00173708
         485          -1   -0.988784  0.00173365
         486          -1   -0.988807  0.00173024
         487          -1    -0.98883  0.00172684
         488          -1   -0.988852  0.00172345
         489          -1   -0.988875  0.00172008
         490          -1   -0.988898  0.00171672
         491          -1   -0.988921  0.00171337
         492          -1   -0.988943  0.00171004
         493          -1   -0.988966  0.00170672
         494          -1   -0.988988  0.00170341
         495          -1    -0.98901  0.00170011
         496          -1   -0.989032  0.00169683
         497          -1   -0.989054  0.00169356
         498          -1   -0.989076   0.0016903
         499          -1   -0.989098  0.00168705
         500          -1    -0.98912  0.00168382
         501          -1   -0.989142   0.0016806
         502          -1   -0.989163  0.00167739
         503          -1   -0.989185  0.00167419
         504          -1   -0.989206  0.00167101
         505          -1   -0.989228  0.00166784
         506          -1   -0.989249  0.00166468
         507          -1    -0.98927  0.00166153
         508          -1   -0.989291  0.00165839
         509          -1   -0.989312  0.00165527
         510          -1   -0.989333  0.00165216
         511          -1   -0.989354  0.00164905
         512          -1   -0.989375  0.00164596
         513          -1   -0.989396  0.00164289
         514          -1   -0.989416  0.00163982
         515          -1   -0.989437  0.00163676
         516          -1   -0.989457  0.00163372
         517          -1   -0.989478  0.00163069
         518          -1   -0.989498  0.00162767
         519          -1   -0.989518  0.00162466
         520          -1   -0.989538  0.00162166
         521          -1   -0.989559  0.00161867
         522          -1   -0.989579  0.00161569
         523          -1   -0.989598  0.00161272
         524          -1   -0.989618  0.00160977
         525          -1   -0.989638  0.00160682
         526          -1   -0.989658  0.00160389
         527          -1   -0.989677  0.00160097
         528          -1   -0.989697  0.00159805
         529          -1   -0.989716  0.00159515
         530          -1   -0.989736  0.00159226
         531          -1   -0.989755  0.00158938
         532          -1   -0.989774  0.00158651
         533          -1   -0.989794  0.00158365
         534          -1   -0.989813   0.0015808
         535          -1   -0.989832  0.00157796
         536          -1   -0.989851  0.00157513
         537          -1    -0.98987  0.00157231
         538          -1   -0.989888   0.0015695
         539          -1   -0.989907   0.0015667
         540          -1   -0.989926  0.00156391
         541          -1   -0.989945  0.00156113
         542          -1   -0.989963  0.00155836
         543          -1   -0.989982   0.0015556
         544       -0.92   -0.989853  0.00155805
         545       -0.92   -0.989725  0.00156045
         546       -0.92   -0.989597  0.00156281
         547       -0.92    -0.98947  0.00156512
         548       -0.92   -0.989343  0.00156739
         549       -0.92   -0.989217  0.00156962
         550       -0.92   -0.989091   0.0015718
         551       -0.92   -0.988966  0.00157394
         552       -0.92   -0.988841  0.00157604
         553          -1   -0.988861  0.00157332
         554          -1   -0.988881  0.00157061
         555          -1   -0.988901  0.00156791
         556          -1   -0.988921  0.00156522
         557          -1   -0.988941  0.00156253
         558          -1   -0.988961  0.00155986
         559          -1    -0.98898  0.00155719
         560          -1      -0.989  0.00155454
         561          -1    -0.98902  0.00155189
         562          -1   -0.989039  0.00154925
         563          -1   -0.989059  0.00154662
         564          -1   -0.989078    0.001544
         565          -1   -0.989097  0.00154139
         566          -1   -0.989117  0.00153879
         567          -1   -0.989136  0.00153619
         568          -1   -0.989155  0.00153361
         569          -1   -0.989174  0.00153103
         570          -1   -0.989193  0.00152846
         571          -1   -0.989212   0.0015259
         572          -1   -0.989231  0.00152335
         573          -1    -0.98925  0.00152081
         574          -1   -0.989268  0.00151827
         575          -1   -0.989287  0.00151575
         576          -1   -0.989306  0.00151323
         577          -1   -0.989324  0.00151072
         578          -1   -0.989343  0.00150822
         579          -1   -0.989361  0.00150573
         580          -1   -0.989379  0.00150324
         581          -1   -0.989398  0.00150077
         582          -1   -0.989416   0.0014983
         583          -1   -0.989434  0.00149584
         584          -1   -0.989452  0.00149339
         585          -1    -0.98947  0.00149094
         586          -1   -0.989488  0.00148851
         587          -1   -0.989506  0.00148608
         588          -1   -0.989524  0.00148366
         589          -1   -0.989542  0.00148125
         590          -1   -0.989559  0.00147884
         591          -1   -0.989577  0.00147645
         592          -1   -0.989595  0.00147406
         593          -1   -0.989612  0.00147167
         594          -1    -0.98963   0.0014693
         595          -1   -0.989647  0.00146694
         596          -1   -0.989664  0.00146458
         597          -1   -0.989682  0.00146223
         598          -1   -0.989699  0.00145988
         599          -1   -0.989716  0.00145755
         600          -1   -0.989733  0.00145522
         601          -1    -0.98975   0.0014529
         602          -1   -0.989767  0.00145058
         603          -1   -0.989784  0.00144828
         604          -1   -0.989801  0.00144598
         605          -1   -0.989818  0.00144369
         606          -1   -0.989835   0.0014414
         607          -1   -0.989852  0.00143912
         608          -1   -0.989868  0.00143685
         609          -1   -0.989885  0.00143459
         610          -1   -0.989902  0.00143233
         611          -1   -0.989918  0.00143009
         612          -1   -0.989935  0.00142784
         613          -1   -0.989951  0.00142561
         614          -1   -0.989967  0.00142338
         615          -1   -0.989984  0.00142116
         616          -1       -0.99  0.00141895
         617          -1   -0.990016  0.00141674
         618          -1   -0.990032  0.00141454
         619          -1   -0.990048  0.00141235
         620          -1   -0.990065  0.00141016
         621          -1   -0.990081  0.00140798
         622          -1   -0.990096  0.00140581
         623          -1   -0.990112  0.00140364
         624          -1   -0.990128  0.00140148
         625          -1   -0.990144  0.00139933
         626          -1    -0.99016  0.00139718
         627          -1   -0.990175  0.00139504
         628          -1   -0.990191   0.0013929
         629          -1   -0.990207  0.00139078
         630          -1   -0.990222  0.00138866
         631          -1   -0.990238  0.00138654
         632          -1   -0.990253  0.00138443
         633          -1   -0.990269  0.00138233
         634          -1   -0.990284  0.00138024
         635          -1   -0.990299  0.00137815
         636          -1   -0.990314  0.00137607
         637          -1    -0.99033  0.00137399
         638          -1   -0.990345  0.00137192
         639          -1    -0.99036  0.00136986
         640          -1   -0.990375   0.0013678
         641          -1    -0.99039  0.00136575
         642          -1   -0.990405   0.0013637
         643          -1    -0.99042  0.00136166
         644          -1   -0.990435  0.00135963
         645          -1    -0.99045   0.0013576
         646          -1   -0.990464  0.00135558
         647          -1   -0.990479  0.00135357
         648          -1   -0.990494  0.00135156
         649          -1   -0.990508  0.00134955
         650          -1   -0.990523  0.00134756
         651          -1   -0.990538  0.00134557
         652          -1   -0.990552  0.00134358
         653          -1   -0.990567   0.0013416
         654          -1   -0.990581  0.00133963
         655          -1   -0.990595  0.00133766
         656          -1    -0.99061   0.0013357
         657          -1   -0.990624  0.00133374
         658          -1   -0.990638  0.00133179
         659          -1   -0.990653  0.00132984
         660          -1   -0.990667   0.0013279
         661       -0.92    -0.99056  0.00133019
         662       -0.92   -0.990453  0.00133245
         663          -1   -0.990468  0.00133051
         664          -1   -0.990482  0.00132859
         665          -1   -0.990496  0.00132667
         666          -1   -0.990511  0.00132475
         667          -1   -0.990525  0.00132284
         668          -1   -0.990539  0.00132094
         669          -1   -0.990553  0.00131904
         670          -1   -0.990567  0.00131715
         671          -1   -0.990581  0.00131526
         672          -1   -0.990595  0.00131338
         673          -1   -0.990609   0.0013115
         674          -1   -0.990623  0.00130963
         675          -1   -0.990637  0.00130776
         676          -1   -0.990651   0.0013059
         677          -1   -0.990665  0.00130404
         678          -1   -0.990678  0.00130219
         679          -1   -0.990692  0.00130035
         680          -1   -0.990706  0.00129851
         681          -1    -0.99072  0.00129667
         682          -1   -0.990733  0.00129484
         683          -1   -0.990747  0.00129302
         684          -1    -0.99076   0.0012912
         685       -0.92   -0.990657  0.00129344
         686          -1   -0.990671  0.00129162
         687          -1   -0.990684  0.00128982
         688          -1   -0.990698  0.00128801
         689          -1   -0.990711  0.00128621
         690          -1   -0.990725  0.00128442
         691          -1   -0.990738  0.00128263
         692          -1   -0.990751  0.00128085
         693          -1   -0.990765  0.00127907
         694          -1   -0.990778  0.00127729
         695          -1   -0.990791  0.00127553
         696          -1   -0.990805  0.00127376
         697          -1   -0.990818    0.001272
         698          -1   -0.990831  0.00127025
         699          -1   -0.990844   0.0012685
         700          -1   -0.990857  0.00126675
         701          -1    -0.99087  0.00126501
         702          -1   -0.990883  0.00126328
         703          -1   -0.990896  0.00126155
         704          -1   -0.990909  0.00125982
         705          -1   -0.990922   0.0012581
         706          -1   -0.990935  0.00125639
         707          -1   -0.990948  0.00125467
         708          -1    -0.99096  0.00125297
         709          -1   -0.990973  0.00125126
         710          -1   -0.990986  0.00124957
         711          -1   -0.990999  0.00124787
         712       -0.92   -0.990899   0.0012501
         713       -0.92   -0.990799  0.00125229
         714          -1   -0.990812  0.00125061
         715          -1   -0.990825  0.00124892
         716          -1   -0.990838  0.00124724
         717          -1   -0.990851  0.00124557
         718          -1   -0.990864   0.0012439
         719          -1   -0.990876  0.00124224
         720          -1   -0.990889  0.00124057
         721          -1   -0.990902  0.00123892
         722          -1   -0.990914  0.00123727
         723          -1   -0.990927  0.00123562
         724          -1   -0.990939  0.00123398
         725          -1   -0.990952  0.00123234
         726          -1   -0.990964   0.0012307
         727          -1   -0.990977  0.00122907
         728          -1   -0.990989  0.00122745
         729          -1   -0.991001  0.00122583
         730          -1   -0.991014  0.00122421
         731          -1   -0.991026   0.0012226
         732          -1   -0.991038  0.00122099
         733          -1    -0.99105  0.00121938
         734          -1   -0.991063  0.00121778
         735          -1   -0.991075  0.00121619
         736          -1   -0.991087  0.00121459
         737          -1   -0.991099  0.00121301
         738          -1   -0.991111  0.00121142
         739          -1   -0.991123  0.00120984
         740          -1   -0.991135  0.00120827
         741          -1   -0.991147   0.0012067
         742          -1   -0.991159  0.00120513
         743          -1   -0.991171  0.00120357
         744          -1   -0.991183  0.00120201
         745          -1   -0.991195  0.00120045
         746          -1   -0.991206   0.0011989
         747          -1   -0.991218  0.00119735
         748          -1    -0.99123  0.00119581
         749          -1   -0.991242  0.00119427
         750          -1   -0.991253  0.00119273
         751          -1   -0.991265   0.0011912
         752          -1   -0.991277  0.00118968
         753          -1   -0.991288  0.00118815
         754          -1     -0.9913  0.00118663
         755          -1   -0.991311  0.00118512
         756          -1   -0.991323  0.00118361
         757          -1   -0.991334   0.0011821
         758          -1   -0.991346  0.00118059
         759          -1   -0.991357  0.00117909
         760          -1   -0.991368   0.0011776
         761          -1    -0.99138   0.0011761
         762          -1   -0.991391  0.00117461
         763          -1   -0.991402  0.00117313
         764          -1   -0.991414  0.00117165
         765          -1   -0.991425  0.00117017
         766       -0.92   -0.991332  0.00117235
         767          -1   -0.991343  0.00117088
         768          -1   -0.991354  0.00116941
         769          -1   -0.991365  0.00116794
         770          -1   -0.991377  0.00116648
         771          -1   -0.991388  0.00116502
         772          -1   -0.991399  0.00116356
         773          -1    -0.99141  0.00116211
         774          -1   -0.991421  0.00116066
         775          -1   -0.991432  0.00115922
         776          -1   -0.991443  0.00115778
         777          -1   -0.991454  0.00115634
         778          -1   -0.991465   0.0011549
         779          -1   -0.991476  0.00115347
         780          -1   -0.991487  0.00115205
         781          -1   -0.991498  0.00115062
         782          -1   -0.991509   0.0011492
         783          -1    -0.99152  0.00114779
         784          -1   -0.991531  0.00114637
         785          -1   -0.991541  0.00114496
         786          -1   -0.991552  0.00114356
         787          -1   -0.991563  0.00114215
         788          -1   -0.991574  0.00114076
         789       -0.92   -0.991483  0.00114291
         790       -0.92   -0.991392  0.00114504
         791          -1   -0.991403  0.00114364
         792          -1   -0.991414  0.00114225
         793          -1   -0.991425  0.00114086
         794          -1   -0.991436  0.00113948
         795          -1   -0.991447  0.00113809
         796          -1   -0.991457  0.00113672
         797          -1   -0.991468  0.00113534
         798          -1   -0.991479  0.00113397
         799          -1   -0.991489   0.0011326
         800          -1     -0.9915  0.00113123
         801          -1   -0.991511  0.00112987
         802          -1   -0.991521  0.00112851
         803          -1   -0.991532  0.00112716
         804          -1   -0.991542   0.0011258
         805          -1   -0.991553  0.00112445
         806          -1   -0.991563  0.00112311
         807          -1   -0.991574  0.00112176
         808          -1   -0.991584  0.00112042
         809          -1   -0.991595  0.00111909
         810          -1   -0.991605  0.00111775
         811          -1   -0.991615  0.00111642
         812          -1   -0.991626   0.0011151
         813          -1   -0.991636  0.00111377
         814          -1   -0.991646  0.00111245
         815          -1   -0.991656  0.00111113
         816          -1   -0.991667  0.00110982
         817          -1   -0.991677  0.00110851
         818          -1   -0.991687   0.0011072
         819          -1   -0.991697  0.00110589
         820          -1   -0.991707  0.00110459
         821          -1   -0.991717  0.00110329
         822          -1   -0.991727    0.001102
         823          -1   -0.991738   0.0011007
         824          -1   -0.991748  0.00109941
         825          -1   -0.991758  0.00109813
         826          -1   -0.991768  0.00109684
         827          -1   -0.991778  0.00109556
         828          -1   -0.991787  0.00109428
         829          -1   -0.991797  0.00109301
         830          -1   -0.991807  0.00109173
         831          -1   -0.991817  0.00109047
         832          -1   -0.991827   0.0010892
         833          -1   -0.991837  0.00108794
         834          -1   -0.991847  0.00108668
         835          -1   -0.991856  0.00108542
         836          -1   -0.991866  0.00108416
         837          -1   -0.991876  0.00108291
         838          -1   -0.991885  0.00108166
         839          -1   -0.991895  0.00108042
         840          -1   -0.991905  0.00107917
         841          -1   -0.991914  0.00107793
         842          -1   -0.991924   0.0010767
         843          -1   -0.991934  0.00107546
         844          -1   -0.991943  0.00107423
         845          -1   -0.991953    0.001073
         846          -1   -0.991962  0.00107177
         847          -1   -0.991972  0.00107055
         848          -1   -0.991981  0.00106933
         849          -1   -0.991991  0.00106811
         850          -1      -0.992   0.0010669
         851          -1   -0.992009  0.00106569
         852          -1   -0.992019  0.00106448
         853          -1   -0.992028  0.00106327
         854          -1   -0.992037  0.00106206
         855          -1   -0.992047  0.00106086
         856          -1   -0.992056  0.00105966
         857          -1   -0.992065  0.00105847
         858          -1   -0.992075  0.00105728
         859          -1   -0.992084  0.00105608
         860          -1   -0.992093   0.0010549
         861          -1   -0.992102  0.00105371
         862          -1   -0.992111  0.00105253
         863          -1   -0.992121  0.00105135
         864          -1    -0.99213  0.00105017
         865          -1   -0.992139    0.001049
         866          -1   -0.992148  0.00104783
         867          -1   -0.992157  0.00104666
         868          -1   -0.992166  0.00104549
         869          -1   -0.992175  0.00104432
         870          -1   -0.992184  0.00104316
         871          -1   -0.992193    0.001042
         872          -1   -0.992202  0.00104085
         873          -1   -0.992211  0.00103969
         874          -1    -0.99222  0.00103854
         875          -1   -0.992229  0.00103739
         876          -1   -0.992237  0.00103625
         877          -1   -0.992246   0.0010351
         878          -1   -0.992255  0.00103396
         879          -1   -0.992264  0.00103282
         880          -1   -0.992273  0.00103169
         881          -1   -0.992281  0.00103055
         882          -1    -0.99229  0.00102942
         883          -1   -0.992299  0.00102829
         884          -1   -0.992308  0.00102717
         885          -1   -0.992316  0.00102604
         886          -1   -0.992325  0.00102492
         887          -1   -0.992334   0.0010238
         888          -1   -0.992342  0.00102269
         889          -1   -0.992351  0.00102157
         890          -1    -0.99236  0.00102046
         891          -1   -0.992368  0.00101935
         892          -1   -0.992377  0.00101824
         893          -1   -0.992385  0.00101714
         894          -1   -0.992394  0.00101604
         895          -1   -0.992402  0.00101494
         896          -1   -0.992411  0.00101384
         897          -1   -0.992419  0.00101275
         898          -1   -0.992428  0.00101165
         899          -1   -0.992436  0.00101056
         900          -1   -0.992444  0.00100948
         901          -1   -0.992453  0.00100839
         902          -1   -0.992461  0.00100731
         903          -1    -0.99247  0.00100623
         904          -1   -0.992478  0.00100515
         905          -1   -0.992486  0.00100407
         906          -1   -0.992494    0.001003
         907          -1   -0.992503  0.00100192
         908          -1   -0.992511  0.00100086
         909          -1   -0.992519 0.000999788
         910          -1   -0.992527 0.000998723
         911          -1   -0.992536 0.000997661
         912          -1   -0.992544   0.0009966
         913          -1   -0.992552 0.000995542
         914          -1    -0.99256 0.000994486
         915          -1   -0.992568 0.000993433
         916          -1   -0.992576 0.000992381
         917          -1   -0.992585 0.000991332
         918          -1   -0.992593 0.000990285
         919          -1   -0.992601  0.00098924
         920          -1   -0.992609 0.000988198
         921          -1   -0.992617 0.000987157
         922          -1   -0.992625 0.000986119
         923          -1   -0.992633 0.000985083
         924          -1   -0.992641 0.000984049
         925          -1   -0.992649 0.000983018
         926          -1   -0.992657 0.000981988
         927          -1   -0.992665 0.000980961
         928          -1   -0.992672 0.000979936
         929          -1    -0.99268 0.000978913
         930          -1   -0.992688 0.000977892
         931          -1   -0.992696 0.000976873
         932          -1   -0.992704 0.000975856
         933          -1   -0.992712 0.000974841
         934          -1   -0.992719 0.000973829
         935          -1   -0.992727 0.000972819
         936          -1   -0.992735  0.00097181
         937          -1   -0.992743 0.000970804
         938          -1   -0.992751   0.0009698
         939          -1   -0.992758 0.000968798
         940          -1   -0.992766 0.000967798
         941          -1   -0.992774   0.0009668
         942          -1   -0.992781 0.000965804
         943          -1   -0.992789  0.00096481
         944          -1   -0.992797 0.000963818
         945          -1   -0.992804 0.000962829
         946          -1   -0.992812 0.000961841
         947          -1   -0.992819 0.000960855
         948          -1   -0.992827 0.000959871
         949          -1   -0.992835  0.00095889
         950          -1   -0.992842  0.00095791
         951          -1    -0.99285 0.000956932
         952          -1   -0.992857 0.000955957
         953          -1   -0.992865 0.000954983
         954          -1   -0.992872 0.000954011
         955          -1    -0.99288 0.000953041
         956          -1   -0.992887 0.000952074
         957          -1   -0.992894 0.000951108
         958          -1   -0.992902 0.000950144
         959          -1   -0.992909 0.000949182
         960          -1   -0.992917 0.000948222
         961          -1   -0.992924 0.000947264
         962          -1   -0.992931 0.000946308
         963          -1   -0.992939 0.000945353
         964          -1   -0.992946 0.000944401
         965          -1   -0.992953 0.000943451
         966          -1   -0.992961 0.000942502
         967          -1   -0.992968 0.000941556
         968          -1   -0.992975 0.000940611
         969          -1   -0.992982 0.000939668
         970          -1    -0.99299 0.000938728
         971          -1   -0.992997 0.000937789
         972          -1   -0.993004 0.000936851
         973          -1   -0.993011 0.000935916
         974          -1   -0.993018 0.000934983
         975          -1   -0.993026 0.000934051
         976          -1   -0.993033 0.000933122
         977          -1    -0.99304 0.000932194
         978          -1   -0.993047 0.000931268
         979          -1   -0.993054 0.000930344
         980          -1   -0.993061 0.000929421
         981          -1   -0.993068 0.000928501
         982          -1   -0.993075 0.000927582
         983          -1   -0.993082 0.000926665
         984          -1   -0.993089  0.00092575
         985          -1   -0.993096 0.000924837
         986          -1   -0.993103 0.000923925
         987          -1    -0.99311 0.000923016
         988          -1   -0.993117 0.000922108
         989          -1   -0.993124 0.000921202
         990          -1   -0.993131 0.000920297
         991          -1   -0.993138 0.000919395
         992          -1   -0.993145 0.000918494
         993          -1   -0.993152 0.000917595
         994          -1   -0.993159 0.000916698
         995          -1   -0.993166 0.000915802
         996          -1   -0.993173 0.000914908
         997          -1    -0.99318 0.000914016
         998          -1   -0.993186 0.000913126
         999          -1   -0.993193 0.000912237
        1000          -1     -0.9932 0.000911351
        1001          -1   -0.993207 0.000910466
        1002          -1   -0.993214 0.000909582
        1003          -1    -0.99322   0.0009087
        1004          -1   -0.993227  0.00090782
        1005          -1   -0.993234 0.000906942
        1006          -1   -0.993241 0.000906066
        1007          -1   -0.993247 0.000905191
        1008          -1   -0.993254 0.000904317
        1009          -1   -0.993261 0.000903446
        1010          -1   -0.993267 0.000902576
        1011          -1   -0.993274 0.000901708
        1012          -1   -0.993281 0.000900841
        1013          -1   -0.993287 0.000899976
        1014          -1   -0.993294 0.000899113
        1015          -1     -0.9933 0.000898252
        1016          -1   -0.993307 0.000897392
        1017          -1   -0.993314 0.000896534
        1018          -1    -0.99332 0.000895677
        1019          -1   -0.993327 0.000894822
        1020          -1   -0.993333 0.000893969
        1021          -1    -0.99334 0.000893117
        1022          -1   -0.993346 0.000892267
        1023          -1   -0.993353 0.000891418
        1024          -1   -0.993359 0.000890571
        1025          -1   -0.993366 0.000889726
        1026          -1   -0.993372 0.000888882
        1027          -1   -0.993379  0.00088804
        1028          -1   -0.993385   0.0008872
        1029          -1   -0.993392 0.000886361
        1030          -1   -0.993398 0.000885524
        1031          -1   -0.993404 0.000884688
        1032          -1   -0.993411 0.000883854
        1033          -1   -0.993417 0.000883021
        1034          -1   -0.993424  0.00088219
        1035          -1    -0.99343 0.000881361
        1036          -1   -0.993436 0.000880533
        1037          -1   -0.993443 0.000879706
        1038          -1   -0.993449 0.000878881
        1039          -1   -0.993455 0.000878058
        1040          -1   -0.993462 0.000877236
        1041          -1   -0.993468 0.000876416
        1042          -1   -0.993474 0.000875598
        1043          -1    -0.99348  0.00087478
        1044          -1   -0.993487 0.000873965
        1045          -1   -0.993493 0.000873151
        1046          -1   -0.993499 0.000872338
        1047          -1   -0.993505 0.000871527
        1048          -1   -0.993511 0.000870717
        1049          -1   -0.993518 0.000869909
        1050          -1   -0.993524 0.000869103
        1051          -1    -0.99353 0.000868298
        1052          -1   -0.993536 0.000867494
        1053          -1   -0.993542 0.000866692
        1054          -1   -0.993548 0.000865891
        1055          -1   -0.993555 0.000865092
        1056          -1   -0.993561 0.000864294
        1057          -1   -0.993567 0.000863498
        1058          -1   -0.993573 0.000862704
        1059          -1   -0.993579  0.00086191
        1060          -1   -0.993585 0.000861118
        1061          -1   -0.993591 0.000860328
        1062          -1   -0.993597 0.000859539
        1063          -1   -0.993603 0.000858752
        1064          -1   -0.993609 0.000857966
        1065          -1   -0.993615 0.000857181
        1066          -1   -0.993621 0.000856398
        1067          -1   -0.993627 0.000855616
        1068          -1   -0.993633 0.000854836
        1069          -1   -0.993639 0.000854057
        1070          -1   -0.993645 0.000853279
        1071          -1   -0.993651 0.000852503
        1072          -1   -0.993657 0.000851728
        1073          -1   -0.993663 0.000850955
        1074       -0.92   -0.993594 0.000852922
        1075          -1     -0.9936  0.00085215
        1076          -1   -0.993606 0.000851379
        1077          -1   -0.993612 0.000850609
        1078          -1   -0.993618  0.00084984
        1079          -1   -0.993624 0.000849073
        1080          -1    -0.99363 0.000848308
        1081          -1   -0.993636 0.000847543
        1082          -1   -0.993641 0.000846781
        1083          -1   -0.993647 0.000846019
        1084          -1   -0.993653 0.000845259
        1085          -1   -0.993659   0.0008445
        1086          -1   -0.993665 0.000843743
        1087          -1   -0.993671 0.000842987
        1088          -1   -0.993676 0.000842232
        1089          -1   -0.993682 0.000841478
        1090          -1   -0.993688 0.000840726
        1091          -1   -0.993694 0.000839976
        1092          -1     -0.9937 0.000839226
        1093          -1   -0.993705 0.000838478
        1094          -1   -0.993711 0.000837732
        1095          -1   -0.993717 0.000836986
        1096          -1   -0.993723 0.000836242
        1097          -1   -0.993728   0.0008355
        1098          -1   -0.993734 0.000834758
        1099          -1    -0.99374 0.000834018
        1100          -1   -0.993745 0.000833279
        1101          -1   -0.993751 0.000832542
        1102          -1   -0.993757 0.000831806
        1103          -1   -0.993762 0.000831071
        1104          -1   -0.993768 0.000830337
        1105          -1   -0.993774 0.000829605
        1106          -1   -0.993779 0.000828874
        1107          -1   -0.993785 0.000828144
        1108          -1   -0.993791 0.000827416
        1109          -1   -0.993796 0.000826689
        1110          -1   -0.993802 0.000825963
        1111          -1   -0.993807 0.000825238
        1112          -1   -0.993813 0.000824515
        1113          -1   -0.993819 0.000823793
        1114          -1   -0.993824 0.000823072
        1115          -1    -0.99383 0.000822352
        1116          -1   -0.993835 0.000821634
        1117          -1   -0.993841 0.000820917
        1118          -1   -0.993846 0.000820201
        1119          -1   -0.993852 0.000819487
        1120          -1   -0.993857 0.000818773
        1121          -1   -0.993863 0.000818061
        1122          -1   -0.993868 0.000817351
        1123          -1   -0.993874 0.000816641
        1124          -1   -0.993879 0.000815933
        1125          -1   -0.993884 0.000815225
        1126          -1    -0.99389  0.00081452
        1127          -1   -0.993895 0.000813815
        1128          -1   -0.993901 0.000813111
        1129          -1   -0.993906 0.000812409
        1130          -1   -0.993912 0.000811708
        1131          -1   -0.993917 0.000811008
        1132          -1   -0.993922  0.00081031
        1133          -1   -0.993928 0.000809612
        1134          -1   -0.993933 0.000808916
        1135          -1   -0.993938 0.000808221
        1136          -1   -0.993944 0.000807527
        1137          -1   -0.993949 0.000806834
        1138          -1   -0.993954 0.000806143
        1139          -1    -0.99396 0.000805453
        1140          -1   -0.993965 0.000804764
        1141          -1    -0.99397 0.000804076
        1142          -1   -0.993975 0.000803389
        1143          -1   -0.993981 0.000802703
        1144          -1   -0.993986 0.000802019
        1145          -1   -0.993991 0.000801336
        1146          -1   -0.993997 0.000800653
        1147       -0.92   -0.993932  0.00080255
        1148       -0.92   -0.993868 0.000804431
        1149          -1   -0.993873 0.000803749
        1150          -1   -0.993878 0.000803067
        1151          -1   -0.993884 0.000802387
        1152          -1   -0.993889 0.000801708
        1153          -1   -0.993894  0.00080103
        1154          -1   -0.993899 0.000800354
        1155          -1   -0.993905 0.000799678
        1156          -1    -0.99391 0.000799004
        1157          -1   -0.993915 0.000798331
        1158          -1   -0.993921 0.000797659
        1159          -1   -0.993926 0.000796988
        1160          -1   -0.993931 0.000796318
        1161          -1   -0.993936 0.000795649
        1162          -1   -0.993941 0.000794981
        1163          -1   -0.993947 0.000794315
        1164          -1   -0.993952  0.00079365
        1165          -1   -0.993957 0.000792985
        1166          -1   -0.993962 0.000792322
        1167          -1   -0.993967  0.00079166
        1168          -1   -0.993973 0.000790999
        1169          -1   -0.993978 0.000790339
        1170          -1   -0.993983 0.000789681
        1171          -1   -0.993988 0.000789023
        1172          -1   -0.993993 0.000788366
        1173          -1   -0.993998 0.000787711
        1174          -1   -0.994003 0.000787056
        1175          -1   -0.994009 0.000786403
        1176          -1   -0.994014 0.000785751
        1177          -1   -0.994019   0.0007851
        1178          -1   -0.994024  0.00078445
        1179          -1   -0.994029 0.000783801
        1180          -1   -0.994034 0.000783153
        1181          -1   -0.994039 0.000782506
        1182          -1   -0.994044  0.00078186
        1183          -1   -0.994049 0.000781216
        1184          -1   -0.994054 0.000780572
        1185          -1   -0.994059 0.000779929
        1186          -1   -0.994064 0.000779288
        1187          -1   -0.994069 0.000778647
        1188          -1   -0.994074 0.000778008
        1189          -1   -0.994079  0.00077737
        1190          -1   -0.994084 0.000776732
        1191          -1   -0.994089 0.000776096
        1192          -1   -0.994094 0.000775461
        1193          -1   -0.994099 0.000774827
        1194          -1   -0.994104 0.000774193
        1195          -1   -0.994109 0.000773561
        1196          -1   -0.994114  0.00077293
        1197          -1   -0.994119   0.0007723
        1198          -1   -0.994124 0.000771671
        1199          -1   -0.994128 0.000771043
        1200          -1   -0.994133 0.000770416
        1201          -1   -0.994138  0.00076979
        1202          -1   -0.994143 0.000769165
        1203          -1   -0.994148 0.000768541
        1204          -1   -0.994153 0.000767918
        1205          -1   -0.994158 0.000767296
        1206          -1   -0.994163 0.000766675
        1207          -1   -0.994167 0.000766055
        1208          -1   -0.994172 0.000765436
        1209          -1   -0.994177 0.000764818
        1210          -1   -0.994182 0.000764201
        1211          -1   -0.994187 0.000763585
        1212          -1   -0.994191 0.000762971
        1213          -1   -0.994196 0.000762357
        1214          -1   -0.994201 0.000761744
        1215          -1   -0.994206 0.000761132
        1216          -1   -0.994211 0.000760521
        1217          -1   -0.994215 0.000759911
        1218          -1    -0.99422 0.000759301
        1219          -1   -0.994225 0.000758693
        1220          -1    -0.99423 0.000758086
        1221          -1   -0.994234  0.00075748
        1222          -1   -0.994239 0.000756875
        1223          -1   -0.994244 0.000756271
        1224          -1   -0.994248 0.000755668
        1225          -1   -0.994253 0.000755065
        1226          -1   -0.994258 0.000754464
        1227          -1   -0.994262 0.000753864
        1228          -1   -0.994267 0.000753264
        1229          -1   -0.994272 0.000752666
        1230          -1   -0.994276 0.000752068
        1231          -1   -0.994281 0.000751472
        1232          -1   -0.994286 0.000750876
        1233          -1    -0.99429 0.000750281
        1234          -1   -0.994295 0.000749688
        1235          -1     -0.9943 0.000749095
        1236          -1   -0.994304 0.000748503
        1237          -1   -0.994309 0.000747912
        1238          -1   -0.994313 0.000747322
        1239          -1   -0.994318 0.000746733
        1240          -1   -0.994323 0.000746145
        1241       -0.92   -0.994263 0.000747943
        1242          -1   -0.994267 0.000747355
        1243          -1   -0.994272 0.000746768
        1244          -1   -0.994277 0.000746182
        1245          -1   -0.994281 0.000745597
        1246          -1   -0.994286 0.000745013
        1247          -1    -0.99429 0.000744429
        1248          -1   -0.994295 0.000743847
        1249          -1   -0.994299 0.000743265
        1250          -1   -0.994304 0.000742685
        1251          -1   -0.994309 0.000742105
        1252          -1   -0.994313 0.000741526
        1253          -1   -0.994318 0.000740948
        1254          -1   -0.994322 0.000740371
        1255          -1   -0.994327 0.000739795
        1256          -1   -0.994331  0.00073922
        1257       -0.92   -0.994272 0.000740993
        1258       -0.92   -0.994213 0.000742752
        1259          -1   -0.994218 0.000742177
        1260          -1   -0.994222 0.000741602
        1261          -1   -0.994227 0.000741028
        1262          -1   -0.994231 0.000740455
        1263          -1   -0.994236 0.000739883
        1264          -1   -0.994241 0.000739311
        1265          -1   -0.994245 0.000738741
        1266          -1    -0.99425 0.000738171
        1267          -1   -0.994254 0.000737603
        1268          -1   -0.994259 0.000737035
        1269          -1   -0.994263 0.000736468
        1270          -1   -0.994268 0.000735902
        1271          -1   -0.994272 0.000735337
        1272          -1   -0.994277 0.000734773
        1273          -1   -0.994281 0.000734209
        1274          -1   -0.994286 0.000733647
        1275          -1    -0.99429 0.000733085
        1276          -1   -0.994295 0.000732524
        1277          -1   -0.994299 0.000731964
        1278          -1   -0.994304 0.000731405
        1279          -1   -0.994308 0.000730847
        1280          -1   -0.994312 0.000730289
        1281          -1   -0.994317 0.000729732
        1282          -1   -0.994321 0.000729177
        1283          -1   -0.994326 0.000728622
        1284          -1    -0.99433 0.000728068
        1285          -1   -0.994335 0.000727515
        1286          -1   -0.994339 0.000726962
        1287          -1   -0.994343 0.000726411
        1288          -1   -0.994348  0.00072586
        1289          -1   -0.994352  0.00072531
        1290          -1   -0.994357 0.000724761
        1291          -1   -0.994361 0.000724213
        1292          -1   -0.994365 0.000723665
        1293          -1    -0.99437 0.000723119
        1294          -1   -0.994374 0.000722573
        1295          -1   -0.994378 0.000722028
        1296          -1   -0.994383 0.000721484
        1297          -1   -0.994387 0.000720941
        1298          -1   -0.994391 0.000720398
        1299          -1   -0.994396 0.000719857
        1300          -1     -0.9944 0.000719316
        1301          -1   -0.994404 0.000718776
        1302          -1   -0.994409 0.000718237
        1303          -1   -0.994413 0.000717698
        1304          -1   -0.994417 0.000717161
        1305          -1   -0.994421 0.000716624
        1306          -1   -0.994426 0.000716088
        1307          -1    -0.99443 0.000715553
        1308          -1   -0.994434 0.000715018
        1309       -0.92   -0.994377  0.00071673
        1310       -0.92   -0.994321 0.000718428
        1311       -0.92   -0.994264 0.000720113
        1312       -0.92   -0.994207 0.000721785
        1313       -0.92   -0.994151 0.000723445
        1314       -0.92   -0.994094 0.000725092
        1315          -1   -0.994099 0.000724554
        1316          -1   -0.994103 0.000724018
        1317          -1   -0.994108 0.000723482
        1318          -1   -0.994112 0.000722947
        1319          -1   -0.994117 0.000722412
        1320          -1   -0.994121 0.000721879
        1321          -1   -0.994126 0.000721346
        1322          -1    -0.99413 0.000720814
        1323          -1   -0.994135 0.000720283
        1324          -1   -0.994139 0.000719753
        1325          -1   -0.994143 0.000719223
        1326          -1   -0.994148 0.000718694
        1327          -1   -0.994152 0.000718166
        1328          -1   -0.994157 0.000717639
        1329          -1   -0.994161 0.000717112
        1330          -1   -0.994165 0.000716587
        1331          -1    -0.99417 0.000716062
        1332          -1   -0.994174 0.000715537
        1333          -1   -0.994179 0.000715014
        1334          -1   -0.994183 0.000714491
        1335          -1   -0.994187 0.000713969
        1336          -1   -0.994192 0.000713448
        1337          -1   -0.994196 0.000712928
        1338          -1     -0.9942 0.000712408
        1339          -1   -0.994205 0.000711889
        1340          -1   -0.994209 0.000711371
        1341          -1   -0.994213 0.000710854
        1342          -1   -0.994218 0.000710337
        1343          -1   -0.994222 0.000709821
        1344          -1   -0.994226 0.000709306
        1345          -1    -0.99423 0.000708792
        1346          -1   -0.994235 0.000708278
        1347          -1   -0.994239 0.000707765
        1348          -1   -0.994243 0.000707253
        1349          -1   -0.994248 0.000706742
        1350          -1   -0.994252 0.000706231
        1351          -1   -0.994256 0.000705721
        1352          -1    -0.99426 0.000705212
        1353          -1   -0.994265 0.000704703
        1354          -1   -0.994269 0.000704196
        1355          -1   -0.994273 0.000703689
        1356          -1   -0.994277 0.000703182
        1357       -0.92   -0.994223 0.000704791
        1358       -0.92   -0.994168 0.000706389
        1359       -0.92   -0.994113 0.000707974
        1360          -1   -0.994118 0.000707467
        1361          -1   -0.994122  0.00070696
        1362          -1   -0.994126 0.000706454
        1363          -1   -0.994131 0.000705949
        1364          -1   -0.994135 0.000705444
        1365          -1   -0.994139 0.000704941
        1366          -1   -0.994143 0.000704438
        1367          -1   -0.994148 0.000703935
        1368          -1   -0.994152 0.000703434
        1369          -1   -0.994156 0.000702933
        1370          -1   -0.994161 0.000702433
        1371          -1   -0.994165 0.000701933
        1372          -1   -0.994169 0.000701435
        1373          -1   -0.994173 0.000700937
        1374          -1   -0.994178 0.000700439
        1375          -1   -0.994182 0.000699943
        1376          -1   -0.994186 0.000699447
        1377          -1    -0.99419 0.000698952
        1378          -1   -0.994194 0.000698457
        1379          -1   -0.994199 0.000697963
        1380          -1   -0.994203  0.00069747
        1381          -1   -0.994207 0.000696978
        1382          -1   -0.994211 0.000696486
        1383          -1   -0.994215 0.000695995
        1384          -1    -0.99422 0.000695505
        1385          -1   -0.994224 0.000695015
        1386          -1   -0.994228 0.000694526
        1387          -1   -0.994232 0.000694038
        1388          -1   -0.994236  0.00069355
        1389          -1    -0.99424 0.000693063
        1390          -1   -0.994245 0.000692577
        1391          -1   -0.994249 0.000692092
        1392       -0.92   -0.994195 0.000693647
        1393       -0.92   -0.994142 0.000695191
        1394       -0.92   -0.994089 0.000696724
        1395       -0.92   -0.994036 0.000698245
        1396       -0.92   -0.993983 0.000699756
        1397       -0.92    -0.99393 0.000701257
        1398          -1   -0.993934 0.000700769
        1399          -1   -0.993939 0.000700281
        1400          -1   -0.993943 0.000699794
        1401          -1   -0.993947 0.000699308
        1402          -1   -0.993951 0.000698823
        1403          -1   -0.993956 0.000698338
        1404          -1    -0.99396 0.000697854
        1405          -1   -0.993964  0.00069737
        1406          -1   -0.993969 0.000696887
        1407          -1   -0.993973 0.000696405
        1408          -1   -0.993977 0.000695924
        1409          -1   -0.993982 0.000695443
        1410          -1   -0.993986 0.000694963
        1411          -1    -0.99399 0.000694484
        1412          -1   -0.993994 0.000694005
        1413          -1   -0.993999 0.000693527
        1414          -1   -0.994003 0.000693049
        1415          -1   -0.994007 0.000692572
        1416          -1   -0.994011 0.000692096
        1417          -1   -0.994016 0.000691621
        1418          -1    -0.99402 0.000691146
        1419          -1   -0.994024 0.000690671
        1420          -1   -0.994028 0.000690198
        1421          -1   -0.994032 0.000689725
        1422          -1   -0.994037 0.000689253
        1423          -1   -0.994041 0.000688781
        1424          -1   -0.994045  0.00068831
        1425          -1   -0.994049  0.00068784
        1426          -1   -0.994053  0.00068737
        1427          -1   -0.994057 0.000686901
        1428          -1   -0.994062 0.000686433
        1429          -1   -0.994066 0.000685965
        1430          -1    -0.99407 0.000685498
        1431          -1   -0.994074 0.000685031
        1432          -1   -0.994078 0.000684565
        1433          -1   -0.994082   0.0006841
        1434          -1   -0.994086 0.000683635
        1435          -1   -0.994091 0.000683171
        1436          -1   -0.994095 0.000682708
        1437          -1   -0.994099 0.000682245
        1438          -1   -0.994103 0.000681783
        1439          -1   -0.994107 0.000681322
        1440          -1   -0.994111 0.000680861
        1441          -1   -0.994115 0.000680401
        1442          -1   -0.994119 0.000679941
        1443          -1   -0.994123 0.000679482
        1444          -1   -0.994127 0.000679024
        1445          -1   -0.994131 0.000678566
        1446          -1   -0.994136 0.000678109
        1447          -1    -0.99414 0.000677652
        1448       -0.92   -0.994088 0.000679116
        1449          -1   -0.994092  0.00067866
        1450          -1   -0.994097 0.000678204
        1451          -1   -0.994101 0.000677749
        1452          -1   -0.994105 0.000677294
        1453          -1   -0.994109  0.00067684
        1454          -1   -0.994113 0.000676387
        1455          -1   -0.994117 0.000675934
        1456          -1   -0.994121 0.000675482
        1457          -1   -0.994125  0.00067503
        1458          -1   -0.994129 0.000674579
        1459          -1   -0.994133 0.000674129
        1460          -1   -0.994137 0.000673679
        1461          -1   -0.994141  0.00067323
        1462          -1   -0.994145 0.000672781
        1463          -1   -0.994149 0.000672333
        1464          -1   -0.994153 0.000671886
        1465          -1   -0.994157 0.000671439
        1466          -1   -0.994161 0.000670993
        1467          -1   -0.994165 0.000670547
        1468          -1   -0.994169 0.000670102
        1469          -1   -0.994173 0.000669658
        1470          -1   -0.994177 0.000669214
        1471          -1   -0.994181 0.000668771
        1472          -1   -0.994185 0.000668328
        1473          -1   -0.994189 0.000667886
        1474          -1   -0.994193 0.000667445
        1475          -1   -0.994197 0.000667004
        1476          -1   -0.994201 0.000666564
        1477          -1   -0.994204 0.000666124
        1478          -1   -0.994208 0.000665685
        1479          -1   -0.994212 0.000665246
        1480          -1   -0.994216 0.000664808
        1481          -1    -0.99422 0.000664371
        1482          -1   -0.994224 0.000663934
        1483          -1   -0.994228 0.000663498
        1484          -1   -0.994232 0.000663062
        1485          -1   -0.994236 0.000662627
        1486          -1    -0.99424 0.000662192
        1487          -1   -0.994243 0.000661758
        1488          -1   -0.994247 0.000661325
        1489          -1   -0.994251 0.000660892
        1490          -1   -0.994255  0.00066046
        1491          -1   -0.994259 0.000660028
        1492          -1   -0.994263 0.000659597
        1493          -1   -0.994267 0.000659166
        1494          -1    -0.99427 0.000658736
        1495          -1   -0.994274 0.000658307
        1496          -1   -0.994278 0.000657878
        1497          -1   -0.994282 0.000657449
        1498          -1   -0.994286 0.000657022
        1499          -1    -0.99429 0.000656594
        1500          -1   -0.994293 0.000656168
        1501          -1   -0.994297 0.000655741
        1502          -1   -0.994301 0.000655316
        1503          -1   -0.994305 0.000654891
        1504          -1   -0.994309 0.000654466
        1505       -0.92   -0.994259 0.000655891
        1506       -0.92    -0.99421 0.000657307
        1507       -0.92   -0.994161 0.000658713
        1508       -0.92   -0.994111 0.000660109
        1509       -0.92   -0.994062 0.000661496
        1510       -0.84    -0.99396  0.00066888
        1511       -0.84   -0.993858 0.000676154
        1512       -0.84   -0.993757 0.000683321
        1513       -0.84   -0.993655 0.000690384
        1514       -0.84   -0.993554 0.000697348
        1515       -0.84   -0.993452 0.000704215
        1516       -0.84   -0.993351 0.000710988
        1517       -0.92   -0.993303 0.000712162
        1518       -0.92   -0.993254 0.000713328
        1519       -0.92   -0.993206 0.000714486
        1520       -0.92   -0.993158 0.000715638
        1521       -0.92    -0.99311 0.000716782
        1522       -0.92   -0.993062 0.000717919
        1523       -0.92   -0.993014 0.000719048
        1524       -0.92   -0.992966 0.000720171
        1525       -0.92   -0.992918 0.000721286
        1526       -0.92    -0.99287 0.000722394
        1527       -0.92   -0.992823 0.000723496
        1528       -0.92   -0.992775  0.00072459
        1529       -0.92   -0.992727 0.000725678
        1530       -0.92    -0.99268 0.000726759
        1531       -0.92   -0.992632 0.000727833
        1532       -0.92   -0.992585   0.0007289
        1533       -0.92   -0.992538 0.000729961
        1534       -0.92    -0.99249 0.000731015
        1535       -0.92   -0.992443 0.000732063
        1536       -0.92   -0.992396 0.000733104
        1537       -0.92   -0.992349 0.000734139
        1538       -0.92   -0.992302 0.000735167
        1539       -0.92   -0.992255 0.000736189
        1540       -0.92   -0.992208 0.000737204
        1541       -0.92   -0.992161 0.000738213
        1542       -0.92   -0.992114 0.000739217
        1543       -0.92   -0.992067 0.000740213
        1544       -0.92   -0.992021 0.000741204
        1545       -0.92   -0.991974 0.000742189
        1546       -0.92   -0.991928 0.000743167
        1547       -0.92   -0.991881  0.00074414
        1548       -0.92   -0.991835 0.000745107
        1549       -0.92   -0.991788 0.000746067
        1550       -0.92   -0.991742 0.000747022
        1551       -0.92   -0.991696 0.000747971
        1552       -0.92   -0.991649 0.000748915
        1553       -0.92   -0.991603 0.000749852
        1554       -0.92   -0.991557 0.000750784
        1555       -0.92   -0.991511  0.00075171
        1556       -0.92   -0.991465 0.000752631
        1557       -0.92   -0.991419 0.000753545
        1558       -0.92   -0.991374 0.000754455
        1559       -0.92   -0.991328 0.000755359
        1560       -0.92   -0.991282 0.000756257
        1561          -1   -0.991288 0.000755793
        1562          -1   -0.991293  0.00075533
        1563          -1   -0.991299 0.000754867
        1564          -1   -0.991304 0.000754405
        1565          -1    -0.99131 0.000753943
        1566          -1   -0.991315 0.000753482
        1567          -1   -0.991321 0.000753022
        1568          -1   -0.991327 0.000752562
        1569          -1   -0.991332 0.000752103
        1570          -1   -0.991338 0.000751644
        1571          -1   -0.991343 0.000751186
        1572          -1   -0.991349 0.000750728
        1573          -1   -0.991354 0.000750271
        1574          -1    -0.99136 0.000749814
        1575          -1   -0.991365 0.000749358
        1576          -1   -0.991371 0.000748903
        1577          -1   -0.991376 0.000748448
        1578          -1   -0.991381 0.000747994
        1579          -1   -0.991387  0.00074754
        1580          -1   -0.991392 0.000747087
        1581          -1   -0.991398 0.000746634
        1582          -1   -0.991403 0.000746182
        1583          -1   -0.991409  0.00074573
        1584          -1   -0.991414 0.000745279
        1585          -1    -0.99142 0.000744829
        1586          -1   -0.991425 0.000744379
        1587          -1    -0.99143 0.000743929
        1588          -1   -0.991436  0.00074348
        1589          -1   -0.991441 0.000743032
        1590          -1   -0.991447 0.000742584
        1591          -1   -0.991452 0.000742137
        1592          -1   -0.991457  0.00074169
        1593          -1   -0.991463 0.000741244
        1594          -1   -0.991468 0.000740798
        1595          -1   -0.991473 0.000740353
        1596          -1   -0.991479 0.000739908
        1597          -1   -0.991484 0.000739464
        1598          -1   -0.991489 0.000739021
        1599          -1   -0.991495 0.000738578
        1600          -1     -0.9915 0.000738135
        1601          -1   -0.991505 0.000737693
        1602          -1   -0.991511 0.000737252
        1603          -1   -0.991516 0.000736811
        1604          -1   -0.991521 0.000736371
        1605          -1   -0.991526 0.000735931
        1606          -1   -0.991532 0.000735491
        1607          -1   -0.991537 0.000735053
        1608          -1   -0.991542 0.000734614
        1609          -1   -0.991548 0.000734177
        1610          -1   -0.991553 0.000733739
        1611          -1   -0.991558 0.000733303
        1612          -1   -0.991563 0.000732866
        1613          -1   -0.991569 0.000732431
        1614          -1   -0.991574 0.000731996
        1615          -1   -0.991579 0.000731561
        1616          -1   -0.991584 0.000731127
        1617          -1   -0.991589 0.000730693
        1618          -1   -0.991595  0.00073026
        1619          -1     -0.9916 0.000729828
        1620       -0.92   -0.991556 0.000730714
        1621       -0.92   -0.991511 0.000731595
        1622       -0.92   -0.991467 0.000732472
        1623       -0.92   -0.991423 0.000733343
        1624       -0.92   -0.991379 0.000734209
        1625       -0.92   -0.991335  0.00073507
        1626       -0.92   -0.991292 0.000735926
        1627       -0.84   -0.991199 0.000741325
        1628       -0.92   -0.991155 0.000742158
        1629       -0.92   -0.991111 0.000742987
        1630       -0.92   -0.991067 0.000743811
        1631       -0.92   -0.991024  0.00074463
        1632       -0.92    -0.99098 0.000745444
        1633       -0.92   -0.990937 0.000746254
        1634       -0.92   -0.990894 0.000747059
        1635       -0.92    -0.99085  0.00074786
        1636       -0.92   -0.990807 0.000748655
        1637       -0.92   -0.990764 0.000749446
        1638       -0.92    -0.99072 0.000750233
        1639       -0.92   -0.990677 0.000751015
        1640       -0.92   -0.990634 0.000751793
        1641       -0.92   -0.990591 0.000752566
        1642       -0.92   -0.990548 0.000753334
        1643       -0.92   -0.990505 0.000754098
        1644       -0.92   -0.990462 0.000754858
        1645       -0.92   -0.990419 0.000755614
        1646       -0.92   -0.990377 0.000756365
        1647       -0.92   -0.990334 0.000757112
        1648       -0.92   -0.990291 0.000757854
        1649       -0.92   -0.990249 0.000758592
        1650       -0.92   -0.990206 0.000759326
        1651       -0.92   -0.990164 0.000760056
        1652       -0.92   -0.990121 0.000760782
        1653       -0.92   -0.990079 0.000761503
        1654       -0.92   -0.990036 0.000762221
        1655       -0.92   -0.989994 0.000762934
        1656       -0.92   -0.989952 0.000763643
        1657       -0.92   -0.989909 0.000764348
        1658       -0.92   -0.989867  0.00076505
        1659       -0.92   -0.989825 0.000765747
        1660       -0.92   -0.989783  0.00076644
        1661       -0.92   -0.989741 0.000767129
        1662       -0.92   -0.989699 0.000767814
        1663       -0.92   -0.989657 0.000768496
        1664       -0.92   -0.989615 0.000769173
        1665       -0.92   -0.989574 0.000769847
        1666       -0.92   -0.989532 0.000770516
        1667       -0.92    -0.98949 0.000771182
        1668       -0.92   -0.989448 0.000771844
        1669       -0.92   -0.989407 0.000772503
        1670       -0.92   -0.989365 0.000773157
        1671       -0.92   -0.989324 0.000773808
        1672       -0.92   -0.989282 0.000774455
        1673       -0.92   -0.989241 0.000775099
        1674       -0.92     -0.9892 0.000775739
        1675       -0.92   -0.989158 0.000776375
        1676       -0.92   -0.989117 0.000777008
        1677       -0.92   -0.989076 0.000777636
        1678       -0.92   -0.989035 0.000778262
        1679       -0.92   -0.988993 0.000778884
        1680       -0.92   -0.988952 0.000779502
        1681       -0.92   -0.988911 0.000780117
        1682       -0.92    -0.98887 0.000780728
        1683       -0.92   -0.988829 0.000781336
        1684       -0.92   -0.988789  0.00078194
        1685       -0.92   -0.988748 0.000782541
        1686       -0.92   -0.988707 0.000783139
        1687       -0.92   -0.988666 0.000783733
        1688       -0.92   -0.988626 0.000784323
        1689       -0.92   -0.988585 0.000784911
        1690       -0.92   -0.988544 0.000785495
        1691       -0.92   -0.988504 0.000786075
        1692       -0.92   -0.988463 0.000786653
        1693       -0.92   -0.988423 0.000787227
        1694       -0.92   -0.988383 0.000787798
        1695       -0.92   -0.988342 0.000788365
        1696       -0.92   -0.988302  0.00078893
        1697       -0.92   -0.988262 0.000789491
        1698       -0.92   -0.988221 0.000790049
        1699       -0.92   -0.988181 0.000790603
        1700       -0.92   -0.988141 0.000791155
        1701       -0.92   -0.988101 0.000791703
        1702          -1   -0.988108 0.000791269
        1703          -1   -0.988115 0.000790835
        1704          -1   -0.988122 0.000790402
        1705          -1   -0.988129 0.000789969
        1706          -1   -0.988136 0.000789537
        1707          -1   -0.988143 0.000789105
        1708          -1    -0.98815 0.000788673
        1709          -1   -0.988157 0.000788242
        1710          -1   -0.988164 0.000787812
        1711          -1   -0.988171 0.000787382
        1712          -1   -0.988178 0.000786952
        1713          -1   -0.988184 0.000786523
        1714          -1   -0.988191 0.000786094
        1715          -1   -0.988198 0.000785666
        1716          -1   -0.988205 0.000785238
        1717          -1   -0.988212 0.000784811
        1718          -1   -0.988219 0.000784384
        1719          -1   -0.988226 0.000783958
        1720          -1   -0.988233 0.000783532
        1721          -1   -0.988239 0.000783106
        1722          -1   -0.988246 0.000782681
        1723          -1   -0.988253 0.000782257
        1724          -1    -0.98826 0.000781833
        1725          -1   -0.988267 0.000781409
        1726          -1   -0.988273 0.000780986
        1727          -1    -0.98828 0.000780563
        1728          -1   -0.988287 0.000780141
        1729          -1   -0.988294 0.000779719
        1730          -1   -0.988301 0.000779298
        1731          -1   -0.988307 0.000778877
        1732          -1   -0.988314 0.000778457
        1733          -1   -0.988321 0.000778037
        1734          -1   -0.988328 0.000777617
        1735          -1   -0.988334 0.000777198
        1736          -1   -0.988341 0.000776779
        1737          -1   -0.988348 0.000776361
        1738          -1   -0.988354 0.000775943
        1739          -1   -0.988361 0.000775526
        1740          -1   -0.988368 0.000775109
        1741          -1   -0.988374 0.000774693
        1742          -1   -0.988381 0.000774277
        1743          -1   -0.988388 0.000773861
        1744          -1   -0.988394 0.000773446
        1745          -1   -0.988401 0.000773032
        1746          -1   -0.988408 0.000772617
        1747          -1   -0.988414 0.000772204
        1748          -1   -0.988421  0.00077179
        1749          -1   -0.988428 0.000771377
        1750          -1   -0.988434 0.000770965
        1751          -1   -0.988441 0.000770553
        1752          -1   -0.988447 0.000770141
        1753          -1   -0.988454  0.00076973
        1754          -1   -0.988461  0.00076932
        1755          -1   -0.988467 0.000768909
        1756          -1   -0.988474 0.000768499
        1757          -1    -0.98848  0.00076809
        1758          -1   -0.988487 0.000767681
        1759          -1   -0.988493 0.000767273
        1760          -1     -0.9885 0.000766864
        1761          -1   -0.988507 0.000766457
        1762          -1   -0.988513  0.00076605
        1763          -1    -0.98852 0.000765643
        1764          -1   -0.988526 0.000765236
        1765          -1   -0.988533  0.00076483
        1766          -1   -0.988539 0.000764425
        1767          -1   -0.988546  0.00076402
        1768          -1   -0.988552 0.000763615
        1769          -1   -0.988559 0.000763211
        1770          -1   -0.988565 0.000762807
        1771          -1   -0.988571 0.000762404
        1772          -1   -0.988578 0.000762001
        1773          -1   -0.988584 0.000761598
        1774          -1   -0.988591 0.000761196
        1775          -1   -0.988597 0.000760794
        1776          -1   -0.988604 0.000760393
        1777          -1    -0.98861 0.000759992
        1778       -0.92   -0.988571 0.000760544
        1779       -0.92   -0.988533 0.000761092
        1780       -0.92   -0.988494 0.000761638
        1781       -0.92   -0.988456 0.000762181
        1782       -0.92   -0.988418  0.00076272
        1783       -0.92   -0.988379 0.000763257
        1784       -0.92   -0.988341 0.000763791
        1785       -0.92   -0.988303 0.000764322
        1786       -0.92   -0.988264 0.000764851
        1787       -0.92   -0.988226 0.000765376
        1788       -0.92   -0.988188 0.000765898
        1789       -0.92    -0.98815 0.000766418
        1790       -0.92   -0.988112 0.000766935
        1791       -0.92   -0.988074 0.000767449
        1792       -0.92   -0.988036  0.00076796
        1793       -0.92   -0.987998 0.000768469
        1794       -0.92    -0.98796 0.000768975
        1795       -0.92   -0.987922 0.000769478
        1796       -0.92   -0.987884 0.000769978
        1797       -0.92   -0.987846 0.000770476
        1798       -0.92   -0.987809 0.000770971
        1799       -0.92   -0.987771 0.000771463
        1800       -0.92   -0.987733 0.000771953
        1801       -0.92   -0.987696  0.00077244
        1802       -0.92   -0.987658 0.000772924
        1803       -0.92   -0.987621 0.000773406
        1804       -0.92   -0.987583 0.000773885
        1805       -0.92   -0.987546 0.000774361
        1806       -0.92   -0.987508 0.000774835
        1807       -0.92   -0.987471 0.000775307
        1808       -0.92   -0.987434 0.000775775
        1809       -0.92   -0.987396 0.000776242
        1810       -0.92   -0.987359 0.000776705
        1811       -0.92   -0.987322 0.000777166
        1812       -0.92   -0.987285 0.000777625
        1813       -0.92   -0.987248 0.000778081
        1814       -0.92   -0.987211 0.000778535
        1815       -0.92   -0.987174 0.000778986
        1816       -0.92   -0.987137 0.000779435
        1817       -0.92     -0.9871 0.000779881
        1818       -0.92   -0.987063 0.000780325
        1819       -0.92   -0.987026 0.000780767
        1820       -0.92   -0.986989 0.000781206
        1821       -0.92   -0.986952 0.000781642
        1822       -0.92   -0.986915 0.000782077
        1823       -0.92   -0.986879 0.000782509
        1824       -0.92   -0.986842 0.000782938
        1825       -0.92   -0.986805 0.000783365
        1826       -0.92   -0.986769  0.00078379
        1827       -0.92   -0.986732 0.000784213
        1828       -0.92   -0.986696 0.000784633
        1829       -0.92   -0.986659 0.000785051
        1830       -0.92   -0.986623 0.000785467
        1831       -0.92   -0.986587  0.00078588
        1832       -0.92    -0.98655 0.000786291
        1833       -0.92   -0.986514   0.0007867
        1834       -0.92   -0.986478 0.000787106
        1835       -0.92   -0.986441 0.000787511
        1836       -0.92   -0.986405 0.000787913
        1837       -0.92   -0.986369 0.000788313
        1838       -0.92   -0.986333  0.00078871
        1839       -0.92   -0.986297 0.000789106
        1840       -0.92   -0.986261 0.000789499
        1841       -0.92   -0.986225  0.00078989
        1842       -0.92   -0.986189 0.000790279
        1843       -0.92   -0.986153 0.000790666
        1844       -0.92   -0.986117 0.000791051
        1845       -0.92   -0.986081 0.000791433
        1846       -0.92   -0.986046 0.000791814
        1847       -0.92    -0.98601 0.000792192
        1848       -0.92   -0.985974 0.000792568
        1849       -0.92   -0.985938 0.000792942
        1850       -0.92   -0.985903 0.000793314
        1851       -0.92   -0.985867 0.000793684
        1852       -0.92   -0.985832 0.000794052
        1853       -0.92   -0.985796 0.000794418
        1854       -0.92   -0.985761 0.000794782
        1855       -0.92   -0.985725 0.000795144
        1856       -0.92    -0.98569 0.000795503
        1857       -0.92   -0.985654 0.000795861
        1858       -0.92   -0.985619 0.000796217
        1859       -0.92   -0.985584 0.000796571
        1860       -0.92   -0.985548 0.000796922
        1861       -0.92   -0.985513 0.000797272
        1862       -0.92   -0.985478  0.00079762
        1863       -0.92   -0.985443 0.000797966
        1864       -0.92   -0.985408  0.00079831
        1865       -0.92   -0.985373 0.000798652
        1866       -0.92   -0.985338 0.000798992
        1867       -0.92   -0.985303  0.00079933
        1868       -0.92   -0.985268 0.000799666
        1869       -0.92   -0.985233      0.0008
        1870       -0.92   -0.985198 0.000800333
        1871       -0.92   -0.985163 0.000800663
        1872       -0.92   -0.985128 0.000800992
        1873       -0.92   -0.985093 0.000801318
        1874       -0.92   -0.985059 0.000801643
        1875       -0.92   -0.985024 0.000801966
        1876       -0.92   -0.984989 0.000802287
        1877       -0.92   -0.984955 0.000802607
        1878       -0.92    -0.98492 0.000802924
        1879       -0.92   -0.984886  0.00080324
        1880       -0.92   -0.984851 0.000803554
        1881       -0.92   -0.984817 0.000803866
        1882       -0.92   -0.984782 0.000804176
        1883       -0.92   -0.984748 0.000804485
        1884       -0.92   -0.984713 0.000804792
        1885       -0.92   -0.984679 0.000805097
        1886       -0.92   -0.984645   0.0008054
        1887       -0.92    -0.98461 0.000805701
        1888       -0.92   -0.984576 0.000806001
        1889       -0.92   -0.984542 0.000806299
        1890       -0.92   -0.984508 0.000806595
        1891       -0.92   -0.984474  0.00080689
        1892       -0.92    -0.98444 0.000807182
        1893       -0.92   -0.984406 0.000807473
        1894       -0.92   -0.984372 0.000807763
        1895       -0.92   -0.984338  0.00080805
        1896       -0.92   -0.984304 0.000808336
        1897       -0.92    -0.98427 0.000808621
        1898       -0.92   -0.984236 0.000808903
        1899       -0.92   -0.984202 0.000809184
        1900       -0.92   -0.984168 0.000809464
        1901       -0.92   -0.984135 0.000809741
        1902       -0.92   -0.984101 0.000810018
        1903       -0.92   -0.984067 0.000810292
        1904       -0.92   -0.984034 0.000810565
        1905       -0.92      -0.984 0.000810836
        1906       -0.92   -0.983966 0.000811105
        1907       -0.92   -0.983933 0.000811373
        1908       -0.92   -0.983899  0.00081164
        1909       -0.92   -0.983866 0.000811905
        1910       -0.92   -0.983832 0.000812168
        1911       -0.92   -0.983799 0.000812429
        1912       -0.92   -0.983766 0.000812689
        1913       -0.92   -0.983732 0.000812948
        1914       -0.92   -0.983699 0.000813205
        1915       -0.92   -0.983666  0.00081346
        1916       -0.92   -0.983633 0.000813714
        1917       -0.92   -0.983599 0.000813966
        1918       -0.92   -0.983566 0.000814217
        1919       -0.92   -0.983533 0.000814466
        1920       -0.92     -0.9835 0.000814714
        1921       -0.92   -0.983467  0.00081496
        1922       -0.92   -0.983434 0.000815205
        1923       -0.92   -0.983401 0.000815448
        1924       -0.92   -0.983368  0.00081569
        1925       -0.92   -0.983335  0.00081593
        1926       -0.92   -0.983302 0.000816169
        1927       -0.92   -0.983269 0.000816406
        1928       -0.92   -0.983237 0.000816642
        1929       -0.92   -0.983204 0.000816876
        1930       -0.92   -0.983171 0.000817109
        1931       -0.92   -0.983138 0.000817341
        1932       -0.92   -0.983106 0.000817571
        1933       -0.92   -0.983073 0.000817799
        1934       -0.92    -0.98304 0.000818026
        1935       -0.92   -0.983008 0.000818252
        1936       -0.92   -0.982975 0.000818476
        1937       -0.92   -0.982943 0.000818699
        1938       -0.92    -0.98291 0.000818921
        1939       -0.92   -0.982878 0.000819141
        1940       -0.92   -0.982845  0.00081936
        1941       -0.92   -0.982813 0.000819577
        1942       -0.92   -0.982781 0.000819793
        1943       -0.84   -0.982707 0.000822658
        1944       -0.84   -0.982634 0.000825504
        1945       -0.92   -0.982602 0.000825707
        1946       -0.92   -0.982569 0.000825909
        1947       -0.92   -0.982537  0.00082611
        1948       -0.92   -0.982505 0.000826309
        1949       -0.92   -0.982473 0.000826507
        1950       -0.92   -0.982441 0.000826704
        1951       -0.92   -0.982409   0.0008269
        1952       -0.92   -0.982377 0.000827094
        1953       -0.92   -0.982345 0.000827287
        1954       -0.92   -0.982313 0.000827479
        1955       -0.92   -0.982281 0.000827669
        1956       -0.92   -0.982249 0.000827858
        1957       -0.92   -0.982218 0.000828046
        1958       -0.84   -0.982145 0.000830803
        1959       -0.92   -0.982113 0.000830984
        1960       -0.92   -0.982082 0.000831164
        1961       -0.92    -0.98205 0.000831343
        1962       -0.92   -0.982018 0.000831521
        1963       -0.92   -0.981987 0.000831697
        1964       -0.92   -0.981955 0.000831872
        1965       -0.92   -0.981924 0.000832046
        1966       -0.92   -0.981892 0.000832219
        1967       -0.92   -0.981861  0.00083239
        1968       -0.92   -0.981829 0.000832561
        1969       -0.92   -0.981798  0.00083273
        1970       -0.92   -0.981766 0.000832898
        1971       -0.92   -0.981735 0.000833064
        1972       -0.92   -0.981704  0.00083323
        1973       -0.92   -0.981673 0.000833394
        1974       -0.92   -0.981641 0.000833558
        1975       -0.92    -0.98161  0.00083372
        1976       -0.92   -0.981579 0.000833881
        1977       -0.92   -0.981548  0.00083404
        1978       -0.92   -0.981517 0.000834199
        1979       -0.92   -0.981486 0.000834356
        1980       -0.92   -0.981455 0.000834513
        1981       -0.92   -0.981424 0.000834668
        1982       -0.92   -0.981393 0.000834822
        1983       -0.92   -0.981362 0.000834975
        1984       -0.92   -0.981331 0.000835126
        1985       -0.92     -0.9813 0.000835277
        1986       -0.92   -0.981269 0.000835427
        1987       -0.92   -0.981238 0.000835575
        1988       -0.92   -0.981207 0.000835722
        1989       -0.92   -0.981176 0.000835868
        1990       -0.92   -0.981146 0.000836014
        1991       -0.92   -0.981115 0.000836158
        1992       -0.92   -0.981084   0.0008363
        1993       -0.92   -0.981054 0.000836442
        1994       -0.92   -0.981023 0.000836583
        1995       -0.92   -0.980992 0.000836723
        1996       -0.84   -0.980922  0.00083928
        1997       -0.84   -0.980851 0.000841821
        1998       -0.84   -0.980781 0.000844346
        1999       -0.84    -0.98071 0.000846856
        2000       -0.84    -0.98064  0.00084935
