#      	 GEN:      LENGTH:
            1      477.802
            2      462.805
            3      447.322
            4      433.838
            5      424.284
            6      417.741
            7      410.822
            8      405.661
            9      399.182
           10      392.199
           11      385.453
           12      376.199
           13      369.021
           14      362.912
           15       358.29
           16      353.053
           17      348.404
           18      343.554
           19      339.624
           20      339.586
           21      335.773
           22      332.445
           23      329.177
           24      325.252
           25       320.51
           26      316.383
           27       313.21
           28      310.062
           29      306.856
           30      302.798
           31      298.457
           32      295.034
           33      291.418
           34      287.456
           35      283.269
           36      280.102
           37      276.863
           38      273.784
           39      270.017
           40      270.017
           41      266.481
           42      262.729
           43      259.193
           44      256.298
           45      254.499
           46      253.221
           47      251.812
           48      249.366
           49      246.894
           50      244.772
           51      242.395
           52      240.047
           53      238.235
           54      235.457
           55      232.936
           56      230.708
           57      228.807
           58       227.51
           59      225.505
           60      225.505
           61      223.097
           62      220.155
           63      215.908
           64      212.402
           65      209.578
           66      207.886
           67      206.677
           68       206.11
           69      205.301
           70      203.653
           71      200.961
           72      199.013
           73      197.239
           74      195.406
           75      194.391
           76      193.037
           77      192.284
           78      191.185
           79      190.069
           80      190.069
           81      188.945
           82       187.73
           83      186.655
           84      185.269
           85      183.628
           86      182.118
           87      180.727
           88      179.696
           89      178.471
           90      177.293
           91       176.63
           92      176.028
           93      175.384
           94      174.673
           95      173.633
           96       173.26
           97      172.968
           98      171.647
           99       170.29
          100       170.29
          101      168.688
          102      167.278
          103      166.006
          104      164.705
          105      163.298
          106      162.125
          107      160.983
          108      160.087
          109      159.379
          110      159.014
          111      158.557
          112      157.758
          113      156.735
          114      155.933
          115      155.324
          116       154.96
          117      154.518
          118      154.109
          119      153.666
          120      153.666
          121      153.009
          122      151.893
          123      150.517
          124      149.252
          125      148.074
          126      146.843
          127      145.313
          128      144.307
          129      143.519
          130      142.817
          131      142.261
          132      141.419
          133      140.613
          134       139.62
          135      139.112
          136      138.909
          137      138.556
          138      137.791
          139      137.085
          140      137.085
          141      136.122
          142       135.12
          143      133.983
          144      132.896
          145      131.851
          146      130.849
          147       129.89
          148       128.89
          149      128.147
          150      127.449
          151      127.117
          152      126.784
          153      126.585
          154      126.344
          155      126.301
          156      126.062
          157      124.972
          158      123.975
          159      122.856
          160      122.856
          161       122.09
          162       121.03
          163      120.014
          164      118.704
          165      117.771
          166      116.823
          167      116.115
          168      115.552
          169      115.047
          170       114.42
          171      113.834
          172      113.177
          173      112.685
          174      112.195
          175      111.769
          176      111.384
          177       110.96
          178      110.303
          179      109.669
          180      109.669
          181      108.705
          182      108.069
          183      107.494
          184      107.274
          185      107.125
          186      107.018
          187      106.865
          188      106.603
          189      106.329
          190        106.1
          191      105.846
          192      105.582
          193      105.331
          194      105.157
          195      105.009
          196      104.896
          197      104.803
          198       104.66
          199       104.49
          200       104.49
          201      104.334
          202      104.187
          203      104.079
          204      103.992
          205      103.904
          206      103.808
          207      103.741
          208      103.667
          209      103.486
          210      103.376
          211      103.321
          212      103.299
          213      103.215
          214      103.105
          215      103.013
          216      102.939
          217      102.818
          218      102.621
          219      102.382
          220      102.382
          221      102.097
          222      101.814
          223      101.626
          224      101.443
          225      101.269
          226      101.015
          227      100.735
          228      100.503
          229      100.242
          230      100.034
          231      99.9142
          232      99.8206
          233      99.6675
          234      99.5172
          235      99.3555
          236      99.1835
          237      98.9972
          238      98.8573
          239      98.6568
          240      98.6406
          241      98.3713
          242      98.1583
          243      98.2154
          244      98.0353
          245      97.3653
          246      96.5549
          247      94.4252
          248      93.2012
          249      92.7685
          250      92.6277
          251      92.5745
          252      92.5077
          253      92.3816
          254      92.2753
          255      92.1721
          256      92.0377
          257      91.8352
          258      91.7177
          259      91.6021
          260      91.6021
          261      91.4794
          262      91.2733
          263      91.0295
          264      90.8029
          265      90.5299
          266      90.3686
          267        90.21
          268      90.0229
          269      89.8583
          270       89.606
          271      89.2105
          272      88.9119
          273      88.7253
          274      88.6538
          275       88.593
          276      88.4464
          277      88.2609
          278       88.052
          279      87.7289
          280      87.7289
          281      87.3908
          282      87.1689
          283      86.9317
          284      86.8532
          285      86.7776
          286       86.599
          287      86.2811
          288      85.8844
          289      85.4344
          290      84.9992
          291      84.5742
          292      84.2624
          293      84.0174
          294      83.8841
          295      83.7716
          296      83.5588
          297      83.2985
          298      83.0115
          299       82.834
          300       82.834
          301       82.698
          302      82.6454
          303      82.9029
          304       83.464
          305      83.8901
          306      84.3548
          307      84.1746
          308      83.4289
          309      82.9969
          310      82.2259
          311      81.2348
          312      80.7376
          313        80.61
          314      80.5143
          315      80.3884
          316      80.2202
          317      80.1026
          318      79.8424
          319      79.7797
          320      79.7797
          321      80.1365
          322      80.8048
          323      80.9468
          324      80.6564
          325      80.6324
          326      80.4383
          327      80.2814
          328      80.1337
          329      79.7677
          330      79.3376
          331      78.9964
          332      78.4486
          333      78.0071
          334      77.9352
          335      77.9332
          336      77.9414
          337      77.9268
          338      77.8944
          339      77.8802
          340      77.8802
          341      77.8671
          342      77.8785
          343      77.8916
          344      77.9031
          345       78.053
          346      78.4863
          347       78.823
          348      78.2827
          349      77.8382
          350      77.4636
          351       77.287
          352      77.1741
          353      77.1268
          354      77.0941
          355      77.0862
          356      77.0855
          357      77.0677
          358      76.9867
          359      76.8951
          360      76.8951
          361      76.8077
          362      76.7244
          363      76.6532
          364      76.5446
          365      76.4444
          366      76.3587
          367       76.348
          368       76.348
          369       76.348
          370       76.348
          371       76.348
          372       76.348
          373       76.348
          374       76.348
          375       76.348
          376       76.348
          377       76.348
          378       76.348
          379       76.348
          380       76.348
          381       76.348
          382       76.348
          383       76.348
          384       76.348
          385       76.348
          386       76.348
          387      76.3468
          388      76.3402
          389      76.3031
          390      76.5557
          391      77.1672
          392      77.1488
          393      77.4569
          394      76.8466
          395      76.1982
          396      75.8396
          397      75.7444
          398      75.7059
          399      75.6392
          400      75.6392
          401      75.5871
          402      75.5425
          403       75.503
          404       75.486
          405      75.4776
          406      75.4446
          407       75.381
          408      75.3134
          409      75.2645
          410      75.2403
          411      75.2484
          412      75.2875
          413      75.3493
          414      75.4063
          415      75.4474
          416      75.4342
          417      75.4342
          418      75.4341
          419      75.4294
          420      75.4294
          421      75.3994
          422      75.3175
          423      75.1889
          424      75.0475
          425      74.9329
          426      74.8168
          427      74.7636
          428      74.8235
          429      74.7484
          430      74.7428
          431      74.5837
          432      74.4815
          433      74.3771
          434      74.1971
          435      73.9986
          436      73.7928
          437      73.6597
          438      73.5867
          439        73.49
          440        73.49
          441      73.4061
          442      73.3078
          443       73.233
          444      73.2022
          445      73.2022
          446      73.2022
          447      73.2022
          448      73.2022
          449      73.2021
          450      73.1991
          451      73.1889
          452      73.1732
          453      73.1551
          454      73.1439
          455      73.1419
          456      73.1419
          457      73.1419
          458      73.1412
          459      73.1356
          460      73.1356
          461      73.1336
          462      73.6027
          463      74.0248
          464      74.0416
          465      74.1148
          466      73.7081
          467      72.9531
          468      72.5157
          469       72.481
          470      72.4499
          471      72.4499
          472      72.4499
          473      72.4499
          474      72.4499
          475      72.4499
          476      72.4499
          477      72.4499
          478      72.4499
          479      72.4499
          480      72.4414
          481      72.3283
          482      72.0761
          483      71.9019
          484      71.6051
          485      70.7486
          486        69.56
          487      68.9253
          488      68.2533
          489      68.1806
          490      68.1593
          491      68.1593
          492      68.1593
          493      68.1593
          494      68.1593
          495      68.1593
          496      68.1593
          497      68.1593
          498      68.1593
          499      68.1593
          500      68.1593
          501      68.1593
          502      68.1593
          503      68.1593
          504      68.1593
          505      68.1593
          506      68.1593
          507      68.1593
          508      68.1593
          509      68.1593
          510      68.1593
          511      68.1593
          512      68.1593
          513      68.1593
          514      68.1593
          515      68.1593
          516      68.1593
          517      68.1593
          518      68.1593
          519      68.1593
          520      68.1593
          521      68.1593
          522      68.1593
          523      68.1593
          524      68.1593
          525      68.1593
          526      68.1593
          527      68.1593
          528      68.1593
          529      68.1593
          530      68.1593
          531      68.1593
          532      68.1593
          533      68.1593
          534      68.1593
          535      68.1593
          536      68.1593
          537      68.1593
          538      68.1593
          539      68.1593
          540      68.1593
          541      68.1593
          542      68.1593
          543      68.1593
          544      68.1593
          545      68.1593
          546      68.1593
          547      68.1593
          548      68.1593
          549      68.1593
          550      68.1593
          551      68.1593
          552      68.1593
          553      68.1593
          554      68.1593
          555      68.1593
          556      68.1593
          557      68.1593
          558      68.1593
          559      68.1593
          560      68.1593
          561      68.1593
          562      68.1593
          563      68.1593
          564      68.1593
          565      68.1593
          566      68.1593
          567      68.1593
          568      68.1593
          569      68.1593
          570      68.1593
          571      68.1593
          572      68.1593
          573      68.1593
          574      68.1593
          575      68.1593
          576      68.1593
          577      68.1593
          578      68.1593
          579      68.1593
          580      68.1593
          581      68.1593
          582      68.1593
          583      68.1593
          584      68.1593
          585      68.1593
          586      68.1593
          587      68.1593
          588      68.1593
          589      68.1593
          590      68.1593
          591      68.1593
          592      68.1593
          593      68.1593
          594      68.1593
          595      68.1593
          596      68.1593
          597      68.1593
          598      68.1593
          599      68.1593
          600      68.1593
          601      68.1593
          602      68.1593
          603      68.1593
          604      68.1593
          605      68.1593
          606      68.1593
          607      68.1593
          608      68.1593
          609      68.1593
          610      68.1593
          611      68.1593
          612      68.1593
          613      68.1593
          614      68.1593
          615      68.1593
          616      68.1593
          617      68.1593
          618      68.1593
          619      68.1593
          620      68.1593
          621      68.1593
          622      68.1593
          623      68.1593
          624      68.1593
          625      68.1593
          626      68.1593
          627      68.1593
          628      68.1593
          629      68.1593
          630      68.1593
          631      68.1593
          632      68.1593
          633      68.1593
          634      68.1593
          635      68.1593
          636      68.1593
          637      68.1593
          638      68.1593
          639      68.1593
          640      68.1593
          641      68.1593
          642      68.1593
          643      68.1593
          644      68.1593
          645      68.1593
          646      68.1593
          647      68.1593
          648      68.1593
          649      68.1593
          650      68.1593
          651      68.1593
          652      68.1593
          653      68.1593
          654      68.1593
          655      68.1593
          656      68.1593
          657      68.1593
          658      68.1593
          659      68.1593
          660      68.1593
          661      68.1593
          662      68.1593
          663      68.1593
          664      68.1593
          665      68.1593
          666      68.1593
          667      68.1593
          668      68.1593
          669      68.1593
          670      68.1593
          671      68.1593
          672      68.1593
          673      68.1593
          674      68.1593
          675      68.1593
          676      68.1593
          677      68.1593
          678      68.1593
          679      68.1593
          680      68.1593
          681      68.1593
          682      68.1593
          683      68.1593
          684      68.1593
          685      68.1593
          686      68.1593
          687      68.1593
          688      68.1593
          689      68.1593
          690      68.1593
          691      68.1593
          692      68.1593
          693      68.1593
          694      68.1593
          695      68.1593
          696      68.1593
          697      68.1593
          698      68.1593
          699      68.1593
          700      68.1593
          701      68.1593
          702      68.1593
          703      68.1593
          704      68.1593
          705      68.1593
          706      68.1593
          707      68.1593
          708      68.1593
          709      68.1593
          710      68.1593
          711      68.1593
          712      68.1593
          713      68.1593
          714      68.1593
          715      68.1593
          716      68.1593
          717      68.1593
          718      68.1593
          719      68.1593
          720      68.1593
          721      68.1593
          722      68.1593
          723      68.1593
          724      68.1593
          725      68.1593
          726      68.1593
          727      68.1593
          728      68.1593
          729      68.1593
          730      68.1593
          731      68.1593
          732      68.1593
          733      68.1593
          734      68.1593
          735      68.1593
          736      68.1593
          737      68.1593
          738      68.1593
          739      68.1593
          740      68.1593
          741      68.1593
          742      68.1593
          743      68.1593
          744      68.1593
          745      68.1593
          746      68.1593
          747      68.1593
          748      68.1593
          749      68.1593
          750      68.1593
          751      68.2045
          752      68.5581
          753      69.3239
          754      69.8243
          755      69.6063
          756      68.9892
          757      68.5208
          758      68.2371
          759      68.1593
          760      68.1593
          761      68.1593
          762      68.1593
          763      68.1593
          764      68.1593
          765      68.1593
          766      68.1593
          767      68.1593
          768      68.1593
          769      68.1593
          770      68.1593
          771      68.1593
          772      68.1593
          773      68.1593
          774      68.1593
          775      68.1593
          776      68.1593
          777      68.1593
          778      68.1593
          779      68.1593
          780      68.1593
          781      68.1593
          782      68.1593
          783      68.1593
          784      68.1593
          785      68.1593
          786      68.1593
          787      68.1593
          788      68.1593
          789      68.1593
          790      68.1593
          791      68.1593
          792      68.1593
          793      68.1593
          794      68.1593
          795      68.1593
          796      68.1593
          797      68.1593
          798      68.1593
          799      68.1593
          800      68.1593
          801      68.1593
          802      68.1593
          803      68.1593
          804      68.1593
          805      68.1593
          806      68.1593
          807      68.1593
          808      68.1593
          809      68.1593
          810      68.1593
          811      68.1593
          812      68.1593
          813      68.1593
          814      68.1593
          815      68.1593
          816      68.1593
          817      68.1593
          818      68.1593
          819      68.1593
          820      68.1593
          821      68.1593
          822      68.1593
          823      68.1593
          824      68.1593
          825      68.1593
          826      68.1593
          827      68.1593
          828      68.1593
          829      68.1593
          830      68.1593
          831      68.1593
          832      68.1593
          833      68.1593
          834      68.1593
          835      68.1593
          836      68.1593
          837      68.1593
          838      68.1593
          839      68.1593
          840      68.1593
          841      68.1593
          842      68.1593
          843      68.1593
          844      68.1593
          845      68.1593
          846      68.1593
          847      68.1593
          848      68.1593
          849      68.1593
          850      68.1593
          851      68.1593
          852      68.1593
          853      68.1593
          854      68.1593
          855      68.1593
          856      68.1593
          857      68.1593
          858      68.1593
          859      68.1593
          860      68.1593
          861      68.1593
          862      68.1593
          863      68.1593
          864      68.1593
          865      68.1593
          866      68.1593
          867      68.1593
          868      68.1593
          869      68.1593
          870      68.1593
          871      68.1593
          872      68.1593
          873      68.1593
          874      68.1593
          875      68.1593
          876      68.1593
          877      68.1593
          878      68.1593
          879      68.1593
          880      68.1593
          881      68.1593
          882      68.1593
          883      68.1593
          884      68.1593
          885      68.1593
          886      68.1593
          887      68.1593
          888      68.1593
          889      68.1593
          890      68.1593
          891      68.1593
          892      68.1593
          893      68.1593
          894      68.1593
          895      68.1593
          896      68.1593
          897      68.1593
          898      68.1593
          899      68.1593
          900      68.1593
          901      68.1593
          902      68.1593
          903      68.1593
          904      68.1593
          905      68.1593
          906      68.1593
          907      68.1593
          908      68.1593
          909      68.1593
          910      68.1593
          911      68.1593
          912      68.1593
          913      68.1593
          914      68.1593
          915      68.1593
          916      68.1593
          917      68.1593
          918      68.1593
          919      68.1593
          920      68.1593
          921      68.1593
          922      68.1593
          923      68.1592
          924       68.159
          925      68.1585
          926      68.1582
          927       68.158
          928       68.158
          929       68.158
          930       68.158
          931       68.158
          932       68.158
          933       68.158
          934       68.158
          935       68.158
          936       68.158
          937       68.158
          938       68.158
          939       68.158
          940       68.158
          941       68.158
          942       68.158
          943       68.158
          944      68.1579
          945      68.1557
          946      68.1467
          947      68.1298
          948      68.1109
          949      68.0979
          950      68.1043
          951      68.1115
          952      68.1162
          953       68.119
          954       68.119
          955       68.119
          956       68.119
          957       68.119
          958       68.119
          959       68.119
          960       68.119
          961       68.119
          962       68.119
          963       68.119
          964       68.119
          965       68.119
          966       68.119
          967       68.119
          968       68.119
          969       68.119
          970       68.119
          971       68.119
          972       68.119
          973       68.119
          974       68.119
          975       68.119
          976       68.119
          977       68.119
          978       68.119
          979       68.119
          980       68.119
          981       68.119
          982       68.119
          983       68.119
          984       68.119
          985       68.119
          986       68.119
          987       68.119
          988       68.119
          989       68.119
          990       68.119
          991       68.119
          992      68.1176
          993      68.0833
          994      67.9192
          995      67.6957
          996      67.4979
          997       67.404
          998       67.404
          999       67.404
         1000       67.404
         1001       67.404
         1002       67.404
         1003       67.404
         1004       67.404
         1005       67.404
         1006       67.404
         1007       67.404
         1008       67.404
         1009       67.404
         1010       67.404
         1011       67.404
         1012       67.404
         1013       67.404
         1014       67.404
         1015       67.404
         1016       67.404
         1017       67.404
         1018      67.4039
         1019      67.4014
         1020      67.4014
         1021      67.3889
         1022      67.3711
         1023       67.356
         1024      67.3437
         1025      67.3437
         1026      67.3437
         1027      67.3437
         1028      67.3437
         1029      67.3437
         1030      67.3437
         1031      67.3437
         1032      67.3437
         1033      67.3437
         1034      67.3437
         1035      67.3437
         1036      67.3437
         1037      67.3437
         1038      67.3437
         1039      67.3437
         1040      67.3437
         1041      67.3437
         1042      67.3437
         1043      67.3437
         1044      67.3437
         1045      67.3437
         1046      67.3437
         1047      67.3437
         1048      67.3437
         1049      67.3437
         1050      67.3437
         1051      67.3437
         1052      67.3437
         1053      67.3437
         1054      67.3437
         1055      67.3437
         1056      67.3437
         1057      67.3437
         1058      67.3437
         1059      67.3437
         1060      67.3437
         1061      67.3437
         1062      67.3437
         1063      67.3437
         1064      67.3437
         1065      67.3437
         1066      67.3437
         1067      67.3437
         1068      67.3437
         1069      67.3437
         1070      67.3437
         1071      67.3437
         1072      67.3437
         1073      67.3437
         1074      67.3437
         1075      67.3437
         1076      67.3437
         1077      67.3437
         1078      67.3437
         1079      67.3437
         1080      67.3437
         1081      67.3437
         1082      67.3437
         1083      67.3437
         1084      67.3437
         1085      67.3437
         1086      67.3437
         1087      67.3437
         1088      67.3437
         1089      67.3437
         1090      67.3437
         1091      67.3437
         1092      67.3437
         1093      67.3437
         1094      67.3437
         1095      67.3437
         1096      67.3437
         1097      67.3437
         1098      67.3437
         1099      67.3437
         1100      67.3437
         1101      67.3437
         1102      67.3437
         1103      67.3437
         1104      67.3437
         1105      67.3437
         1106      67.3437
         1107      67.3437
         1108      67.3437
         1109      67.3437
         1110      67.3437
         1111      67.3437
         1112      67.3437
         1113      67.3437
         1114      67.3437
         1115      67.3437
         1116      67.3437
         1117      67.3437
         1118      67.3437
         1119      67.3437
         1120      67.3437
         1121      67.3437
         1122      67.3437
         1123      67.3437
         1124      67.3437
         1125      67.3437
         1126      67.3437
         1127      67.3437
         1128      67.3437
         1129      67.3437
         1130      67.3437
         1131      67.3437
         1132      67.3437
         1133      67.3437
         1134      67.3437
         1135      67.3437
         1136      67.3437
         1137      67.3437
         1138      67.3437
         1139      67.3437
         1140      67.3437
         1141      67.3437
         1142      67.3437
         1143      67.3437
         1144      67.3437
         1145      67.3437
         1146      67.3437
         1147      67.3437
         1148      67.3437
         1149      67.3437
         1150      67.3437
         1151      67.3437
         1152      67.3437
         1153      67.3437
         1154      67.3437
         1155      67.3437
         1156      67.3437
         1157      67.3437
         1158      67.3437
         1159      67.3437
         1160      67.3437
         1161      67.3437
         1162      67.3437
         1163      67.3437
         1164      67.3437
         1165      67.3437
         1166      67.3437
         1167      67.3437
         1168      67.3437
         1169      67.3437
         1170      67.3437
         1171      67.3437
         1172      67.3437
         1173      67.3437
         1174      67.3437
         1175      67.3437
         1176      67.3437
         1177      67.3437
         1178      67.3437
         1179      67.3437
         1180      67.3437
         1181      67.3437
         1182      67.3437
         1183      67.3437
         1184      67.3437
         1185      67.3437
         1186      67.3437
         1187      67.3437
         1188      67.3437
         1189      67.3437
         1190      67.3437
         1191      67.3437
         1192      67.3437
         1193      67.3437
         1194      67.3437
         1195      67.3437
         1196      67.3437
         1197      67.3437
         1198      67.3437
         1199      67.3437
         1200      67.3437
         1201      67.3437
         1202      67.3437
         1203      67.3437
         1204      67.3437
         1205      67.3437
         1206      67.3437
         1207      67.3437
         1208      67.3437
         1209      67.3437
         1210      67.3437
         1211      67.3437
         1212      67.3437
         1213      67.3437
         1214      67.3437
         1215      67.3437
         1216      67.3437
         1217      67.3437
         1218      67.3437
         1219      67.3437
         1220      67.3437
         1221      67.3437
         1222      67.3437
         1223      67.3437
         1224      67.3437
         1225      67.3437
         1226      67.3437
         1227      67.3437
         1228      67.3437
         1229      67.3437
         1230      67.3437
         1231      67.3437
         1232      67.3437
         1233      67.3437
         1234      67.3437
         1235      67.3437
         1236      67.3437
         1237      67.3437
         1238      67.3437
         1239      67.3437
         1240      67.3437
         1241      67.3437
         1242      67.3437
         1243      67.3437
         1244      67.3437
         1245      67.3437
         1246      67.3437
         1247      67.3437
         1248      67.3437
         1249      67.3437
         1250      67.3437
         1251      67.3437
         1252      67.3437
         1253      67.3437
         1254      67.3437
         1255      67.3437
         1256      67.3437
         1257      67.3437
         1258      67.3437
         1259      67.3437
         1260      67.3437
         1261      67.3437
         1262      67.3437
         1263      67.3437
         1264      67.3437
         1265      67.3437
         1266      67.3437
         1267      67.3437
         1268      67.3437
         1269      67.3437
         1270      67.3437
         1271      67.3435
         1272      67.3378
         1273      67.3224
         1274      67.2945
         1275       67.274
         1276      67.2585
         1277      67.2548
         1278      67.2548
         1279      67.2548
         1280      67.2548
         1281      67.2548
         1282      67.2548
         1283      67.2548
         1284      67.2548
         1285      67.2548
         1286      67.2548
         1287      67.2548
         1288      67.2548
         1289      67.2548
         1290      67.2548
         1291      67.2548
         1292      67.2548
         1293      67.2548
         1294      67.2548
         1295      67.2548
         1296      67.2548
         1297      67.2548
         1298      67.2548
         1299      67.2548
         1300      67.2548
         1301      67.2548
         1302      67.2548
         1303      67.2548
         1304      67.2548
         1305      67.2548
         1306      67.2548
         1307      67.2548
         1308      67.2548
         1309      67.2548
         1310      67.2548
         1311      67.2548
         1312      67.2548
         1313      67.2548
         1314      67.2548
         1315      67.2548
         1316      67.2548
         1317      67.2548
         1318      67.2548
         1319      67.2548
         1320      67.2548
         1321      67.2548
         1322      67.2548
         1323      67.2548
         1324      67.2548
         1325      67.2548
         1326      67.2548
         1327      67.2548
         1328      67.2548
         1329      67.2548
         1330      67.2548
         1331      67.2548
         1332      67.2548
         1333      67.2548
         1334      67.2548
         1335      67.2548
         1336      67.2548
         1337      67.2548
         1338      67.2548
         1339      67.2548
         1340      67.2548
         1341      67.2548
         1342      67.2548
         1343      67.2548
         1344      67.2548
         1345      67.2548
         1346      67.2548
         1347      67.2548
         1348      67.2548
         1349      67.2548
         1350      67.2548
         1351      67.2548
         1352      67.2548
         1353      67.2548
         1354      67.2548
         1355      67.2548
         1356      67.2548
         1357      67.2548
         1358      67.2548
         1359      67.2548
         1360      67.2548
         1361      67.2548
         1362      67.2548
         1363      67.2548
         1364      67.2548
         1365      67.2548
         1366      67.2548
         1367      67.2548
         1368      67.2548
         1369      67.2548
         1370      67.2548
         1371      67.2548
         1372      67.2548
         1373      67.2548
         1374      67.2548
         1375      67.2548
         1376      67.2548
         1377      67.2548
         1378      67.2548
         1379      67.2548
         1380      67.2548
         1381      67.2548
         1382      67.2548
         1383      67.2548
         1384      67.2548
         1385      67.2548
         1386      67.2548
         1387      67.2548
         1388      67.2548
         1389      67.2548
         1390      67.2548
         1391      67.2548
         1392      67.2548
         1393      67.2548
         1394      67.2548
         1395      67.2548
         1396      67.2548
         1397      67.2548
         1398      67.2548
         1399      67.2548
         1400      67.2548
         1401      67.2548
         1402      67.2548
         1403      67.2548
         1404      67.2548
         1405      67.2548
         1406      67.2548
         1407      67.2548
         1408      67.2548
         1409      67.2548
         1410      67.2548
         1411      67.2548
         1412      67.2548
         1413      67.2548
         1414      67.2548
         1415      67.2548
         1416      67.2548
         1417      67.2548
         1418      67.2548
         1419      67.2548
         1420      67.2548
         1421      67.2548
         1422      67.2548
         1423      67.2548
         1424      67.2548
         1425      67.2548
         1426      67.2548
         1427      67.2548
         1428      67.2548
         1429      67.2548
         1430      67.2548
         1431      67.2548
         1432      67.2548
         1433      67.2548
         1434      67.2548
         1435      67.2548
         1436      67.2548
         1437      67.2548
         1438      67.2548
         1439      67.2548
         1440      67.2548
         1441      67.2548
         1442      67.2548
         1443      67.2548
         1444      67.2548
         1445      67.2548
         1446      67.2548
         1447      67.2548
         1448      67.2548
         1449      67.2548
         1450      67.2548
         1451      67.2548
         1452      67.2548
         1453      67.2548
         1454      67.2548
         1455      67.2548
         1456      67.2548
         1457      67.2548
         1458      67.2548
         1459      67.2548
         1460      67.2548
         1461      67.2548
         1462      67.2548
         1463      67.2548
         1464      67.2548
         1465      67.2548
         1466      67.2548
         1467      67.2548
         1468      67.2548
         1469      67.2548
         1470      67.2548
         1471      67.2548
         1472      67.2548
         1473      67.2548
         1474      67.2548
         1475      67.2548
         1476      67.2548
         1477      67.2548
         1478      67.2548
         1479      67.2548
         1480      67.2548
         1481      67.2548
         1482      67.2548
         1483      67.2548
         1484      67.2548
         1485      67.2548
         1486      67.2548
         1487      67.2548
         1488      67.2548
         1489      67.2548
         1490      67.2548
         1491      67.2548
         1492      67.2548
         1493      67.2548
         1494      67.2548
         1495      67.2548
         1496      67.2548
         1497      67.2548
         1498      67.2548
         1499      67.2548
         1500      67.2548
         1501      67.2548
         1502      67.2548
         1503      67.2548
         1504      67.2548
         1505      67.2548
         1506      67.2548
         1507      67.2548
         1508      67.2548
         1509      67.2548
         1510      67.2548
         1511      67.2548
         1512      67.2548
         1513      67.2548
         1514      67.2548
         1515      67.2548
         1516      67.2548
         1517      67.2548
         1518      67.2548
         1519      67.2548
         1520      67.2548
         1521      67.2548
         1522      67.2548
         1523      67.2548
         1524      67.2548
         1525      67.2548
         1526      67.2548
         1527      67.2548
         1528      67.2548
         1529      67.2548
         1530      67.2548
         1531      67.2548
         1532      67.2548
         1533      67.2548
         1534      67.2548
         1535      67.2548
         1536      67.2548
         1537      67.2548
         1538      67.2548
         1539      67.2548
         1540      67.2548
         1541      67.2548
         1542      67.2548
         1543      67.2548
         1544      67.2548
         1545      67.2548
         1546      67.2548
         1547      67.2548
         1548      67.2548
         1549      67.2548
         1550      67.2548
         1551      67.2548
         1552      67.2548
         1553      67.2548
         1554      67.2548
         1555      67.2548
         1556      67.2548
         1557      67.2548
         1558      67.2548
         1559      67.2548
         1560      67.2548
         1561      67.2548
         1562      67.2548
         1563      67.2548
         1564      67.2548
         1565      67.2548
         1566      67.2548
         1567      67.2548
         1568      67.2548
         1569      67.2548
         1570      67.2548
         1571      67.2548
         1572      67.2548
         1573      67.2548
         1574      67.2548
         1575      67.2548
         1576      67.2548
         1577      67.2548
         1578      67.2548
         1579      67.2548
         1580      67.2504
         1581      67.2144
         1582       67.134
         1583       67.253
         1584      67.8555
         1585      67.8877
         1586      67.5012
         1587      67.1867
         1588      66.6029
         1589      65.8214
         1590      65.2213
         1591      65.0942
         1592      65.0942
         1593      65.0942
         1594      65.0942
         1595      65.0942
         1596      65.0942
         1597      65.0942
         1598      65.0942
         1599      65.0942
         1600      65.0942
         1601      65.0942
         1602      65.0942
         1603      65.0942
         1604      65.0942
         1605      65.0942
         1606      65.0942
         1607      65.0942
         1608      65.0942
         1609      65.0942
         1610      65.0942
         1611      65.0942
         1612      65.0942
         1613      65.0942
         1614      65.0942
         1615      65.0942
         1616      65.0942
         1617      65.0942
         1618      65.0942
         1619      65.0942
         1620      65.0942
         1621      65.0942
         1622      65.0942
         1623      65.0942
         1624      65.0942
         1625      65.0942
         1626      65.0942
         1627      65.0942
         1628      65.0942
         1629      65.0942
         1630      65.0942
         1631      65.0942
         1632      65.0942
         1633      65.0942
         1634      65.0942
         1635      65.0942
         1636      65.0942
         1637      65.0942
         1638      65.0942
         1639      65.0942
         1640      65.0942
         1641      65.0942
         1642      65.0942
         1643      65.0942
         1644      65.0942
         1645      65.0942
         1646      65.0942
         1647      65.0942
         1648      65.0942
         1649      65.0942
         1650      65.0942
         1651      65.0942
         1652      65.0942
         1653      65.0942
         1654      65.0942
         1655      65.0942
         1656      65.0942
         1657      65.0942
         1658      65.0942
         1659      65.0942
         1660      65.0942
         1661      65.0942
         1662      65.0942
         1663      65.0942
         1664      65.0942
         1665      65.0942
         1666      65.0942
         1667      65.0942
         1668      65.0942
         1669      65.0942
         1670      65.0942
         1671      65.0942
         1672      65.0942
         1673      65.0942
         1674      65.0942
         1675      65.0942
         1676      65.0942
         1677      65.0942
         1678      65.0942
         1679      65.0942
         1680      65.0942
         1681      65.0942
         1682      65.0942
         1683      65.0942
         1684      65.0942
         1685      65.0942
         1686      65.0942
         1687      65.0942
         1688      65.0942
         1689      65.0942
         1690      65.0942
         1691      65.0942
         1692      65.0942
         1693      65.0942
         1694      65.0942
         1695       65.094
         1696      65.0896
         1697      65.0737
         1698      65.0533
         1699      65.0357
         1700      65.0353
         1701      65.0226
         1702      65.1917
         1703      65.5947
         1704      66.4891
         1705      67.0543
         1706      67.1445
         1707      66.5834
         1708      65.9709
         1709      65.1021
         1710      64.9186
         1711      64.8868
         1712      64.8868
         1713      64.8868
         1714      64.8868
         1715      64.8868
         1716      64.8868
         1717      64.8868
         1718      64.8868
         1719      64.8868
         1720      64.8868
         1721      64.8868
         1722      64.8868
         1723      64.8868
         1724      64.8868
         1725      64.8868
         1726      64.8868
         1727      64.8868
         1728      64.8868
         1729      64.8868
         1730      64.8868
         1731      64.8868
         1732      64.8868
         1733      64.8868
         1734      64.8868
         1735      64.8868
         1736      64.8868
         1737      64.8868
         1738      64.8868
         1739      64.8868
         1740      64.8868
         1741      64.8868
         1742      64.8868
         1743      64.8868
         1744      64.8868
         1745      64.8868
         1746      64.8868
         1747      64.8868
         1748      64.8868
         1749      64.8868
         1750      64.8868
         1751      64.8868
         1752      64.8868
         1753      64.8868
         1754      64.8868
         1755      64.8868
         1756      64.8868
         1757      64.8868
         1758      64.8868
         1759      64.8868
         1760      64.8868
         1761      64.8868
         1762      64.8868
         1763      64.8868
         1764      64.8868
         1765      64.8868
         1766      64.8868
         1767      64.8868
         1768      64.8868
         1769      64.8868
         1770      64.8868
         1771      64.8868
         1772      64.8868
         1773      64.8868
         1774      64.8868
         1775      64.8868
         1776      64.8868
         1777      64.8868
         1778      64.8868
         1779      64.8868
         1780      64.8868
         1781      64.8868
         1782      64.8868
         1783      64.8868
         1784      64.8868
         1785      64.8868
         1786      64.8868
         1787      64.8868
         1788      64.8868
         1789      64.8868
         1790      64.8868
         1791      64.8868
         1792      64.8868
         1793      64.8868
         1794      64.8868
         1795      64.8868
         1796      64.8868
         1797      64.8868
         1798      64.8868
         1799      64.8868
         1800      64.8868
         1801      64.8868
         1802      64.8868
         1803      64.8868
         1804      64.8868
         1805      64.8868
         1806      64.8868
         1807      64.8868
         1808      64.8868
         1809      64.8868
         1810      64.8868
         1811      64.8868
         1812      64.8868
         1813      64.8868
         1814      64.8868
         1815      64.8868
         1816      64.8868
         1817      64.8868
         1818      64.8868
         1819      64.8868
         1820      64.8868
         1821      64.8868
         1822      64.8868
         1823      64.8868
         1824      64.8868
         1825      64.8868
         1826      64.8868
         1827      64.8868
         1828      64.8868
         1829      64.8868
         1830      64.8868
         1831      64.8868
         1832      64.8868
         1833      64.8868
         1834      64.8868
         1835      64.8868
         1836      64.8868
         1837      64.8868
         1838      64.8868
         1839      64.8868
         1840      64.8868
         1841      64.8868
         1842      64.8868
         1843      64.8868
         1844      64.8868
         1845      64.8868
         1846      64.8868
         1847      64.8868
         1848      64.8868
         1849      64.8868
         1850      64.8868
         1851      64.8868
         1852      64.8868
         1853      64.8868
         1854      64.8868
         1855      64.8868
         1856      64.8868
         1857      64.8868
         1858      64.8868
         1859      64.8868
         1860      64.8868
         1861      64.8868
         1862      64.8868
         1863      64.8868
         1864      64.8868
         1865      64.8868
         1866      64.8868
         1867      64.8868
         1868      64.8868
         1869      64.8868
         1870      64.8868
         1871      64.8868
         1872      64.8868
         1873      64.8868
         1874      64.8868
         1875      64.8868
         1876      64.8868
         1877      64.8868
         1878      64.8868
         1879      64.8868
         1880      64.8868
         1881      64.8868
         1882      64.8868
         1883      64.8868
         1884      64.8868
         1885      64.8868
         1886      64.8868
         1887      64.8868
         1888      64.8868
         1889      64.8868
         1890      64.8868
         1891      64.8868
         1892      64.8868
         1893      64.8868
         1894      64.8868
         1895      64.8868
         1896      64.8868
         1897      64.8868
         1898      64.8868
         1899      64.8868
         1900      64.8868
         1901      64.8868
         1902      64.8868
         1903      64.8868
         1904      64.8868
         1905      64.8868
         1906      64.8868
         1907      64.8868
         1908      64.8868
         1909      64.8868
         1910      64.8868
         1911      64.8868
         1912      64.8868
         1913      64.8868
         1914      64.8868
         1915      64.8868
         1916      64.8868
         1917      64.8868
         1918      64.8868
         1919      64.8868
         1920      64.8868
         1921      64.8868
         1922      64.8868
         1923      64.8868
         1924      64.8868
         1925      64.8868
         1926      64.8868
         1927      64.8868
         1928      64.8868
         1929      64.8868
         1930      64.8868
         1931      64.8868
         1932      64.8868
         1933      64.8868
         1934      64.8868
         1935      64.8868
         1936      64.8868
         1937      64.8868
         1938      64.8868
         1939      64.8868
         1940      64.8868
         1941      64.8868
         1942      64.8868
         1943      64.8868
         1944      64.8868
         1945      64.8868
         1946      64.8868
         1947      64.8868
         1948      64.8868
         1949      64.8868
         1950      64.8868
         1951      64.8868
         1952      64.8868
         1953      64.8868
         1954      64.8868
         1955      64.8868
         1956      64.8868
         1957      64.8868
         1958      64.8868
         1959      64.8868
         1960      64.8868
         1961      64.8868
         1962      64.8868
         1963      64.8868
         1964      64.8868
         1965      64.8868
         1966      64.8868
         1967      64.8868
         1968      64.8868
         1969      64.8868
         1970      64.8868
         1971      64.8868
         1972      64.8868
         1973      64.8868
         1974      64.8868
         1975      64.8868
         1976      64.8868
         1977      64.8868
         1978      64.8868
         1979      64.8868
         1980      64.8868
         1981      64.8868
         1982      64.8868
         1983      64.8868
         1984      64.8868
         1985      64.8868
         1986      64.8868
         1987      64.8868
         1988      64.8868
         1989      64.8868
         1990      64.8868
         1991      64.8868
         1992      64.8868
         1993      64.8868
         1994      64.8868
         1995      64.8868
         1996      64.8868
         1997      64.8868
         1998      64.8868
         1999      64.8868
         2000      64.8868
