#      	 GEN:      LENGTH:
            1      480.156
            2      466.083
            3      452.038
            4      437.186
            5      425.633
            6      413.552
            7      403.707
            8      394.485
            9      387.248
           10       380.41
           11      373.622
           12      365.162
           13      356.489
           14      350.659
           15      345.944
           16      340.955
           17      335.561
           18      331.278
           19      327.922
           20      324.217
           21      319.626
           22      315.583
           23      312.013
           24      309.275
           25      306.568
           26      303.634
           27      300.513
           28      296.597
           29      293.369
           30      289.617
           31      284.759
           32      280.119
           33      275.978
           34      272.687
           35      269.458
           36      265.515
           37      261.505
           38      257.876
           39      254.562
           40      252.177
           41      250.021
           42       248.39
           43      246.967
           44      245.282
           45      243.514
           46      240.535
           47      236.567
           48      232.233
           49       229.24
           50      226.358
           51      224.519
           52      221.826
           53      219.736
           54      217.299
           55      214.739
           56      212.296
           57      209.598
           58      206.629
           59      204.313
           60      201.287
           61       198.65
           62       196.32
           63      194.572
           64      192.703
           65      190.961
           66      189.214
           67      188.425
           68      187.333
           69      186.159
           70      185.143
           71      183.595
           72      182.232
           73      181.088
           74      179.981
           75      179.201
           76      178.466
           77      177.596
           78      176.438
           79      174.981
           80      173.847
           81      172.817
           82      172.263
           83      171.986
           84      171.796
           85      171.357
           86      171.103
           87       170.85
           88      169.634
           89      168.633
           90      167.864
           91      166.989
           92      166.336
           93      165.833
           94      165.143
           95      164.122
           96      163.093
           97      161.849
           98      160.203
           99      158.877
          100      158.082
          101      157.559
          102      157.181
          103       156.66
          104      156.246
          105       155.23
          106      154.472
          107      153.615
          108      152.825
          109      152.131
          110      151.403
          111      150.619
          112      150.311
          113      149.936
          114      149.381
          115      148.586
          116      147.478
          117      146.715
          118      146.302
          119      145.928
          120      145.401
          121      145.131
          122      144.261
          123      143.673
          124      143.104
          125      142.313
          126        141.7
          127      141.083
          128      140.573
          129      140.097
          130      139.236
          131      138.023
          132      136.749
          133      135.804
          134      134.515
          135      133.433
          136      132.445
          137      131.556
          138      130.756
          139      129.951
          140      129.021
          141       128.39
          142      127.855
          143      127.487
          144        127.2
          145      127.047
          146      126.678
          147      126.421
          148      126.158
          149      125.995
          150      125.702
          151      125.411
          152      125.118
          153      124.853
          154      124.649
          155      124.417
          156      123.992
          157      123.213
          158       122.32
          159      121.507
          160      120.477
          161      119.473
          162      118.708
          163      118.209
          164      117.869
          165       117.47
          166       117.02
          167      116.122
          168       114.49
          169      112.532
          170      111.264
          171      110.278
          172      109.972
          173      109.596
          174      109.223
          175      108.472
          176      108.122
          177      107.635
          178      107.405
          179      106.713
          180      105.998
          181      105.154
          182      104.208
          183      103.493
          184      103.078
          185      102.701
          186      102.152
          187      101.294
          188        100.6
          189      99.9423
          190      99.3397
          191      98.8672
          192      98.4007
          193      98.0189
          194      97.4159
          195      97.1008
          196      96.8481
          197      96.6898
          198       96.632
          199      96.5863
          200      96.5163
          201      96.4678
          202      96.3065
          203      96.0884
          204      95.8345
          205      95.5733
          206      95.3654
          207      95.3287
          208      95.2525
          209      95.1092
          210       94.864
          211      94.4839
          212         94.1
          213      93.7688
          214      93.5372
          215      93.3264
          216      93.1211
          217      92.9902
          218      92.8985
          219      92.7623
          220      92.5055
          221      92.2005
          222      91.9483
          223      91.7004
          224      91.5246
          225      91.3566
          226       91.122
          227      90.8458
          228      90.6391
          229      90.3572
          230      90.0329
          231      89.7758
          232      89.4894
          233      89.2684
          234         89.1
          235      88.9064
          236      88.5426
          237      87.9671
          238      87.6221
          239      87.5659
          240      87.5251
          241      87.4123
          242      87.2822
          243      87.1006
          244      87.1406
          245      87.1682
          246      87.3286
          247      87.4759
          248       87.162
          249      86.4656
          250      86.1073
          251      85.8084
          252      85.7495
          253      85.6825
          254      85.5723
          255      86.0274
          256      86.0812
          257      86.0262
          258      85.0581
          259      84.1447
          260      83.5879
          261      83.2872
          262      83.1454
          263      83.0235
          264      82.8366
          265      82.5859
          266      82.3276
          267      82.0334
          268      81.7676
          269      81.5899
          270      81.4459
          271      81.3036
          272      81.1478
          273      80.9677
          274      80.7588
          275      80.5903
          276        80.48
          277      80.3222
          278      80.2105
          279      80.0313
          280      79.8858
          281      79.7832
          282      79.4908
          283      79.2892
          284      79.0358
          285      78.7276
          286      78.4836
          287      78.3217
          288      78.1832
          289      77.9992
          290      77.6984
          291      77.4203
          292      77.1564
          293      76.9466
          294      76.8204
          295      76.7483
          296      76.6716
          297      76.6083
          298       76.554
          299      76.4686
          300      76.3776
          301       76.274
          302      76.1952
          303      76.1152
          304      76.0166
          305      75.8831
          306      75.8036
          307      75.7089
          308      75.6388
          309      75.6123
          310      75.5949
          311      75.5532
          312      75.4455
          313      75.2356
          314      75.0604
          315      74.9336
          316      74.8339
          317       74.741
          318       74.648
          319      74.6088
          320      74.6078
          321      74.6037
          322      74.6028
          323      74.5864
          324      74.6316
          325      74.6195
          326      74.6189
          327      74.6676
          328       74.665
          329      74.5803
          330      74.5523
          331      74.4594
          332      74.3949
          333      74.3458
          334      74.2049
          335      74.0211
          336      73.6435
          337      73.5049
          338       73.424
          339      73.3769
          340      73.3678
          341      73.3301
          342      73.3188
          343      73.3128
          344      73.3001
          345      73.2368
          346      73.1407
          347       73.073
          348      73.0037
          349      72.9589
          350       72.889
          351      72.8295
          352      72.7374
          353      72.6562
          354       72.584
          355      72.5379
          356      72.5153
          357      72.5183
          358      72.5183
          359      72.5183
          360      72.5183
          361      72.5183
          362      72.5183
          363      72.5183
          364      72.5183
          365      72.5183
          366      72.5183
          367      72.5183
          368      72.5183
          369      72.5179
          370      72.5091
          371      72.4741
          372      72.4258
          373      72.3783
          374      72.3251
          375      72.3047
          376      72.2995
          377      72.2995
          378      72.2995
          379      72.2995
          380      72.2995
          381      72.2995
          382      72.2995
          383      72.2995
          384      72.2995
          385      72.2995
          386      72.2995
          387      72.2995
          388      72.2985
          389      72.2773
          390      72.1842
          391      72.0722
          392      71.9258
          393      71.8219
          394       71.818
          395       71.818
          396       71.818
          397       71.818
          398       71.818
          399       71.818
          400       71.818
          401       71.818
          402       71.818
          403       71.818
          404       71.818
          405      71.8182
          406      71.8193
          407      71.8212
          408       71.823
          409      71.8244
          410      71.8245
          411      71.8245
          412      71.8245
          413      71.8245
          414      71.8245
          415      71.8245
          416      71.8245
          417      71.8245
          418      71.8245
          419      71.8245
          420      71.8245
          421      71.8245
          422      71.8245
          423      71.8245
          424      71.8245
          425      71.8245
          426      71.8245
          427      71.8245
          428      71.8245
          429      71.8245
          430      71.8245
          431      71.8245
          432      71.8245
          433      71.8245
          434      71.8245
          435      71.8245
          436      71.8245
          437      71.8245
          438      71.8245
          439      71.8245
          440      71.8245
          441      71.8245
          442      71.8245
          443      71.8245
          444      71.8245
          445      71.8245
          446      71.8245
          447      71.8245
          448      71.8245
          449      71.8245
          450      71.8245
          451      71.8245
          452      71.8245
          453      71.8245
          454      71.8245
          455      71.8245
          456      71.8245
          457      71.8245
          458      71.8245
          459      71.8245
          460      71.8245
          461      71.8245
          462      71.8245
          463      71.8245
          464      71.8245
          465      71.8245
          466      71.8245
          467      71.8245
          468      71.8245
          469      71.8245
          470      71.8245
          471      71.8245
          472      71.8244
          473      71.8224
          474      71.8143
          475      71.7941
          476      71.7414
          477      71.6494
          478      71.5587
          479       71.481
          480      71.4315
          481      71.4316
          482      71.4319
          483      71.4332
          484      71.4348
          485      71.4236
          486      71.3595
          487      71.2452
          488      71.1598
          489      71.0733
          490      71.0643
          491      71.0643
          492      71.0642
          493       71.063
          494      71.0585
          495      71.0519
          496      71.0508
          497      71.0593
          498      71.0552
          499      70.9952
          500      70.9008
          501       70.785
          502      70.7135
          503      70.7135
          504      70.7135
          505      70.7135
          506      70.7135
          507      70.7135
          508      70.7135
          509      70.7135
          510      70.7135
          511      70.7135
          512      70.7135
          513      70.7135
          514      70.7135
          515      70.7135
          516      70.7135
          517      70.7135
          518      70.7135
          519      70.7135
          520      70.7135
          521      70.7135
          522      70.7135
          523      70.7135
          524      70.7135
          525      70.7135
          526      70.7135
          527      70.7135
          528      70.7135
          529      70.7135
          530      70.7135
          531      70.7135
          532      70.7135
          533      70.7135
          534      70.7135
          535      70.7135
          536      70.7135
          537      70.7135
          538      70.7135
          539      70.7135
          540      70.7135
          541      70.7135
          542      70.7135
          543      70.7135
          544      70.7135
          545      70.7135
          546      70.7135
          547      70.7135
          548      70.7135
          549      70.7135
          550      70.7135
          551      70.7135
          552      70.7135
          553      70.7135
          554      70.7135
          555      70.7135
          556      70.7135
          557      70.7135
          558      70.7135
          559      70.7135
          560      70.7135
          561      70.7135
          562      70.7135
          563      70.7135
          564      70.7135
          565      70.7135
          566      70.7135
          567      70.7135
          568      70.7135
          569      70.7135
          570      70.7135
          571      70.7135
          572      70.7135
          573      70.7135
          574      70.7135
          575      70.7135
          576      70.7135
          577      70.7135
          578      70.7135
          579      70.7135
          580      70.7135
          581      70.7135
          582      70.7135
          583      70.7135
          584      70.7135
          585      70.7135
          586      70.7135
          587      70.7135
          588      70.7135
          589      70.7135
          590      70.7135
          591      70.7135
          592      70.7135
          593      70.7135
          594      70.7135
          595      70.7135
          596      70.7135
          597      70.7135
          598      70.7135
          599      70.7135
          600      70.7125
          601      70.6979
          602      70.6239
          603      70.5017
          604      70.3598
          605      70.2563
          606      70.2265
          607      70.2251
          608      70.2099
          609      70.1354
          610      70.0516
          611      69.9951
          612      69.8043
          613      69.6377
          614      69.5449
          615      69.5375
          616      69.5375
          617      69.5375
          618      69.5375
          619      69.5375
          620      69.5375
          621      69.5375
          622      69.5375
          623      69.5375
          624      69.5375
          625      69.5375
          626      69.5375
          627      69.5375
          628      69.5375
          629      69.5375
          630      69.5375
          631      69.5375
          632      69.5375
          633      69.5375
          634      69.5375
          635      69.5375
          636      69.5375
          637      69.5375
          638      69.5375
          639      69.5375
          640      69.5375
          641      69.5375
          642      69.5375
          643      69.5375
          644      69.5375
          645      69.5375
          646      69.5375
          647      69.5375
          648      69.5375
          649      69.5375
          650      69.5375
          651      69.5375
          652      69.5375
          653      69.5375
          654      69.5375
          655      69.5375
          656      69.5375
          657      69.5375
          658      69.5375
          659      69.5375
          660      69.5375
          661      69.5375
          662      69.5375
          663      69.5375
          664      69.5375
          665      69.5375
          666      69.5374
          667      69.5359
          668      69.5277
          669      69.5158
          670      69.5047
          671      69.4932
          672       69.489
          673      69.4871
          674      69.4871
          675      69.4871
          676      69.4871
          677      69.4871
          678      69.4871
          679      69.4871
          680      69.4871
          681      69.4871
          682      69.4871
          683      69.4871
          684      69.4871
          685      69.4871
          686      69.4871
          687      69.4871
          688      69.4871
          689      69.4871
          690      69.4871
          691      69.4871
          692      69.4871
          693      69.4871
          694      69.4871
          695      69.4871
          696      69.4871
          697      69.4871
          698      69.4871
          699      69.4871
          700      69.4875
          701      69.4896
          702      69.4938
          703      69.4984
          704       69.501
          705       69.501
          706       69.501
          707       69.501
          708       69.501
          709       69.501
          710       69.501
          711       69.501
          712       69.501
          713       69.501
          714      69.5709
          715      69.8947
          716      70.4745
          717       71.615
          718      71.4685
          719      70.6769
          720      70.1796
          721      69.6104
          722       69.501
          723       69.501
          724       69.501
          725       69.501
          726       69.501
          727       69.501
          728       69.501
          729       69.501
          730       69.501
          731       69.501
          732       69.501
          733       69.501
          734       69.501
          735       69.501
          736       69.501
          737       69.501
          738       69.501
          739       69.501
          740       69.501
          741       69.501
          742       69.501
          743       69.501
          744       69.501
          745       69.501
          746       69.501
          747       69.501
          748       69.501
          749       69.501
          750       69.501
          751       69.501
          752       69.501
          753       69.501
          754       69.501
          755       69.501
          756       69.501
          757       69.501
          758       69.501
          759       69.501
          760       69.501
          761       69.501
          762       69.501
          763       69.501
          764       69.501
          765       69.501
          766       69.501
          767       69.501
          768       69.501
          769       69.501
          770       69.501
          771       69.501
          772       69.501
          773       69.501
          774       69.501
          775       69.501
          776       69.501
          777       69.501
          778       69.501
          779       69.501
          780       69.501
          781      69.5002
          782      69.4802
          783      69.4002
          784      69.2994
          785      69.1922
          786      69.1272
          787      69.1168
          788      69.1168
          789      69.1168
          790      69.1168
          791      69.1168
          792      69.1168
          793      69.1168
          794      69.1168
          795      69.1168
          796      69.1168
          797      69.1168
          798      69.1168
          799      69.1168
          800      69.1168
          801      69.1168
          802      69.1168
          803      69.1168
          804      69.1168
          805      69.1168
          806      69.1168
          807      69.1168
          808      69.1168
          809      69.1168
          810      69.1168
          811      69.1168
          812      69.1168
          813      69.1168
          814      69.1168
          815      69.1168
          816      69.1168
          817      69.1168
          818      69.1168
          819      69.1168
          820      69.1168
          821      69.1168
          822      69.1168
          823      69.1168
          824      69.1168
          825      69.1168
          826      69.1168
          827      69.1168
          828      69.1168
          829      69.1168
          830      69.1168
          831      69.1168
          832      69.1168
          833      69.1168
          834      69.1168
          835      69.1168
          836      69.1168
          837      69.1168
          838      69.1168
          839      69.1168
          840      69.1168
          841      69.1168
          842      69.1168
          843      69.1164
          844      69.1027
          845      69.0619
          846      69.0041
          847      68.9405
          848      68.8937
          849      68.8896
          850      68.8896
          851      68.8896
          852      68.8896
          853      68.8896
          854      68.8896
          855      68.8896
          856      68.8896
          857      68.8891
          858      68.8785
          859      68.8285
          860       68.753
          861      68.6813
          862       68.626
          863       68.626
          864       68.626
          865       68.626
          866       68.626
          867       68.626
          868       68.626
          869       68.626
          870       68.626
          871       68.626
          872       68.626
          873       68.626
          874       68.626
          875       68.626
          876       68.626
          877       68.626
          878       68.626
          879       68.626
          880      68.6262
          881      68.6269
          882      68.6282
          883      68.6291
          884        68.63
          885        68.63
          886        68.63
          887        68.63
          888        68.63
          889        68.63
          890        68.63
          891        68.63
          892        68.63
          893        68.63
          894        68.63
          895        68.63
          896        68.63
          897        68.63
          898        68.63
          899        68.63
          900        68.63
          901        68.63
          902        68.63
          903        68.63
          904        68.63
          905        68.63
          906        68.63
          907        68.63
          908        68.63
          909        68.63
          910        68.63
          911        68.63
          912        68.63
          913        68.63
          914        68.63
          915        68.63
          916        68.63
          917        68.63
          918        68.63
          919        68.63
          920        68.63
          921        68.63
          922        68.63
          923        68.63
          924        68.63
          925        68.63
          926        68.63
          927        68.63
          928        68.63
          929        68.63
          930        68.63
          931        68.63
          932        68.63
          933        68.63
          934        68.63
          935        68.63
          936        68.63
          937        68.63
          938        68.63
          939        68.63
          940        68.63
          941        68.63
          942        68.63
          943        68.63
          944        68.63
          945        68.63
          946        68.63
          947        68.63
          948        68.63
          949        68.63
          950        68.63
          951        68.63
          952        68.63
          953        68.63
          954        68.63
          955        68.63
          956        68.63
          957        68.63
          958        68.63
          959        68.63
          960        68.63
          961        68.63
          962        68.63
          963        68.63
          964        68.63
          965        68.63
          966        68.63
          967        68.63
          968        68.63
          969      68.6292
          970       68.615
          971      68.5491
          972      68.4355
          973      68.3134
          974       68.224
          975      68.2126
          976      68.2126
          977      68.2126
          978      68.2126
          979      68.2126
          980      68.2126
          981      68.2123
          982      68.2064
          983      68.1783
          984       68.142
          985      68.1144
          986      68.0897
          987      68.0837
          988      68.0837
          989      68.0837
          990      68.0837
          991      68.0837
          992      68.0837
          993      68.0837
          994      68.0837
          995      68.0837
          996      68.0837
          997      68.0837
          998      68.0837
          999      68.0837
         1000      68.0837
         1001      68.0837
         1002      68.0837
         1003      68.0837
         1004      68.0837
         1005      68.0837
         1006      68.0837
         1007      68.0837
         1008      68.0837
         1009      68.0837
         1010      68.0837
         1011      68.0837
         1012      68.0837
         1013      68.0837
         1014      68.0837
         1015      68.0837
         1016      68.0838
         1017       68.084
         1018      68.0858
         1019      68.0891
         1020      68.0924
         1021      68.0942
         1022      68.0942
         1023      68.0942
         1024      68.0942
         1025      68.0942
         1026      68.0942
         1027      68.0942
         1028      68.0942
         1029      68.0942
         1030      68.0942
         1031      68.0942
         1032      68.0942
         1033      68.0942
         1034      68.0942
         1035      68.0942
         1036      68.0942
         1037      68.0942
         1038      68.0942
         1039      68.0942
         1040      68.0942
         1041      68.0942
         1042      68.0942
         1043      68.0942
         1044      68.0942
         1045      68.0942
         1046      68.0942
         1047      68.0942
         1048      68.0942
         1049      68.0942
         1050      68.0942
         1051      68.0942
         1052      68.0942
         1053      68.0942
         1054      68.0942
         1055      68.0942
         1056      68.0942
         1057      68.0943
         1058      68.0958
         1059      68.1012
         1060      68.1086
         1061      68.1164
         1062      68.1225
         1063      68.1225
         1064      68.1225
         1065      68.1225
         1066      68.1225
         1067      68.1225
         1068      68.1225
         1069      68.1225
         1070      68.1225
         1071      68.1225
         1072      68.1225
         1073      68.1225
         1074      68.1225
         1075      68.1225
         1076      68.1225
         1077      68.1225
         1078      68.1225
         1079      68.1225
         1080      68.1225
         1081      68.1225
         1082      68.1225
         1083      68.1225
         1084      68.1225
         1085      68.1225
         1086      68.1225
         1087      68.1225
         1088      68.1225
         1089      68.1225
         1090      68.1225
         1091      68.1225
         1092      68.1225
         1093      68.1225
         1094      68.1225
         1095      68.1225
         1096      68.1225
         1097      68.1225
         1098      68.1225
         1099      68.1225
         1100      68.1225
         1101      68.1225
         1102      68.1225
         1103      68.1225
         1104      68.1225
         1105      68.1225
         1106      68.1225
         1107      68.1225
         1108      68.1225
         1109      68.1225
         1110      68.1225
         1111      68.1225
         1112      68.1225
         1113      68.1225
         1114      68.1225
         1115      68.1225
         1116      68.1225
         1117      68.1225
         1118      68.1225
         1119      68.1225
         1120      68.1225
         1121      68.1225
         1122      68.1225
         1123      68.1225
         1124      68.1225
         1125      68.1225
         1126      68.1225
         1127      68.1225
         1128      68.1225
         1129      68.1225
         1130      68.1225
         1131      68.1225
         1132      68.1225
         1133      68.1225
         1134      68.1225
         1135      68.1225
         1136      68.1225
         1137      68.1225
         1138      68.1225
         1139      68.1225
         1140      68.1225
         1141      68.1225
         1142      68.1225
         1143      68.1225
         1144      68.1225
         1145      68.1225
         1146      68.1225
         1147      68.1225
         1148      68.1225
         1149      68.1225
         1150      68.1225
         1151      68.1225
         1152      68.1225
         1153      68.1225
         1154      68.1225
         1155      68.1225
         1156      68.1225
         1157      68.1225
         1158      68.1225
         1159      68.1225
         1160      68.1225
         1161      68.1225
         1162      68.1225
         1163      68.1225
         1164      68.1225
         1165      68.1225
         1166      68.1223
         1167      68.1163
         1168      68.0998
         1169      68.0715
         1170      68.0489
         1171      68.0351
         1172      68.0351
         1173      68.0351
         1174      68.0351
         1175      68.0351
         1176      68.0351
         1177      68.0351
         1178      68.0351
         1179      68.0351
         1180      68.0351
         1181      68.0351
         1182      68.0351
         1183      68.0351
         1184      68.0351
         1185      68.0351
         1186      68.0351
         1187      68.0351
         1188      68.0351
         1189      68.0351
         1190      68.0351
         1191      68.0351
         1192      68.0351
         1193      68.0351
         1194      68.0351
         1195      68.0351
         1196      68.0351
         1197      68.0351
         1198      68.0351
         1199      68.0351
         1200      68.0351
         1201      68.0351
         1202      68.0351
         1203      68.0351
         1204      68.0351
         1205      68.0351
         1206      68.0351
         1207      68.0351
         1208      68.0351
         1209      68.0351
         1210      68.0351
         1211      68.0351
         1212      68.0351
         1213      68.0351
         1214      68.0351
         1215      68.0351
         1216      68.0351
         1217      68.0351
         1218      68.0351
         1219      68.0351
         1220      68.0351
         1221      68.0351
         1222      68.0351
         1223      68.0351
         1224      68.0351
         1225      68.0351
         1226      68.0351
         1227      68.0351
         1228      68.0351
         1229      68.0351
         1230      68.0351
         1231      68.0351
         1232      68.0351
         1233      68.0351
         1234      68.0351
         1235      68.0351
         1236      68.0351
         1237      68.0348
         1238      68.0345
         1239      68.0342
         1240      68.0336
         1241      68.0271
         1242      67.9994
         1243      67.9634
         1244       67.924
         1245      67.8926
         1246      67.8812
         1247      67.8812
         1248      67.8812
         1249      67.8812
         1250      67.8812
         1251      67.8812
         1252      67.8812
         1253      67.8812
         1254      67.8812
         1255      67.8812
         1256      67.8812
         1257      67.8812
         1258      67.8812
         1259      67.8812
         1260      67.8812
         1261      67.8812
         1262      67.8812
         1263      67.8812
         1264      67.8812
         1265      67.8812
         1266      67.8812
         1267      67.8812
         1268      67.8812
         1269      67.8812
         1270      67.8812
         1271      67.8812
         1272      67.8812
         1273      67.8812
         1274      67.8812
         1275      67.8812
         1276      67.8812
         1277      67.8812
         1278      67.8812
         1279      67.8812
         1280      67.8812
         1281      67.8812
         1282      67.8812
         1283      67.8812
         1284      67.8812
         1285      67.8812
         1286      67.8812
         1287      67.8812
         1288      67.8812
         1289      67.8812
         1290      67.8812
         1291      67.8812
         1292      67.8812
         1293      67.8812
         1294      67.8812
         1295      67.8812
         1296      67.8812
         1297      67.8812
         1298      67.8812
         1299      67.8811
         1300       67.877
         1301      67.8653
         1302      67.8451
         1303      67.8298
         1304      67.8209
         1305      67.8209
         1306      67.8209
         1307      67.8209
         1308      67.8209
         1309      67.8209
         1310      67.8209
         1311      67.8209
         1312      67.8219
         1313      67.8262
         1314      67.8334
         1315      67.8406
         1316      67.8461
         1317      67.8465
         1318      67.8465
         1319      67.8465
         1320      67.8465
         1321      67.8465
         1322      67.8465
         1323      67.8465
         1324      67.8465
         1325      67.8465
         1326      67.8465
         1327      67.8465
         1328      67.8465
         1329      67.8465
         1330      67.8465
         1331      67.8465
         1332      67.8465
         1333      67.8465
         1334      67.8465
         1335      67.8465
         1336       67.845
         1337      67.8131
         1338      67.6893
         1339      67.4873
         1340      67.3004
         1341      67.1617
         1342      67.1314
         1343      67.1314
         1344      67.1314
         1345      67.1314
         1346      67.1314
         1347      67.1314
         1348      67.1314
         1349      67.1314
         1350      67.1314
         1351      67.1314
         1352      67.1314
         1353      67.1314
         1354      67.1314
         1355      67.1314
         1356      67.1314
         1357      67.1314
         1358      67.1314
         1359      67.1314
         1360      67.1314
         1361      67.1314
         1362      67.1314
         1363      67.1314
         1364      67.1314
         1365      67.1314
         1366      67.1314
         1367      67.1314
         1368      67.1314
         1369      67.1314
         1370      67.1314
         1371      67.1314
         1372      67.1314
         1373      67.1314
         1374      67.1314
         1375      67.1314
         1376      67.1314
         1377      67.1314
         1378      67.1314
         1379      67.1314
         1380      67.1314
         1381      67.1314
         1382      67.1314
         1383      67.1314
         1384      67.1314
         1385      67.1314
         1386       67.129
         1387      67.1183
         1388      67.1069
         1389      67.0962
         1390      67.0874
         1391      67.0856
         1392      67.0856
         1393      67.0856
         1394      67.0856
         1395      67.0856
         1396      67.0856
         1397      67.0856
         1398      67.0856
         1399      67.0856
         1400      67.0856
         1401      67.0856
         1402      67.0856
         1403      67.0856
         1404      67.0856
         1405      67.0856
         1406      67.0856
         1407      67.0856
         1408      67.0856
         1409      67.0856
         1410      67.0856
         1411      67.0856
         1412      67.0856
         1413      67.0856
         1414      67.0856
         1415      67.0856
         1416      67.0856
         1417      67.0856
         1418      67.0856
         1419      67.0856
         1420      67.0856
         1421      67.0856
         1422      67.0856
         1423      67.0856
         1424      67.0856
         1425      67.0856
         1426      67.0856
         1427      67.0856
         1428      67.0856
         1429      67.0856
         1430      67.0856
         1431      67.0856
         1432      67.0856
         1433      67.0856
         1434      67.0856
         1435      67.0856
         1436      67.0856
         1437      67.0856
         1438      67.0856
         1439      67.0856
         1440      67.0856
         1441      67.0856
         1442      67.0856
         1443      67.0856
         1444      67.0856
         1445      67.0856
         1446      67.0856
         1447      67.0856
         1448      67.0856
         1449      67.0856
         1450      67.0856
         1451      67.0856
         1452      67.0856
         1453      67.0856
         1454      67.0856
         1455      67.0856
         1456      67.0856
         1457      67.0856
         1458      67.0856
         1459      67.0856
         1460      67.0856
         1461      67.0856
         1462      67.0856
         1463      67.0856
         1464      67.0856
         1465      67.0856
         1466      67.0856
         1467      67.0856
         1468      67.0856
         1469      67.0856
         1470      67.0856
         1471      67.0859
         1472      67.0906
         1473      67.1133
         1474      67.1441
         1475      67.1754
         1476      67.1989
         1477      67.1998
         1478      67.1998
         1479      67.1998
         1480      67.1998
         1481      67.1998
         1482      67.1998
         1483      67.1998
         1484      67.1998
         1485      67.1998
         1486      67.1998
         1487      67.1998
         1488      67.1998
         1489      67.1998
         1490      67.1998
         1491      67.1998
         1492      67.1998
         1493      67.1998
         1494      67.1998
         1495      67.1998
         1496      67.1998
         1497      67.1998
         1498      67.1998
         1499      67.1998
         1500      67.1998
         1501      67.1998
         1502      67.1998
         1503      67.1998
         1504      67.1998
         1505      67.1998
         1506      67.1998
         1507      67.1998
         1508      67.1998
         1509      67.1998
         1510      67.1998
         1511      67.1998
         1512      67.1998
         1513      67.1998
         1514      67.1998
         1515      67.1998
         1516      67.1998
         1517      67.1998
         1518      67.1998
         1519      67.1998
         1520      67.1998
         1521      67.1998
         1522      67.1998
         1523      67.1998
         1524      67.1998
         1525      67.1998
         1526      67.1998
         1527      67.1998
         1528      67.1998
         1529      67.1998
         1530      67.1998
         1531      67.1998
         1532      67.1998
         1533      67.1998
         1534      67.1998
         1535      67.1998
         1536      67.1998
         1537      67.1998
         1538      67.1998
         1539      67.1998
         1540      67.1998
         1541      67.1998
         1542      67.1998
         1543      67.1998
         1544      67.1998
         1545      67.1998
         1546      67.1998
         1547      67.1998
         1548      67.1998
         1549      67.1998
         1550      67.1998
         1551      67.1998
         1552      67.1998
         1553      67.1998
         1554      67.1998
         1555      67.1998
         1556      67.1998
         1557      67.1998
         1558      67.1998
         1559      67.1998
         1560      67.1998
         1561      67.1998
         1562      67.1998
         1563      67.1998
         1564      67.1998
         1565      67.1998
         1566      67.1998
         1567      67.1998
         1568      67.1998
         1569      67.1998
         1570      67.1998
         1571      67.1998
         1572      67.1998
         1573      67.1998
         1574      67.1998
         1575      67.1998
         1576      67.1998
         1577      67.1998
         1578      67.1998
         1579      67.1998
         1580      67.1998
         1581      67.1998
         1582      67.1998
         1583      67.1998
         1584      67.1998
         1585      67.1998
         1586      67.1998
         1587      67.1998
         1588      67.1998
         1589      67.1998
         1590      67.1998
         1591      67.1998
         1592      67.1998
         1593      67.1998
         1594      67.1998
         1595      67.1998
         1596      67.1998
         1597      67.1998
         1598      67.1998
         1599      67.1998
         1600      67.1998
         1601      67.1998
         1602      67.1998
         1603      67.1998
         1604      67.1998
         1605      67.1998
         1606      67.1998
         1607      67.1998
         1608      67.1998
         1609      67.1998
         1610      67.1998
         1611      67.1998
         1612      67.1998
         1613      67.1998
         1614      67.1998
         1615      67.1998
         1616      67.1998
         1617      67.1998
         1618      67.1998
         1619      67.1998
         1620      67.1998
         1621      67.1998
         1622      67.1998
         1623      67.1998
         1624      67.1998
         1625      67.1998
         1626      67.1998
         1627      67.1998
         1628      67.1998
         1629      67.1998
         1630      67.1998
         1631      67.1998
         1632      67.1998
         1633      67.1998
         1634      67.1998
         1635      67.1998
         1636      67.1998
         1637      67.1998
         1638      67.1998
         1639      67.1998
         1640      67.1998
         1641      67.1998
         1642      67.1998
         1643      67.1998
         1644      67.1998
         1645      67.1998
         1646      67.1998
         1647      67.1998
         1648      67.1998
         1649      67.1998
         1650      67.1998
         1651      67.1998
         1652      67.1998
         1653      67.1998
         1654      67.1998
         1655      67.1998
         1656      67.1998
         1657      67.1998
         1658      67.1998
         1659      67.1998
         1660      67.1998
         1661      67.1998
         1662      67.1998
         1663      67.1998
         1664      67.1998
         1665      67.1998
         1666      67.1998
         1667      67.1998
         1668      67.1998
         1669      67.1998
         1670      67.1998
         1671      67.1998
         1672      67.1998
         1673      67.1998
         1674      67.1998
         1675      67.1998
         1676      67.1998
         1677      67.1998
         1678      67.1998
         1679      67.1998
         1680      67.1998
         1681      67.1998
         1682      67.1998
         1683      67.1998
         1684      67.1998
         1685      67.1998
         1686      67.1998
         1687      67.1998
         1688      67.1998
         1689      67.1998
         1690      67.1998
         1691      67.1998
         1692      67.1998
         1693      67.1998
         1694      67.1998
         1695      67.1998
         1696      67.1998
         1697      67.1998
         1698      67.1998
         1699      67.1998
         1700      67.1998
         1701      67.1998
         1702      67.1998
         1703      67.1998
         1704      67.1998
         1705      67.1998
         1706      67.1998
         1707      67.1998
         1708      67.1998
         1709      67.1998
         1710      67.1998
         1711      67.1998
         1712      67.1998
         1713      67.1998
         1714      67.1998
         1715      67.1998
         1716      67.1998
         1717      67.1998
         1718      67.1998
         1719      67.1998
         1720      67.1998
         1721      67.1998
         1722      67.1998
         1723      67.1998
         1724      67.1998
         1725      67.1998
         1726      67.1998
         1727      67.1998
         1728      67.1998
         1729      67.1998
         1730      67.1998
         1731      67.1998
         1732      67.1998
         1733      67.1998
         1734      67.1998
         1735      67.1998
         1736      67.1998
         1737      67.1998
         1738      67.1998
         1739      67.1998
         1740      67.1998
         1741      67.1998
         1742      67.1998
         1743      67.1998
         1744      67.1998
         1745      67.1998
         1746      67.1998
         1747      67.1998
         1748      67.1998
         1749      67.1998
         1750      67.1998
         1751      67.1998
         1752      67.1998
         1753      67.1998
         1754      67.1998
         1755      67.1998
         1756      67.1998
         1757      67.1998
         1758      67.1998
         1759      67.1998
         1760      67.1998
         1761      67.1998
         1762      67.1998
         1763      67.1998
         1764      67.1998
         1765      67.1998
         1766      67.1998
         1767      67.1998
         1768      67.1998
         1769      67.1998
         1770      67.1998
         1771      67.1998
         1772      67.1998
         1773      67.1998
         1774      67.1998
         1775      67.1998
         1776      67.1998
         1777      67.1998
         1778      67.1998
         1779      67.1998
         1780      67.1998
         1781      67.1998
         1782      67.1998
         1783      67.1998
         1784      67.1998
         1785      67.1998
         1786      67.1998
         1787      67.1998
         1788      67.1998
         1789      67.1998
         1790      67.1998
         1791      67.1998
         1792      67.1998
         1793      67.1998
         1794      67.1998
         1795      67.1998
         1796      67.1998
         1797      67.1998
         1798      67.1998
         1799      67.1998
         1800      67.1998
         1801      67.1998
         1802      67.1998
         1803      67.1998
         1804      67.1998
         1805      67.1998
         1806      67.1998
         1807      67.1998
         1808      67.1998
         1809      67.1998
         1810      67.1998
         1811      67.1998
         1812      67.1998
         1813      67.1998
         1814      67.1998
         1815      67.1998
         1816      67.1998
         1817      67.1998
         1818      67.1998
         1819      67.1998
         1820      67.1998
         1821      67.1998
         1822      67.1998
         1823      67.1998
         1824      67.1998
         1825      67.1998
         1826      67.1998
         1827      67.1998
         1828      67.1998
         1829      67.1998
         1830      67.1998
         1831      67.1998
         1832      67.1998
         1833      67.1998
         1834      67.1998
         1835      67.1998
         1836      67.1998
         1837      67.1998
         1838      67.1998
         1839      67.1998
         1840      67.1998
         1841      67.1998
         1842      67.1998
         1843      67.1998
         1844      67.1998
         1845      67.1998
         1846      67.1998
         1847      67.1998
         1848      67.1998
         1849      67.1998
         1850      67.1998
         1851      67.1998
         1852      67.1998
         1853      67.1998
         1854      67.1998
         1855      67.1998
         1856      67.1998
         1857      67.1998
         1858      67.1998
         1859      67.1998
         1860      67.1998
         1861      67.1998
         1862      67.1998
         1863      67.1998
         1864      67.1998
         1865      67.1998
         1866      67.1998
         1867      67.1998
         1868      67.1998
         1869      67.1998
         1870      67.1998
         1871      67.1998
         1872      67.1998
         1873      67.1998
         1874      67.1998
         1875      67.1998
         1876      67.1998
         1877      67.1998
         1878      67.1998
         1879      67.1998
         1880      67.1998
         1881      67.1998
         1882      67.1998
         1883      67.1998
         1884      67.1998
         1885      67.1998
         1886      67.1998
         1887      67.1998
         1888      67.1998
         1889      67.1998
         1890      67.1998
         1891      67.1998
         1892      67.1998
         1893      67.1998
         1894      67.1998
         1895      67.1998
         1896      67.1998
         1897      67.1998
         1898      67.1998
         1899      67.1998
         1900      67.1998
         1901      67.1998
         1902      67.1998
         1903      67.1998
         1904      67.1998
         1905      67.1998
         1906      67.1998
         1907      67.1998
         1908      67.1998
         1909      67.1998
         1910      67.1998
         1911      67.1998
         1912      67.1998
         1913      67.1998
         1914      67.1998
         1915      67.1998
         1916      67.1998
         1917      67.1998
         1918      67.1998
         1919      67.1998
         1920      67.1998
         1921      67.1998
         1922      67.1998
         1923      67.1998
         1924      67.1998
         1925      67.1998
         1926      67.1998
         1927      67.1998
         1928      67.1998
         1929      67.1998
         1930      67.1998
         1931      67.1998
         1932      67.1998
         1933      67.1998
         1934      67.1998
         1935      67.1998
         1936      67.1998
         1937      67.1998
         1938      67.1998
         1939      67.1998
         1940      67.1998
         1941      67.1998
         1942      67.1998
         1943      67.1998
         1944      67.1998
         1945      67.1998
         1946      67.1998
         1947      67.1998
         1948      67.1998
         1949      67.1998
         1950      67.1998
         1951      67.1998
         1952      67.1998
         1953      67.1998
         1954      67.1998
         1955      67.1998
         1956      67.1998
         1957      67.1998
         1958      67.1998
         1959      67.1998
         1960      67.1998
         1961      67.1998
         1962      67.1998
         1963      67.1998
         1964      67.1998
         1965      67.1998
         1966      67.1998
         1967      67.1998
         1968      67.1998
         1969      67.1998
         1970      67.1998
         1971      67.1998
         1972      67.1998
         1973      67.1998
         1974      67.1998
         1975      67.1998
         1976      67.1998
         1977      67.1998
         1978      67.1998
         1979      67.1998
         1980      67.1998
         1981      67.1998
         1982      67.1998
         1983      67.1998
         1984      67.1998
         1985      67.1998
         1986      67.1998
         1987      67.1998
         1988      67.1998
         1989      67.1998
         1990      67.1998
         1991      67.1998
         1992      67.1998
         1993      67.1998
         1994      67.1998
         1995      67.1998
         1996      67.1998
         1997      67.1998
         1998      67.1998
         1999      67.1998
         2000      67.1998
