#      	 GEN:      LENGTH:
            1      415.231
            2      411.354
            3      406.063
            4      402.604
            5      378.401
            6      370.618
            7      363.532
            8      360.459
            9      360.385
           10      350.582
           11      352.096
           12      348.121
           13      326.029
           14      324.105
           15      324.636
           16      319.923
           17      317.207
           18      311.734
           19      304.426
           20      304.426
           21      304.189
           22      301.942
           23      296.562
           24      295.939
           25       291.37
           26      285.763
           27      282.263
           28      277.704
           29      271.477
           30      267.502
           31      262.653
           32      261.099
           33      260.741
           34      255.869
           35      255.054
           36      253.287
           37      252.473
           38      251.583
           39      250.628
           40      250.628
           41       248.12
           42      244.196
           43      242.082
           44      241.474
           45      237.936
           46       238.19
           47      237.195
           48      233.466
           49      231.566
           50       229.42
           51      228.412
           52      226.307
           53      224.121
           54      223.822
           55      223.822
           56      222.408
           57      223.621
           58      222.863
           59      222.056
           60      222.056
           61        216.4
           62      212.201
           63      211.261
           64      210.589
           65      209.647
           66      208.396
           67      205.492
           68      203.954
           69      201.893
           70      200.274
           71      197.575
           72      196.286
           73       188.83
           74      186.836
           75      185.753
           76       185.46
           77      183.695
           78      183.517
           79        182.3
           80        182.3
           81      182.682
           82      180.559
           83      180.778
           84       178.91
           85      175.182
           86      175.182
           87      175.017
           88      173.742
           89       172.69
           90      173.523
           91      172.083
           92      171.569
           93      170.516
           94      169.055
           95      167.761
           96      166.872
           97      167.176
           98      165.887
           99      163.946
          100      163.946
          101      163.946
          102      163.371
          103      161.665
          104      160.376
          105      160.236
          106      160.236
          107      159.689
          108      159.284
          109      159.407
          110      158.454
          111      157.476
          112      156.834
          113      156.969
          114      156.597
          115      156.337
          116      155.376
          117      155.202
          118      155.202
          119      153.469
          120      153.469
          121      153.446
          122      152.244
          123      151.837
          124      151.375
          125      150.955
          126      149.298
          127       147.13
          128      147.498
          129      146.178
          130      145.486
          131      144.501
          132      144.662
          133      144.662
          134      142.269
          135      142.269
          136      142.168
          137      140.052
          138      140.052
          139      140.074
          140      140.074
          141      139.364
          142       137.47
          143       136.08
          144       136.08
          145      135.613
          146      134.928
          147      134.461
          148      133.422
          149      133.363
          150      132.601
          151      132.543
          152      131.517
          153      130.478
          154      130.419
          155       129.65
          156      129.419
          157      129.575
          158      128.574
          159      129.115
          160      129.115
          161      127.805
          162      127.503
          163      128.261
          164      126.913
          165       127.93
          166      127.871
          167      125.261
          168      124.368
          169      124.514
          170      123.924
          171      122.932
          172      121.979
          173      121.466
          174      121.103
          175      121.121
          176      120.758
          177      119.504
          178      119.504
          179      118.809
          180      118.809
          181      118.143
          182      116.823
          183      116.478
          184       116.41
          185      115.111
          186      115.078
          187      115.078
          188      113.568
          189      113.568
          190      113.568
          191      113.072
          192      113.204
          193      113.436
          194      112.382
          195      112.278
          196      112.278
          197       111.73
          198      110.666
          199      110.666
          200      110.666
          201      110.575
          202      110.163
          203      110.486
          204      110.114
          205      110.023
          206      109.453
          207      109.127
          208      109.763
          209      109.097
          210      109.437
          211      109.407
          212       109.26
          213       109.26
          214      107.971
          215       108.76
          216      107.471
          217      107.579
          218      106.207
          219      104.526
          220      104.526
          221      104.526
          222      103.695
          223      103.695
          224      103.283
          225      103.283
          226      102.721
          227      103.276
          228      102.399
          229      102.302
          230      102.046
          231      101.538
          232      101.345
          233      100.963
          234      100.963
          235      100.963
          236      101.185
          237      101.257
          238      99.9939
          239      100.865
          240      100.865
          241      99.7914
          242      98.9873
          243      98.9873
          244       98.648
          245       97.587
          246      97.1308
          247      97.0141
          248      97.0141
          249      97.0141
          250      96.5781
          251      96.0509
          252      95.4983
          253      94.8945
          254       94.422
          255       94.422
          256      93.1662
          257      93.1662
          258      93.1662
          259      92.9933
          260      92.9933
          261      92.9933
          262      92.8182
          263      92.8612
          264      91.9636
          265      91.7996
          266      91.6037
          267      91.3445
          268      90.9177
          269      90.9177
          270      90.5946
          271      90.5509
          272      90.2279
          273      90.1206
          274      89.8541
          275      89.9874
          276      89.9236
          277      89.7858
          278      89.7858
          279       89.412
          280      81.4343
          281      81.4343
          282      81.4343
          283      80.9475
          284      80.5242
          285      80.0726
          286      80.0726
          287      79.7919
          288      79.7919
          289      79.5413
          290      79.0897
          291      78.7901
          292      78.7941
          293      78.3152
          294      78.0196
          295       77.915
          296      77.6193
          297      77.4433
          298      77.5548
          299      77.1545
          300      77.1545
          301      77.1545
          302      76.7087
          303      76.4413
          304      76.5529
          305      76.2584
          306      76.2584
          307      75.9421
          308      75.9421
          309      75.8301
          310      75.6114
          311      75.4994
          312      75.1374
          313      75.1374
          314      75.1374
          315      75.1374
          316      75.1374
          317       75.018
          318      74.8403
          319      74.8403
          320      74.8403
          321      74.7208
          322      74.3588
          323      74.3588
          324      74.3588
          325      74.3588
          326      74.3588
          327      74.3588
          328      74.2772
          329      74.2772
          330      73.9075
          331      73.9075
          332      73.8259
          333      73.8259
          334      73.8259
          335      73.8259
          336      73.8259
          337      73.8259
          338      73.8259
          339      73.4046
          340      73.4046
          341       73.323
          342       73.323
          343      73.1831
          344      73.0039
          345       72.864
          346       72.864
          347       72.864
          348      72.9468
          349      72.9468
          350      72.9468
          351      73.1616
          352      72.6495
          353      72.6495
          354      72.8643
          355      72.5888
          356      72.5888
          357      72.5888
          358      72.5888
          359      72.5888
          360      72.5888
          361      72.4972
          362      72.4972
          363      72.2794
          364      72.2794
          365      72.1166
          366      72.1166
          367      72.0179
          368      72.0179
          369      72.0179
          370      72.0179
          371       71.955
          372       71.955
          373       71.955
          374      71.6659
          375      71.6659
          376      71.6659
          377      71.6659
          378      71.6659
          379      71.6659
          380      71.6659
          381      71.6659
          382      71.6659
          383      71.6659
          384      71.6659
          385      71.6659
          386      71.6659
          387      71.3991
          388      71.4419
          389      71.4419
          390       71.175
          391       71.175
          392       71.175
          393       71.175
          394       71.175
          395       71.175
          396      70.8685
          397      70.6935
          398      70.6935
          399      70.6935
          400      70.6935
          401      70.6935
          402      70.6935
          403      70.6935
          404      70.6935
          405      70.6935
          406      70.6935
          407      70.6935
          408      70.6935
          409      70.6935
          410      70.6935
          411      70.6935
          412      70.6935
          413      70.6935
          414      70.6935
          415      70.3842
          416      70.6079
          417      70.2986
          418      70.0445
          419      70.0445
          420      70.0445
          421      70.0445
          422      70.0445
          423      70.0445
          424      70.0445
          425      70.0445
          426      69.9316
          427      69.9316
          428      69.9316
          429      69.9316
          430      69.9316
          431      69.5567
          432      69.5567
          433      69.5567
          434      69.5567
          435      68.7862
          436      68.7862
          437      68.7862
          438      68.7862
          439      68.7862
          440      68.7862
          441      68.7862
          442      68.7862
          443      68.7862
          444      68.7862
          445      68.7862
          446      68.7862
          447      68.7862
          448      68.7862
          449      68.7862
          450      68.7862
          451      68.7862
          452      68.7862
          453      68.7862
          454      68.7862
          455      68.7862
          456      68.7862
          457      68.7862
          458      68.7862
          459      68.7862
          460      68.7862
          461      68.7862
          462      68.7862
          463      68.7862
          464      68.7862
          465      68.7862
          466      68.7862
          467      68.7862
          468      68.7862
          469      68.7862
          470      68.7862
          471      68.7862
          472      68.7862
          473      68.7862
          474      68.7862
          475      68.7862
          476      68.7862
          477      68.7862
          478      68.7862
          479      68.7862
          480      68.7862
          481      68.7862
          482      68.7862
          483      68.7862
          484      68.7862
          485      68.7862
          486      68.7862
          487      68.7862
          488      68.7862
          489      68.7862
          490      68.7862
          491      68.7862
          492      68.7862
          493      68.7862
          494      68.7862
          495      68.7862
          496      68.7862
          497      68.7862
          498      68.7862
          499      68.7862
          500      68.7862
          501      68.7862
          502      68.7862
          503      68.7862
          504      68.4312
          505      68.4312
          506      68.4312
          507       68.503
          508       68.503
          509       68.503
          510       68.503
          511       68.503
          512       68.503
          513       68.503
          514       68.503
          515       68.503
          516       68.503
          517       68.503
          518       68.503
          519       68.503
          520       68.503
          521       68.503
          522       68.503
          523       68.503
          524       68.503
          525       68.503
          526       68.503
          527       68.503
          528       68.503
          529       68.503
          530       68.503
          531       68.503
          532       68.503
          533       68.503
          534       68.503
          535       68.503
          536       68.503
          537       68.503
          538       68.503
          539       68.503
          540       68.503
          541       68.503
          542       68.503
          543       68.503
          544       68.503
          545       68.503
          546       68.503
          547       68.503
          548       68.503
          549       68.503
          550       68.503
          551       68.503
          552       68.503
          553       68.503
          554       68.503
          555       68.503
          556       68.503
          557       68.503
          558       68.503
          559       68.503
          560       68.503
          561       68.503
          562       68.503
          563       68.503
          564       68.503
          565       68.503
          566       68.503
          567       68.503
          568       68.503
          569       68.503
          570       68.503
          571       68.503
          572       68.503
          573       68.503
          574       68.503
          575       68.503
          576       68.503
          577       68.503
          578       68.503
          579       68.503
          580       68.503
          581       68.503
          582       68.503
          583       68.503
          584       68.503
          585       68.503
          586       68.503
          587       68.503
          588       68.503
          589       68.503
          590       68.503
          591       68.503
          592       68.503
          593       68.503
          594       68.503
          595       68.503
          596       68.503
          597       68.503
          598       68.503
          599       68.503
          600       68.503
          601       68.503
          602       68.503
          603       68.503
          604       68.503
          605       68.503
          606       68.503
          607       68.503
          608       68.503
          609       68.503
          610       68.503
          611       68.503
          612       68.503
          613      68.4828
          614      68.4828
          615      68.4828
          616      68.4828
          617      68.4828
          618      68.4828
          619      68.4828
          620      68.4828
          621      68.4828
          622      68.4828
          623      68.4828
          624      68.4828
          625      68.4828
          626      68.4828
          627      68.4828
          628      68.4828
          629      68.4828
          630      68.4828
          631      68.4828
          632      68.4828
          633      68.4828
          634      68.4828
          635      68.4828
          636      68.4828
          637      68.4828
          638      68.4828
          639      68.4828
          640      68.4828
          641      68.4828
          642      68.4828
          643      68.4828
          644      68.4828
          645      68.4828
          646      68.4828
          647      68.4828
          648      68.4828
          649      68.4828
          650      68.4828
          651      68.4828
          652      68.4828
          653      68.4828
          654      68.4828
          655      68.4828
          656      68.4828
          657      68.4828
          658      68.4828
          659      68.4828
          660      68.4828
          661      68.4828
          662      68.4828
          663      68.4828
          664      68.4828
          665      68.4828
          666      68.4828
          667      68.4828
          668      68.4828
          669      68.4828
          670      68.4828
          671      68.4828
          672      68.4828
          673      68.4828
          674      68.4828
          675      68.4828
          676      68.4828
          677      68.4828
          678      68.4828
          679      68.4828
          680      68.4828
          681      68.4828
          682      68.4828
          683      68.4828
          684      68.4828
          685      68.4828
          686      68.4828
          687      68.4828
          688      68.0849
          689      68.0849
          690      68.0849
          691      68.0849
          692      68.0849
          693      68.0849
          694      68.0849
          695      68.0849
          696      68.0849
          697      68.0849
          698      68.0849
          699      68.0849
          700      68.0849
          701      68.0849
          702      68.0849
          703      68.0849
          704      68.0849
          705      68.0849
          706      68.0849
          707      68.0849
          708      68.0849
          709      68.0849
          710      68.0849
          711      68.0849
          712      68.0849
          713      68.0849
          714      68.0849
          715      68.0849
          716      68.0849
          717      68.0849
          718      68.0849
          719      68.0849
          720      68.0849
          721      68.1754
          722      68.1754
          723      68.1754
          724      68.1754
          725      68.1754
          726      68.1754
          727      68.1754
          728      68.1754
          729      68.1754
          730      68.1754
          731      68.1754
          732      68.1754
          733      68.1754
          734      68.1754
          735      68.1754
          736      68.1754
          737      68.1754
          738      68.1754
          739      68.1754
          740      68.1754
          741      68.1754
          742      68.1754
          743      68.1754
          744      68.1754
          745      68.1754
          746      68.1754
          747      68.1754
          748      68.1754
          749      68.1754
          750      68.1754
          751      68.1754
          752      68.1754
          753      68.1754
          754      68.1754
          755      68.1754
          756      68.1754
          757      68.1754
          758      68.1754
          759      68.1754
          760      68.1754
          761      68.1754
          762      68.1754
          763      68.1754
          764      68.1754
          765      68.1754
          766      68.1754
          767      68.1754
          768      68.1754
          769      68.1754
          770      68.1754
          771      68.1754
          772      68.1754
          773      68.1754
          774      68.1754
          775      68.1754
          776      68.1754
          777      68.1754
          778      68.1754
          779      68.1754
          780       67.763
          781      67.6985
          782      67.6985
          783      67.6985
          784      67.6985
          785      67.5978
          786      67.5978
          787      67.5978
          788      67.5978
          789      67.5978
          790      67.5978
          791      67.5978
          792      67.5978
          793      67.5978
          794      67.5978
          795      67.5978
          796      67.5978
          797      67.5978
          798      67.5978
          799      67.5978
          800      67.5978
          801      67.5978
          802      67.5978
          803      67.5978
          804      67.5978
          805      67.5978
          806      67.5978
          807      67.5978
          808      67.5978
          809      67.5978
          810      67.5978
          811      67.5978
          812      67.5978
          813      67.5978
          814      67.5978
          815      67.5978
          816      67.5978
          817      67.5978
          818      67.5978
          819      67.5978
          820      67.5978
          821      67.5978
          822      67.5978
          823      67.5978
          824      67.5978
          825      67.5978
          826      67.5978
          827      67.5978
          828      67.5978
          829      67.5978
          830      67.5978
          831      67.5978
          832      67.5978
          833      67.5978
          834      67.5978
          835      67.5978
          836      67.5978
          837      67.5978
          838      67.5978
          839      67.5978
          840      67.5978
          841      67.5978
          842      67.5978
          843      67.5978
          844      67.5978
          845      67.5978
          846      67.5978
          847      67.5978
          848      67.5978
          849      67.5978
          850      67.5978
          851      67.5978
          852      67.5978
          853      67.5978
          854      67.5978
          855      67.5978
          856      67.5978
          857      67.5978
          858      67.5978
          859      67.5978
          860      67.5978
          861      67.5978
          862      67.5978
          863      67.5978
          864      67.5978
          865      67.5978
          866      67.5978
          867      67.5978
          868      67.5978
          869      67.5978
          870      67.5978
          871      67.5978
          872      67.5978
          873      67.5978
          874      67.5978
          875      67.5978
          876      67.5978
          877      67.5978
          878      67.5978
          879      67.5978
          880      67.5978
          881      67.5978
          882      67.5978
          883      67.5978
          884      67.5978
          885      67.5978
          886      67.5978
          887      67.5978
          888      67.5978
          889      67.5978
          890      67.5978
          891      67.5978
          892      67.5978
          893      67.5978
          894      67.5978
          895      67.5978
          896      67.5978
          897      67.5978
          898      67.5978
          899      67.4775
          900      67.4775
          901      67.4775
          902      67.4775
          903      67.4775
          904      67.4775
          905      67.4775
          906      67.4775
          907      67.4775
          908      67.4775
          909      67.4775
          910      67.4775
          911      67.4775
          912      67.4775
          913      67.4775
          914      67.4775
          915      67.4775
          916      67.4775
          917      67.4775
          918      67.4775
          919      67.4775
          920      67.4775
          921      67.4775
          922      67.4775
          923      67.4762
          924      67.4762
          925      67.4762
          926      67.4762
          927      67.4762
          928      67.4762
          929      67.4762
          930      67.4762
          931      67.4762
          932      67.4762
          933      67.4762
          934      67.4762
          935      67.4762
          936      67.4762
          937      67.4762
          938      67.4762
          939      67.4762
          940      67.4762
          941      67.4762
          942      67.4762
          943      67.4762
          944      67.4762
          945      67.5018
          946      67.5018
          947      67.5018
          948      67.5018
          949      67.5018
          950      67.5018
          951      67.5018
          952      67.5018
          953      67.5018
          954      67.5018
          955      67.5018
          956      67.5018
          957      67.5018
          958      67.5018
          959      67.5018
          960      67.5018
          961      67.5018
          962      67.5018
          963      67.5018
          964      67.5018
          965      67.5018
          966      67.5018
          967      67.5018
          968      67.5018
          969      67.5018
          970      67.5018
          971      67.5018
          972      67.5018
          973      67.5018
          974      67.5018
          975      67.5018
          976      67.5018
          977      67.5018
          978       67.373
          979       67.373
          980       67.373
          981       67.373
          982       67.373
          983       67.373
          984       67.373
          985       67.373
          986       67.373
          987       67.373
          988       67.373
          989       67.373
          990       67.373
          991       67.373
          992      66.6579
          993      66.6579
          994      66.6579
          995      66.6579
          996      66.6579
          997      66.6579
          998      66.6579
          999      66.6579
         1000      66.6579
         1001      66.6579
         1002      66.6579
         1003      66.6579
         1004      66.6579
         1005      66.6579
         1006      66.6579
         1007      66.6579
         1008      66.6579
         1009      66.5706
         1010      66.5706
         1011      66.5706
         1012      66.5706
         1013      66.5706
         1014      66.5706
         1015      66.5706
         1016      66.5706
         1017      66.5706
         1018      66.5103
         1019      66.5103
         1020      66.5103
         1021      66.5103
         1022      66.5103
         1023      66.5103
         1024      66.5103
         1025      66.5103
         1026      66.5103
         1027      66.5103
         1028      66.5103
         1029      66.5103
         1030      66.5103
         1031      66.5103
         1032      66.5103
         1033      66.5103
         1034      66.5103
         1035      66.5103
         1036      66.5103
         1037      66.5103
         1038      66.5103
         1039      66.5103
         1040      66.5103
         1041      66.5103
         1042      66.5103
         1043      66.5103
         1044      66.5103
         1045      66.5103
         1046      66.5103
         1047      66.5103
         1048      66.5103
         1049      66.5103
         1050      66.5103
         1051      66.5103
         1052      66.5103
         1053      66.5103
         1054      66.5103
         1055      66.5103
         1056      66.5103
         1057      66.5103
         1058      66.5103
         1059      66.5103
         1060      66.5103
         1061      66.5103
         1062      66.5103
         1063      66.5103
         1064      66.5103
         1065      66.5103
         1066      66.5103
         1067      66.5103
         1068      66.5103
         1069      66.5103
         1070      66.5103
         1071      66.5103
         1072      66.5103
         1073      66.5103
         1074      66.5103
         1075      66.5103
         1076      66.5103
         1077      66.5103
         1078      66.5103
         1079      66.5103
         1080      66.5103
         1081      66.5103
         1082      66.5103
         1083      66.5103
         1084      66.5103
         1085      66.5103
         1086      66.5103
         1087      66.5103
         1088      66.5103
         1089      66.5103
         1090      66.5103
         1091      66.5103
         1092      66.5103
         1093      66.5103
         1094      66.5103
         1095      66.5103
         1096      66.5103
         1097      66.5103
         1098      66.5103
         1099      66.5103
         1100      66.5103
         1101      66.5103
         1102      66.5103
         1103      66.5103
         1104      66.5103
         1105      66.5103
         1106      66.5103
         1107      66.5103
         1108      66.5103
         1109      66.5103
         1110      66.5103
         1111      66.5103
         1112      66.5103
         1113      66.5103
         1114      66.5103
         1115      66.5103
         1116      66.5103
         1117      66.5103
         1118      66.5103
         1119      66.5103
         1120      66.5103
         1121      66.5103
         1122      66.5103
         1123      66.5103
         1124      66.5103
         1125      66.5103
         1126      66.5103
         1127      66.5103
         1128      66.5103
         1129      66.5103
         1130      66.5103
         1131      66.5103
         1132      66.5103
         1133      66.5103
         1134      66.5103
         1135      66.5103
         1136      66.5103
         1137      66.5103
         1138      66.5103
         1139      66.5103
         1140      66.5103
         1141      66.5103
         1142      66.5103
         1143      66.5103
         1144      66.5103
         1145      66.5103
         1146      66.5103
         1147      66.5103
         1148      66.5103
         1149      66.5103
         1150      66.5103
         1151      66.5103
         1152      66.5103
         1153      66.5103
         1154      66.5103
         1155      66.5103
         1156      66.5103
         1157      66.5103
         1158      66.5103
         1159      66.5103
         1160      66.5103
         1161      66.5103
         1162      66.5103
         1163      66.5103
         1164      66.5103
         1165      66.5103
         1166      66.5103
         1167      66.5103
         1168      66.5103
         1169      66.5103
         1170      66.5103
         1171      66.5103
         1172      66.5103
         1173      66.5103
         1174      66.5103
         1175      66.5103
         1176      66.5103
         1177      66.5103
         1178      66.5103
         1179      66.5103
         1180      66.5103
         1181      66.5103
         1182      66.5103
         1183      66.5103
         1184      66.5103
         1185      66.5103
         1186      66.5103
         1187      66.5103
         1188      66.5103
         1189      66.5103
         1190      66.5103
         1191      66.5103
         1192      66.5103
         1193      66.5103
         1194      66.5103
         1195      66.5103
         1196      66.5103
         1197      66.5103
         1198      66.5103
         1199      66.5103
         1200      66.5103
         1201      66.5103
         1202      66.5103
         1203      66.5103
         1204      66.5103
         1205      66.5103
         1206      66.5103
         1207      66.5103
         1208      66.5103
         1209      66.5103
         1210      66.5103
         1211      66.5103
         1212      66.5103
         1213      66.5103
         1214      66.5103
         1215      66.5103
         1216      66.5103
         1217      66.5103
         1218      66.5103
         1219      66.5103
         1220      66.5103
         1221      66.5103
         1222      66.5103
         1223      66.5103
         1224      66.5103
         1225      66.5103
         1226      66.5103
         1227      66.5103
         1228      66.5103
         1229      66.5103
         1230      66.5103
         1231      66.5103
         1232      66.5103
         1233      66.5103
         1234      66.5103
         1235      66.5103
         1236      66.5103
         1237      66.5103
         1238      66.5103
         1239      66.5103
         1240      66.5103
         1241      66.5103
         1242      66.5103
         1243      66.5103
         1244      66.5103
         1245      66.5103
         1246      66.5103
         1247      66.5103
         1248      66.5103
         1249      66.6245
         1250      66.6245
         1251      66.6245
         1252      66.6245
         1253      66.6245
         1254      66.6245
         1255      66.6245
         1256      66.6245
         1257      66.6245
         1258      66.6245
         1259      66.6245
         1260      66.6245
         1261      66.6245
         1262      66.6245
         1263      66.6245
         1264      66.6245
         1265      66.6245
         1266      66.6245
         1267      66.6245
         1268      66.6245
         1269      66.6245
         1270      66.6245
         1271      66.6245
         1272      66.6245
         1273      66.6245
         1274      66.6245
         1275      66.6245
         1276      66.6245
         1277      66.6245
         1278      66.6245
         1279      66.6245
         1280      66.6245
         1281      66.6245
         1282      66.6245
         1283      66.6245
         1284      66.6245
         1285      66.6245
         1286      66.6245
         1287      66.6245
         1288      66.6245
         1289      66.6245
         1290      66.6245
         1291      66.6245
         1292      66.6245
         1293      66.6245
         1294      66.6245
         1295      66.6245
         1296      66.6245
         1297      66.6245
         1298      66.6245
         1299      66.6245
         1300      66.6245
         1301      66.6245
         1302      66.6245
         1303      66.6245
         1304      66.6245
         1305      66.6245
         1306      66.6245
         1307      66.6245
         1308      66.6245
         1309      66.6245
         1310      66.6245
         1311      66.6245
         1312      66.6245
         1313      66.6245
         1314      66.6245
         1315      66.6245
         1316      66.6245
         1317      66.6245
         1318      66.6245
         1319      66.6245
         1320      66.6245
         1321      66.6245
         1322      66.6245
         1323      66.6245
         1324      66.6245
         1325      66.6245
         1326      66.6245
         1327      66.6245
         1328      66.6245
         1329      66.6245
         1330      66.6245
         1331      66.6245
         1332      66.6245
         1333      66.6245
         1334      66.6245
         1335      66.6245
         1336      66.6245
         1337      66.6245
         1338      66.6245
         1339      66.6245
         1340      66.6245
         1341      66.6245
         1342      66.6245
         1343      66.6245
         1344      66.6245
         1345      66.6245
         1346      66.6245
         1347      66.6245
         1348      66.6245
         1349      66.6245
         1350      66.6245
         1351      66.6245
         1352      66.6245
         1353      66.6245
         1354      66.6245
         1355      66.6245
         1356      66.6245
         1357      66.6245
         1358      66.6245
         1359      66.6245
         1360      66.6245
         1361      66.6245
         1362      66.6245
         1363      66.6245
         1364      66.6245
         1365      66.6245
         1366      66.6245
         1367      66.6245
         1368      66.6245
         1369      66.6245
         1370      66.6245
         1371      66.6245
         1372      66.6245
         1373      66.6245
         1374      66.6245
         1375      66.6245
         1376      66.6245
         1377      66.6245
         1378      66.6245
         1379      66.6245
         1380      66.6245
         1381      66.6245
         1382      66.6245
         1383      66.6245
         1384      66.6245
         1385      66.6245
         1386      66.6245
         1387      66.6245
         1388      66.6245
         1389      66.6245
         1390      66.6245
         1391      66.6245
         1392      66.6245
         1393      66.6245
         1394      66.6245
         1395      66.6245
         1396      66.6245
         1397      66.6245
         1398      66.6245
         1399      66.6245
         1400      66.6245
         1401      66.6245
         1402      66.6245
         1403      66.6245
         1404      66.6245
         1405      66.6245
         1406      66.6245
         1407      66.6245
         1408      66.6245
         1409       66.284
         1410       66.284
         1411       66.284
         1412       66.284
         1413       66.284
         1414       66.284
         1415       66.284
         1416       66.284
         1417       66.284
         1418       66.284
         1419       66.284
         1420       66.284
         1421       66.284
         1422       66.284
         1423       66.284
         1424       66.284
         1425       66.284
         1426       66.284
         1427       66.284
         1428       66.284
         1429       66.284
         1430       66.284
         1431       66.284
         1432       66.284
         1433       66.284
         1434       66.284
         1435       66.284
         1436       66.284
         1437       66.284
         1438       66.284
         1439       66.284
         1440       66.284
         1441       66.284
         1442       66.284
         1443       66.284
         1444       66.284
         1445       66.284
         1446       66.284
         1447       66.284
         1448       66.284
         1449       66.284
         1450       66.284
         1451       66.284
         1452       66.284
         1453       66.284
         1454       66.284
         1455       66.284
         1456       66.284
         1457       66.284
         1458       66.284
         1459       66.284
         1460       66.284
         1461       66.284
         1462       66.284
         1463       66.284
         1464       66.284
         1465       66.284
         1466       66.284
         1467       66.284
         1468       66.284
         1469       66.284
         1470       66.284
         1471       66.284
         1472       66.284
         1473       66.284
         1474       66.284
         1475       66.284
         1476       66.284
         1477       66.284
         1478       66.284
         1479       66.284
         1480      65.0069
         1481      65.0069
         1482      65.0069
         1483      65.0069
         1484      65.0069
         1485      65.0069
         1486      65.0069
         1487      65.0069
         1488      65.0069
         1489      65.0069
         1490      65.0069
         1491      65.0069
         1492      65.0069
         1493      65.0069
         1494      65.0069
         1495      65.0069
         1496      65.0069
         1497      65.0069
         1498      65.0069
         1499      65.0069
         1500      65.0069
         1501      65.0069
         1502      65.0069
         1503      65.0069
         1504      65.0069
         1505      65.0069
         1506      65.0069
         1507      65.0069
         1508      65.0069
         1509      65.0069
         1510      65.0069
         1511      65.0069
         1512      65.0069
         1513      65.0069
         1514      65.0069
         1515      65.0069
         1516      65.0069
         1517      65.0069
         1518      65.0069
         1519      65.0069
         1520      65.0069
         1521      65.0069
         1522      65.0069
         1523      65.0069
         1524      65.0069
         1525      65.0069
         1526      65.0069
         1527      65.0069
         1528      65.0069
         1529      65.0069
         1530      65.0069
         1531      65.0069
         1532      65.0069
         1533      65.0069
         1534      65.0069
         1535      65.0069
         1536      65.0069
         1537      65.0069
         1538      65.0069
         1539      65.0069
         1540      65.0069
         1541      65.0069
         1542      65.0069
         1543      65.0069
         1544      65.0069
         1545      65.0069
         1546      65.0069
         1547      65.0069
         1548      65.0069
         1549      65.0069
         1550      65.0069
         1551      65.0069
         1552      65.0069
         1553      65.0069
         1554      65.0069
         1555      65.0069
         1556      65.0069
         1557      65.0069
         1558      65.0069
         1559      65.0069
         1560      65.0069
         1561      65.0069
         1562      65.0069
         1563      65.0069
         1564      65.0069
         1565      65.0069
         1566      65.0069
         1567      65.0069
         1568      65.0069
         1569      65.0069
         1570      65.0069
         1571      65.0069
         1572      65.0069
         1573      65.0069
         1574      65.0069
         1575      65.0069
         1576      65.0069
         1577      65.0069
         1578      65.0069
         1579      65.0069
         1580      65.0069
         1581      65.0069
         1582      65.0069
         1583      65.0069
         1584      65.0069
         1585      65.0069
         1586      65.0069
         1587      65.0069
         1588      65.0069
         1589      65.0069
         1590      65.0069
         1591      65.0069
         1592      65.0069
         1593      65.0069
         1594      65.0069
         1595      65.0069
         1596      65.0069
         1597      65.0069
         1598      65.0069
         1599      65.0069
         1600      65.0069
         1601      65.0069
         1602      65.0069
         1603      65.0069
         1604      65.0069
         1605      65.0069
         1606      65.0069
         1607      65.0069
         1608      65.0069
         1609      65.0069
         1610      65.0069
         1611      65.0069
         1612      65.0069
         1613      65.0069
         1614      65.0069
         1615      65.0069
         1616      65.0069
         1617      65.0069
         1618      65.0069
         1619      65.0069
         1620      65.0069
         1621      65.0069
         1622      65.0069
         1623      65.0069
         1624      65.0069
         1625      65.0069
         1626      65.0069
         1627      65.0069
         1628      65.0069
         1629      65.0069
         1630      65.0069
         1631      65.0069
         1632      65.0069
         1633      65.0069
         1634      65.0069
         1635      65.0069
         1636      65.0069
         1637      65.0069
         1638      65.0069
         1639      65.0069
         1640      65.0069
         1641      65.0069
         1642      65.0069
         1643      65.0069
         1644      65.0069
         1645      65.0069
         1646      65.0069
         1647      65.0069
         1648      65.0069
         1649      65.0069
         1650      65.0069
         1651      65.0069
         1652      65.0069
         1653      65.0069
         1654      65.0069
         1655      65.0069
         1656      65.0069
         1657      65.0069
         1658      65.0069
         1659      65.0069
         1660      65.0069
         1661      65.0069
         1662      65.0069
         1663      65.0069
         1664      65.0069
         1665      65.0069
         1666      65.0069
         1667      65.0069
         1668      65.0069
         1669      65.0069
         1670      65.0069
         1671      65.0069
         1672      65.0069
         1673      65.0069
         1674      65.0069
         1675      65.0069
         1676      65.0069
         1677      65.0069
         1678      65.0069
         1679      65.0069
         1680      65.0069
         1681      65.0069
         1682      65.0069
         1683      65.0069
         1684      65.0069
         1685      65.0069
         1686      65.0069
         1687      65.0069
         1688      65.0069
         1689      65.0069
         1690      65.0069
         1691      65.0069
         1692      65.0069
         1693      65.0069
         1694      65.0069
         1695      65.0069
         1696      65.0069
         1697      65.0069
         1698      65.0069
         1699      65.0069
         1700      65.0069
         1701      65.0069
         1702      65.0069
         1703      65.0069
         1704      65.0069
         1705      65.0069
         1706      65.0069
         1707      65.0069
         1708      65.0069
         1709      65.0069
         1710      65.0069
         1711      65.0069
         1712      65.0069
         1713      65.0069
         1714      65.0069
         1715      65.0069
         1716      65.0069
         1717      65.0069
         1718      65.0069
         1719      65.0069
         1720      65.0069
         1721      65.0069
         1722      65.0069
         1723      65.0069
         1724      65.0069
         1725      65.0069
         1726      65.0069
         1727      65.0069
         1728      65.0069
         1729      65.0069
         1730      65.0069
         1731      65.0069
         1732      65.0069
         1733      65.0069
         1734      65.0069
         1735      65.0069
         1736      65.0069
         1737      65.0069
         1738      65.0069
         1739      65.0069
         1740      65.0069
         1741      65.0069
         1742      65.0069
         1743      65.0069
         1744      65.0069
         1745      65.0069
         1746      65.0069
         1747      65.0069
         1748      65.0069
         1749      65.0069
         1750      65.0069
         1751      65.0069
         1752      65.0069
         1753      65.0069
         1754      65.0069
         1755      65.0069
         1756      65.0069
         1757      65.0069
         1758      65.0069
         1759      65.0069
         1760      65.0069
         1761      65.0069
         1762      65.0069
         1763      65.0069
         1764      65.0069
         1765      65.0069
         1766      65.0069
         1767      65.0069
         1768      65.0069
         1769      65.0069
         1770      65.0069
         1771      65.0069
         1772      65.0069
         1773      65.0069
         1774      65.0069
         1775      65.0069
         1776      65.0069
         1777      65.0069
         1778      65.0069
         1779      65.0069
         1780      65.0069
         1781      65.0069
         1782      65.0069
         1783      65.0069
         1784      65.0069
         1785      65.0069
         1786      65.0069
         1787      65.0069
         1788      65.0069
         1789      65.0069
         1790      65.0069
         1791      65.0069
         1792      65.0069
         1793      65.0069
         1794      65.0069
         1795      65.0069
         1796      65.0069
         1797      65.0069
         1798      65.0069
         1799      65.0069
         1800      65.0069
         1801      65.0069
         1802      65.0069
         1803      65.0069
         1804      65.0069
         1805      65.0069
         1806      65.0069
         1807      65.0069
         1808      65.0069
         1809      65.0069
         1810      65.0069
         1811      65.0069
         1812      65.0069
         1813      65.0069
         1814      65.0069
         1815      65.0069
         1816      65.0069
         1817      65.0069
         1818      65.0069
         1819      65.0069
         1820      65.0069
         1821      65.0069
         1822      65.0069
         1823      65.0069
         1824      65.0069
         1825      65.0069
         1826      65.0069
         1827      65.0069
         1828      65.0069
         1829      65.0069
         1830      65.0069
         1831      65.0069
         1832      65.0069
         1833      65.0069
         1834      65.0069
         1835      65.0069
         1836      65.0069
         1837      65.0069
         1838      65.0069
         1839      65.0069
         1840      65.0069
         1841      65.0069
         1842      65.0069
         1843      65.0069
         1844      65.0069
         1845      65.0069
         1846      65.0069
         1847      65.0069
         1848      65.0069
         1849      65.0069
         1850      65.0069
         1851      65.0069
         1852      65.0069
         1853      65.0069
         1854      65.0069
         1855      65.0069
         1856      65.0069
         1857      65.0069
         1858      65.0069
         1859      65.0069
         1860      64.8868
         1861      64.8868
         1862      64.8868
         1863      64.8868
         1864      64.8868
         1865      64.8868
         1866      64.8868
         1867      64.8868
         1868      64.8868
         1869      64.8868
         1870      64.8868
         1871      64.8868
         1872      64.8868
         1873      64.8868
         1874      64.8868
         1875      64.8868
         1876      64.8868
         1877      64.8868
         1878      64.8868
         1879      64.8868
         1880      64.8868
         1881      64.8868
         1882      64.8868
         1883      64.8868
         1884      64.8868
         1885      64.8868
         1886      64.8868
         1887      64.8868
         1888      64.8868
         1889      64.8868
         1890      64.8868
         1891      64.8868
         1892      64.8868
         1893      64.8868
         1894      64.8868
         1895      64.8868
         1896      64.8868
         1897      64.8868
         1898      64.8868
         1899      64.8868
         1900      64.8868
         1901      64.8868
         1902      64.8868
         1903      64.8868
         1904      64.8868
         1905      64.8868
         1906      64.8868
         1907      64.8868
         1908      64.8868
         1909      64.8868
         1910      64.8868
         1911      64.8868
         1912      64.8868
         1913      64.8868
         1914      64.8868
         1915      64.8868
         1916      64.8868
         1917      64.8868
         1918      64.8868
         1919      64.8868
         1920      64.8868
         1921      64.8868
         1922      64.8868
         1923      64.8868
         1924      64.8868
         1925      64.8868
         1926      64.8868
         1927      64.8868
         1928      64.8868
         1929      64.8868
         1930      64.8868
         1931      64.8868
         1932      64.8868
         1933      64.8868
         1934      64.8868
         1935      64.8868
         1936      64.8868
         1937      64.8868
         1938      64.8868
         1939      64.8868
         1940      64.8868
         1941      64.8868
         1942      64.8868
         1943      64.8868
         1944      64.8868
         1945      64.8868
         1946      64.8868
         1947      64.8868
         1948      64.8868
         1949      64.8868
         1950      64.8868
         1951      64.8868
         1952      64.8868
         1953      64.8868
         1954      64.8868
         1955      64.8868
         1956      64.8868
         1957      64.8868
         1958      64.8868
         1959      64.8868
         1960      64.8868
         1961      64.8868
         1962      64.8868
         1963      64.8868
         1964      64.8868
         1965      64.8868
         1966      64.8868
         1967      64.8868
         1968      64.8868
         1969      64.8868
         1970      64.8868
         1971      64.8868
         1972      64.8868
         1973      64.8868
         1974      64.8868
         1975      64.8868
         1976      64.8868
         1977      64.8868
         1978      64.8868
         1979      64.8868
         1980      64.8868
         1981      64.8868
         1982      64.8868
         1983      64.8868
         1984      64.8868
         1985      64.8868
         1986      64.8868
         1987      64.8868
         1988      64.8868
         1989      64.8868
         1990      64.8868
         1991      64.8868
         1992      64.8868
         1993      64.8868
         1994      64.8868
         1995      64.8868
         1996      64.8868
         1997      64.8868
         1998      64.8868
         1999      64.8868
         2000      64.8868
