#      	 GEN:      LENGTH:
            1      477.802
            2      462.805
            3      447.322
            4      433.838
            5      424.284
            6      417.741
            7      410.822
            8      405.661
            9      399.182
           10      392.199
           11      385.453
           12      376.199
           13      369.021
           14      362.912
           15       358.29
           16      353.053
           17      348.404
           18      343.554
           19      339.624
           20      335.743
           21      331.657
           22      327.619
           23      323.198
           24      319.464
           25      316.688
           26      313.987
           27      310.715
           28      306.653
           29      302.221
           30      297.691
           31      293.511
           32      289.963
           33        286.4
           34      282.715
           35      279.272
           36      276.559
           37      274.873
           38      272.609
           39      270.061
           40      266.586
           41      263.495
           42      261.102
           43      258.663
           44      256.355
           45      254.385
           46       252.59
           47      251.017
           48      249.189
           49      246.556
           50       243.69
           51      240.618
           52      236.619
           53      232.924
           54      229.397
           55      226.415
           56      223.889
           57      220.916
           58      217.923
           59      214.569
           60      211.572
           61      209.569
           62      207.705
           63      206.371
           64      205.149
           65      204.004
           66       202.94
           67      201.152
           68      198.955
           69       197.28
           70      195.984
           71      193.982
           72      192.779
           73      190.822
           74      188.733
           75      187.355
           76       185.76
           77      184.425
           78      183.463
           79      182.548
           80       181.73
           81      180.703
           82      179.535
           83      178.452
           84      177.601
           85      176.671
           86      175.422
           87      174.294
           88      173.163
           89       172.35
           90      171.203
           91      169.935
           92      168.887
           93      167.952
           94      166.954
           95      166.121
           96       165.18
           97      164.462
           98      163.489
           99      162.658
          100       161.84
          101      161.037
          102      160.258
          103       159.66
          104      159.116
          105      158.719
          106      158.133
          107      156.787
          108      154.964
          109      153.352
          110      151.941
          111      151.338
          112      150.561
          113      149.761
          114      149.047
          115       148.29
          116      147.661
          117       147.03
          118      146.539
          119      145.759
          120      145.135
          121      144.243
          122      143.542
          123      142.921
          124      141.953
          125      141.045
          126      140.093
          127      139.118
          128      138.025
          129      137.044
          130      136.401
          131      135.921
          132      135.502
          133      134.948
          134      134.428
          135      133.861
          136      133.221
          137      132.583
          138      131.721
          139      130.935
          140      130.282
          141       129.76
          142      129.312
          143      128.594
          144      127.862
          145      126.834
          146      126.246
          147      125.509
          148      125.027
          149      124.512
          150      123.631
          151      123.189
          152       122.91
          153        122.7
          154      122.484
          155      122.222
          156      121.962
          157      121.825
          158      121.406
          159      120.787
          160      120.101
          161      119.422
          162      118.879
          163      118.555
          164      118.168
          165      117.636
          166      117.025
          167      116.371
          168      115.653
          169      115.073
          170      114.337
          171      113.807
          172      112.975
          173      112.408
          174      111.991
          175      111.706
          176      111.438
          177      111.192
          178      110.979
          179      110.643
          180      110.087
          181      109.636
          182      109.127
          183      108.895
          184      108.676
          185      108.634
          186      108.713
          187      108.653
          188      108.404
          189      107.876
          190      107.318
          191       106.88
          192      106.646
          193      106.345
          194      106.078
          195      105.937
          196      105.607
          197      105.248
          198       104.83
          199      104.205
          200      104.205
          201      103.954
          202      103.702
          203      103.574
          204      103.507
          205      103.439
          206      103.342
          207      103.248
          208      103.265
          209      103.421
          210      103.952
          211      103.914
          212      103.676
          213      103.035
          214      102.331
          215      101.547
          216      101.102
          217      100.827
          218      100.704
          219      100.339
          220      99.8452
          221      99.3327
          222      98.8447
          223      98.6702
          224      98.3191
          225      98.1355
          226       97.801
          227      97.5665
          228      97.3992
          229      97.1691
          230      96.9846
          231      96.8676
          232      96.7524
          233      96.6198
          234      96.6587
          235      96.8955
          236      96.6266
          237      95.9633
          238      95.6754
          239      95.4969
          240      95.3683
          241      95.2772
          242      95.1403
          243      94.8656
          244      94.7881
          245      94.8956
          246      95.3194
          247      96.2648
          248       96.334
          249       96.085
          250      95.3908
          251      94.6074
          252      94.0767
          253      93.4762
          254      93.0461
          255      92.7481
          256      92.5184
          257      92.4865
          258      92.4779
          259      92.3302
          260      91.9934
          261      91.5002
          262       90.981
          263      90.6998
          264      90.4462
          265      90.2716
          266       90.145
          267      89.9327
          268      89.7297
          269      89.6209
          270      89.4472
          271      89.3016
          272      89.1007
          273      88.9424
          274      88.8513
          275      88.7596
          276      88.7246
          277      88.6175
          278      88.3664
          279      88.0776
          280      87.8197
          281      87.6702
          282       87.607
          283      87.5357
          284      87.4077
          285      87.2286
          286      87.1208
          287      87.1422
          288      87.3071
          289      87.2267
          290       87.093
          291      86.6779
          292       86.328
          293      86.0678
          294      85.6628
          295      85.4062
          296      85.0966
          297      84.7744
          298      84.5673
          299      84.4035
          300      84.0841
          301      83.6822
          302      83.3124
          303      83.0688
          304      82.9231
          305        82.94
          306      82.9316
          307      82.9298
          308      82.8244
          309      82.6218
          310      82.3031
          311       82.114
          312      81.7249
          313      81.3016
          314       80.906
          315      80.6793
          316      80.4562
          317      80.2556
          318      80.0259
          319      79.9207
          320      79.8483
          321      79.7665
          322      79.6483
          323      79.4909
          324      79.3587
          325      79.2773
          326      79.2118
          327      79.1303
          328      78.9822
          329      78.7912
          330      78.6312
          331      78.4708
          332      78.2632
          333      78.1325
          334       78.061
          335      78.0572
          336      78.0572
          337      78.0572
          338      78.0572
          339      78.0572
          340      78.0572
          341      78.0572
          342      78.0572
          343      78.0572
          344      78.0572
          345      78.0566
          346      78.0464
          347      77.9983
          348      77.9179
          349      77.8318
          350      77.7729
          351      77.7416
          352      77.6378
          353      77.4786
          354      77.3701
          355      77.2818
          356      77.2762
          357      77.2781
          358      77.2816
          359      77.2861
          360      77.2849
          361      77.2741
          362      77.2524
          363      77.2268
          364      77.2128
          365       77.207
          366       77.207
          367      77.2064
          368      77.1938
          369      77.1453
          370      77.0631
          371      76.9906
          372      76.9517
          373      76.9434
          374      76.9367
          375      76.9097
          376      76.8672
          377      76.8191
          378      76.7839
          379      76.7572
          380      76.7302
          381      76.6924
          382      76.6685
          383       76.664
          384      76.6637
          385      76.6605
          386       76.641
          387      76.6062
          388       76.566
          389       76.537
          390       76.517
          391      76.4959
          392      76.5902
          393      76.8365
          394      76.9446
          395      76.4906
          396      76.1187
          397      75.9452
          398      75.8463
          399      75.7455
          400      75.7455
          401      75.6319
          402      75.5032
          403        75.34
          404      75.1377
          405      74.9141
          406      74.7657
          407      74.5943
          408      74.4347
          409      74.2999
          410      74.1752
          411      74.1019
          412      74.0639
          413      74.0619
          414      74.0673
          415      74.0289
          416      73.9287
          417      73.8347
          418      73.7779
          419      73.7618
          420      73.7777
          421      73.7935
          422      73.7991
          423      73.7991
          424      73.7991
          425      73.7991
          426      73.7991
          427      73.7991
          428      73.7991
          429      73.7991
          430      73.7991
          431      73.7991
          432      73.7991
          433      73.7991
          434      73.7991
          435      73.7966
          436      73.7766
          437      73.7428
          438      73.7723
          439      74.2865
          440      75.0897
          441      75.3313
          442      74.8025
          443      73.8709
          444      73.3098
          445       72.805
          446      72.5451
          447      72.5083
          448      72.4666
          449      72.4014
          450      72.3773
          451      72.3529
          452       72.338
          453      72.3402
          454      72.3234
          455      72.3204
          456       72.323
          457       72.323
          458       72.323
          459       72.323
          460       72.323
          461      72.3229
          462      72.3206
          463      72.3093
          464      72.2931
          465      72.2817
          466       72.269
          467       72.269
          468      72.2687
          469       72.258
          470       72.228
          471      72.1874
          472       72.142
          473      72.0925
          474      72.0844
          475      72.0844
          476      72.0844
          477      72.0844
          478      72.0844
          479      72.0844
          480      72.0844
          481      72.0844
          482      72.0844
          483      72.0844
          484      72.0844
          485      72.0844
          486      72.0844
          487      72.0844
          488      72.0844
          489      72.0844
          490      72.0844
          491      72.0844
          492      72.0844
          493      72.0844
          494      72.0844
          495      72.0843
          496      72.0815
          497      72.0721
          498      72.0577
          499       72.044
          500      72.0337
          501      72.0305
          502      72.0305
          503      72.0305
          504      72.0305
          505      72.0305
          506      72.0292
          507      72.0235
          508      71.9994
          509      72.1137
          510      72.7436
          511      73.4446
          512      73.9417
          513      73.7709
          514      72.7719
          515      71.6707
          516       71.562
          517      71.3959
          518      71.3959
          519      71.3959
          520      71.3959
          521      71.3959
          522      71.3959
          523      71.3959
          524      71.3959
          525      71.3959
          526      71.3959
          527      71.3959
          528      71.3959
          529      71.3959
          530      71.3959
          531      71.3959
          532      71.3959
          533      71.3959
          534      71.3959
          535      71.3959
          536      71.3959
          537      71.3957
          538      71.3903
          539      71.3666
          540      71.3242
          541      71.2543
          542      71.1814
          543       71.151
          544      71.1307
          545       71.128
          546       71.128
          547       71.128
          548       71.128
          549       71.128
          550       71.128
          551       71.128
          552       71.128
          553       71.128
          554       71.128
          555       71.128
          556       71.128
          557       71.128
          558       71.128
          559       71.128
          560       71.128
          561       71.128
          562       71.128
          563       71.128
          564       71.128
          565       71.128
          566       71.128
          567       71.128
          568       71.128
          569       71.128
          570       71.128
          571       71.128
          572       71.128
          573       71.128
          574       71.128
          575       71.128
          576       71.128
          577       71.128
          578       71.128
          579       71.128
          580       71.128
          581       71.128
          582       71.128
          583       71.128
          584       71.128
          585       71.128
          586       71.128
          587       71.128
          588       71.128
          589       71.128
          590       71.128
          591       71.128
          592       71.128
          593       71.128
          594       71.128
          595       71.128
          596       71.128
          597       71.128
          598       71.128
          599       71.128
          600       71.128
          601       71.128
          602       71.128
          603       71.128
          604       71.128
          605       71.128
          606       71.128
          607       71.128
          608       71.128
          609       71.128
          610      71.1254
          611      71.0648
          612      70.8326
          613      70.4516
          614      70.0865
          615      69.8648
          616      69.8648
          617      69.8648
          618      69.8648
          619      69.8648
          620      69.8648
          621      69.8648
          622      69.8648
          623      69.8648
          624      69.8648
          625      69.8648
          626      69.8648
          627      69.8648
          628      69.8648
          629      69.8648
          630      69.8648
          631      69.8648
          632      69.8648
          633      69.8648
          634      69.8648
          635      69.8648
          636      69.8648
          637      69.8648
          638      69.8648
          639      69.8648
          640      69.8648
          641      69.8648
          642      69.8648
          643      69.8648
          644      69.8648
          645      69.8648
          646      69.8648
          647      69.8648
          648      69.8648
          649      69.8648
          650      69.8648
          651      69.8648
          652      69.8648
          653      69.8648
          654      69.8648
          655      69.8648
          656      69.8648
          657      69.8648
          658      69.8648
          659      69.8648
          660      69.8648
          661      69.8648
          662      69.8648
          663      69.8648
          664      69.8648
          665      69.8648
          666      69.8648
          667      69.8648
          668      69.8648
          669      69.8648
          670      69.8648
          671      69.8648
          672      69.8648
          673      69.8648
          674      69.8648
          675      69.8648
          676      69.8648
          677      69.8648
          678      69.8648
          679      69.8648
          680      69.8648
          681      69.8648
          682      69.8648
          683      69.8645
          684      69.8587
          685      69.8332
          686      69.7875
          687      69.7464
          688      69.7232
          689      69.7109
          690      69.7039
          691      69.7025
          692      69.7025
          693      69.7025
          694      69.7025
          695      69.7024
          696         69.7
          697      69.6925
          698      69.6808
          699      69.6702
          700      69.6646
          701      69.6633
          702      69.6633
          703      69.6633
          704      69.6633
          705      69.6633
          706      69.6633
          707      69.6633
          708      69.6633
          709      69.6633
          710      69.6633
          711      69.6633
          712      69.6633
          713      69.6633
          714      69.6633
          715      69.6633
          716      69.6618
          717      69.6557
          718      70.1225
          719      70.9174
          720      71.3046
          721      71.2151
          722      69.9546
          723      69.1766
          724      68.8675
          725      68.6201
          726      68.5311
          727      68.5229
          728      68.5229
          729      68.5229
          730      68.5229
          731      68.5229
          732      68.5229
          733      68.5229
          734      68.5229
          735      68.5229
          736      68.5229
          737      68.5229
          738      68.5229
          739      68.5229
          740      68.5229
          741      68.5229
          742      68.5229
          743      68.5229
          744      68.5229
          745      68.5229
          746      68.5229
          747      68.5229
          748      68.5229
          749      68.5229
          750      68.5229
          751      68.5229
          752      68.5229
          753      68.5229
          754      68.5229
          755      68.5229
          756      68.5229
          757      68.5229
          758      68.5229
          759      68.5229
          760      68.5229
          761      68.5229
          762      68.5229
          763      68.5229
          764      68.5229
          765      68.5229
          766      68.5229
          767      68.5229
          768      68.5229
          769      68.5229
          770      68.5229
          771      68.5229
          772      68.5229
          773      68.5229
          774      68.5229
          775      68.5229
          776      68.5229
          777      68.5229
          778      68.5229
          779      68.5229
          780      68.5229
          781      68.5229
          782      68.5229
          783      68.5229
          784      68.5229
          785      68.5229
          786      68.5229
          787      68.5229
          788      68.5229
          789      68.5229
          790      68.5229
          791      68.5229
          792      68.5229
          793      68.5229
          794      68.5229
          795      68.5229
          796      68.5229
          797      68.5229
          798      68.5229
          799      68.5229
          800      68.5229
          801      68.5229
          802      68.5229
          803      68.5229
          804      68.5229
          805      68.5229
          806      68.5229
          807      68.5229
          808      68.5229
          809      68.5229
          810      68.5229
          811      68.5229
          812      68.5229
          813      68.5229
          814      68.5229
          815      68.5229
          816      68.5229
          817      68.5229
          818      68.5229
          819      68.5229
          820      68.5229
          821      68.5229
          822      68.5229
          823      68.5229
          824      68.5229
          825      68.5229
          826      68.5229
          827      68.5229
          828      68.5229
          829      68.5229
          830      68.5229
          831      68.5229
          832      68.5229
          833      68.5229
          834      68.5229
          835      68.5229
          836      68.5229
          837      68.5229
          838      68.5229
          839      68.5229
          840      68.5229
          841      68.5229
          842      68.5229
          843      68.5229
          844      68.5229
          845      68.5229
          846      68.5229
          847      68.5229
          848      68.5229
          849      68.5229
          850      68.5229
          851      68.5229
          852      68.5229
          853      68.5229
          854      68.5229
          855      68.5229
          856      68.5229
          857      68.5229
          858      68.5229
          859      68.5229
          860      68.5229
          861      68.5229
          862      68.5229
          863      68.5229
          864      68.5229
          865      68.5229
          866      68.5229
          867      68.5229
          868      68.5229
          869      68.5229
          870      68.5229
          871      68.5229
          872      68.5229
          873      68.5229
          874      68.5229
          875      68.5229
          876      68.5229
          877      68.5229
          878      68.5229
          879      68.5229
          880      68.5229
          881      68.5229
          882      68.5229
          883      68.5229
          884      68.5229
          885      68.5229
          886      68.5229
          887      68.5229
          888      68.5229
          889      68.5229
          890      68.5229
          891      68.5229
          892      68.5229
          893      68.5229
          894      68.5229
          895      68.5229
          896      68.5229
          897      68.5229
          898      68.5229
          899      68.5229
          900      68.5229
          901      68.5229
          902      68.5229
          903      68.5229
          904      68.5229
          905      68.5229
          906      68.5229
          907      68.5229
          908      68.5229
          909      68.5229
          910      68.5229
          911      68.5229
          912      68.5229
          913      68.5229
          914      68.5229
          915      68.5229
          916      68.5229
          917      68.5229
          918      68.5229
          919      68.5229
          920      68.5229
          921      68.5229
          922      68.5229
          923      68.5229
          924      68.5229
          925      68.5229
          926      68.5229
          927      68.5229
          928      68.5229
          929      68.5229
          930      68.5229
          931      68.5229
          932      68.5229
          933      68.5229
          934      68.5229
          935      68.5229
          936      68.5229
          937      68.5229
          938      68.5229
          939      68.5229
          940      68.5229
          941      68.5229
          942      68.5229
          943      68.5229
          944      68.5229
          945      68.5229
          946      68.5229
          947      68.5229
          948      68.5229
          949      68.5229
          950      68.5229
          951      68.5229
          952      68.5229
          953      68.5229
          954      68.5229
          955      68.5229
          956      68.5229
          957      68.5229
          958      68.5229
          959      68.5229
          960      68.5229
          961      68.5229
          962      68.5229
          963      68.5229
          964      68.5229
          965      68.5229
          966      68.5229
          967      68.5229
          968      68.5229
          969      68.5229
          970      68.5229
          971      68.5229
          972      68.5229
          973      68.5229
          974      68.5229
          975      68.5229
          976      68.5229
          977      68.5229
          978      68.5229
          979      68.5229
          980      68.5229
          981      68.5229
          982      68.5229
          983      68.5229
          984      68.5229
          985      68.5229
          986      68.5229
          987      68.5229
          988      68.5229
          989      68.5229
          990      68.5229
          991      68.5229
          992      68.5229
          993      68.5229
          994      68.5229
          995      68.5229
          996      68.5229
          997      68.5229
          998      68.5229
          999      68.5229
         1000      68.5229
         1001      68.5229
         1002      68.5229
         1003      68.5229
         1004      68.5229
         1005      68.5229
         1006      68.5229
         1007      68.5229
         1008      68.5229
         1009      68.5229
         1010      68.5229
         1011      68.5229
         1012      68.5229
         1013      68.5229
         1014      68.5229
         1015      68.5229
         1016      68.5229
         1017      68.5229
         1018      68.5229
         1019      68.5229
         1020      68.5229
         1021      68.5229
         1022      68.5229
         1023      68.5229
         1024      68.5229
         1025      68.5229
         1026      68.5229
         1027      68.5228
         1028      68.5216
         1029      68.5148
         1030      68.4964
         1031      68.4504
         1032      68.3531
         1033      68.2812
         1034      68.2334
         1035      68.2009
         1036      68.2009
         1037      68.2009
         1038      68.2009
         1039      68.2009
         1040      68.2009
         1041      68.2009
         1042      68.2009
         1043      68.2009
         1044      68.2009
         1045      68.2009
         1046      68.2009
         1047      68.2009
         1048      68.2007
         1049      68.1956
         1050      68.1734
         1051      68.1418
         1052      68.1123
         1053      68.0754
         1054      68.0459
         1055      68.0186
         1056      68.0072
         1057      68.0042
         1058      68.0042
         1059      68.0042
         1060      68.0042
         1061      68.0042
         1062      68.0042
         1063      68.0042
         1064       68.004
         1065      68.0025
         1066      67.9931
         1067      67.9757
         1068      67.9589
         1069      67.9441
         1070      67.9438
         1071      67.9438
         1072      67.9438
         1073      67.9438
         1074      67.9438
         1075      67.9438
         1076      67.9438
         1077      67.9438
         1078      67.9438
         1079      67.9438
         1080      67.9438
         1081      67.9438
         1082      67.9438
         1083      67.9438
         1084      67.9438
         1085      67.9438
         1086      67.9438
         1087      67.9438
         1088      67.9438
         1089      67.9438
         1090      67.9438
         1091      67.9438
         1092      67.9438
         1093      67.9438
         1094      67.9438
         1095      67.9438
         1096      67.9438
         1097      67.9438
         1098      67.9438
         1099      67.9438
         1100      67.9438
         1101      67.9438
         1102      67.9438
         1103      67.9438
         1104      67.9438
         1105      67.9438
         1106      67.9438
         1107      67.9438
         1108      67.9438
         1109      67.9438
         1110      67.9438
         1111      67.9438
         1112      67.9438
         1113      67.9438
         1114      67.9438
         1115      67.9438
         1116      67.9438
         1117      67.9436
         1118      67.9396
         1119      67.9242
         1120      67.8971
         1121      67.8715
         1122      67.8561
         1123      67.8505
         1124      67.8468
         1125      67.8468
         1126      67.8468
         1127      67.8468
         1128      67.8468
         1129      67.8468
         1130      67.8468
         1131      67.8468
         1132      67.8468
         1133      67.8468
         1134      67.8468
         1135      67.8468
         1136      67.8468
         1137      67.8468
         1138      67.8468
         1139      67.8468
         1140      67.8468
         1141      67.8468
         1142      67.8468
         1143      67.8468
         1144      67.8468
         1145      67.8468
         1146      67.8468
         1147      67.8468
         1148      67.8468
         1149      67.8468
         1150      67.8468
         1151      67.8468
         1152      67.8468
         1153      67.8468
         1154      67.8468
         1155      67.8468
         1156      67.8468
         1157      67.8468
         1158      67.8468
         1159      67.8468
         1160      67.8468
         1161      67.8468
         1162      67.8468
         1163      67.8468
         1164      67.8468
         1165      67.8468
         1166      67.8468
         1167      67.8468
         1168      67.8468
         1169      67.8468
         1170      67.8468
         1171      67.8468
         1172      67.8468
         1173      67.8468
         1174      67.8468
         1175      67.8468
         1176      67.8468
         1177      67.8468
         1178      67.8468
         1179      67.8468
         1180      67.8468
         1181      67.8468
         1182      67.8468
         1183      67.8468
         1184      67.8468
         1185      67.8468
         1186      67.8468
         1187      67.8468
         1188      67.8468
         1189      67.8468
         1190      67.8468
         1191      67.8468
         1192      67.8468
         1193      67.8468
         1194      67.8468
         1195      67.8468
         1196      67.8468
         1197      67.8468
         1198      67.8468
         1199      67.8468
         1200      67.8468
         1201      67.8468
         1202      67.8468
         1203      67.8468
         1204      67.8468
         1205      67.8468
         1206      67.8468
         1207      67.8468
         1208      67.8468
         1209      67.8468
         1210      67.8468
         1211      67.8468
         1212      67.8468
         1213      67.8468
         1214      67.8468
         1215      67.8468
         1216      67.8468
         1217      67.8468
         1218      67.8468
         1219      67.8468
         1220      67.8468
         1221      67.8468
         1222      67.8468
         1223      67.8468
         1224      67.8468
         1225      67.8468
         1226      67.8468
         1227      67.8468
         1228      67.8468
         1229      67.8468
         1230      67.8468
         1231      67.8468
         1232      67.8468
         1233      67.8468
         1234      67.8468
         1235      67.8468
         1236      67.8468
         1237      67.8468
         1238      67.8468
         1239      67.8468
         1240      67.8468
         1241      67.8468
         1242      67.8468
         1243      67.8468
         1244      67.8468
         1245      67.8468
         1246      67.8468
         1247      67.8468
         1248      67.8468
         1249      67.8468
         1250      67.8468
         1251      67.8468
         1252      67.8468
         1253      67.8468
         1254      67.8468
         1255      67.8468
         1256      67.8468
         1257      67.8468
         1258      67.8468
         1259      67.8468
         1260      67.8468
         1261      67.8468
         1262      67.8468
         1263      67.8468
         1264      67.8468
         1265      67.8468
         1266      67.8468
         1267      67.8468
         1268      67.8468
         1269      67.8468
         1270      67.8468
         1271      67.8468
         1272      67.8468
         1273      67.8468
         1274      67.8468
         1275      67.8468
         1276      67.8468
         1277      67.8468
         1278      67.8468
         1279      67.8468
         1280      67.8468
         1281      67.8468
         1282      67.8468
         1283      67.8468
         1284      67.8468
         1285      67.8468
         1286      67.8468
         1287      67.8468
         1288      67.8468
         1289      67.8468
         1290      67.8468
         1291      67.8468
         1292      67.8468
         1293      67.8468
         1294      67.8468
         1295      67.8468
         1296      67.8468
         1297      67.8468
         1298      67.8468
         1299      67.8468
         1300      67.8468
         1301      67.8468
         1302      67.8468
         1303      67.8468
         1304      67.8468
         1305      67.8468
         1306      67.8468
         1307      67.8468
         1308      67.8468
         1309      67.8468
         1310      67.8468
         1311      67.8468
         1312      67.8468
         1313      67.8468
         1314      67.8468
         1315      67.8468
         1316      67.8468
         1317      67.8468
         1318      67.8468
         1319      67.8468
         1320      67.8468
         1321      67.8468
         1322      67.8468
         1323      67.8468
         1324      67.8468
         1325      67.8468
         1326      67.8468
         1327      67.8468
         1328      67.8468
         1329      67.8468
         1330      67.8468
         1331      67.8468
         1332      67.8468
         1333      67.8468
         1334      67.8468
         1335      67.8468
         1336      67.8468
         1337      67.8468
         1338      67.8468
         1339      67.8468
         1340      67.8468
         1341      67.8468
         1342      67.8468
         1343      67.8468
         1344      67.8468
         1345      67.8468
         1346      67.8468
         1347      67.8468
         1348      67.8468
         1349      67.8468
         1350      67.8468
         1351      67.8468
         1352      67.8446
         1353      67.8362
         1354      67.8257
         1355       67.816
         1356      67.8115
         1357      67.8115
         1358      67.8115
         1359      67.8115
         1360      67.8115
         1361      67.8115
         1362      67.8115
         1363      67.8115
         1364      67.8115
         1365      67.8115
         1366      67.8115
         1367      67.8115
         1368      67.8115
         1369      67.8115
         1370      67.8115
         1371      67.8115
         1372      67.8115
         1373      67.8115
         1374      67.8115
         1375      67.8115
         1376      67.8115
         1377      67.8115
         1378      67.8115
         1379      67.8115
         1380      67.8115
         1381      67.8115
         1382      67.8115
         1383      67.8115
         1384      67.8115
         1385      67.8115
         1386      67.8115
         1387      67.8115
         1388      67.8115
         1389      67.8115
         1390      67.8115
         1391      67.8115
         1392      67.8115
         1393      67.8115
         1394      67.8115
         1395      67.8115
         1396      67.8115
         1397      67.8115
         1398      67.8115
         1399      67.8115
         1400      67.8091
         1401      67.7984
         1402      67.7659
         1403      68.1049
         1404      69.0021
         1405      69.6145
         1406      69.3802
         1407      68.0171
         1408      67.2577
         1409      66.7707
         1410       66.617
         1411      66.5969
         1412      66.5969
         1413      66.5969
         1414      66.5969
         1415      66.5969
         1416      66.5969
         1417      66.5969
         1418      66.5969
         1419      66.5969
         1420      66.5969
         1421      66.5969
         1422      66.5969
         1423      66.5969
         1424      66.5969
         1425      66.5969
         1426      66.5969
         1427      66.5969
         1428      66.5969
         1429      66.5969
         1430      66.5969
         1431      66.5969
         1432      66.5969
         1433      66.5969
         1434      66.5969
         1435      66.5969
         1436      66.5969
         1437      66.5969
         1438      66.5969
         1439      66.5969
         1440      66.5969
         1441      66.5969
         1442      66.5969
         1443      66.5969
         1444      66.5969
         1445      66.5969
         1446      66.5969
         1447      66.5969
         1448      66.5969
         1449      66.5969
         1450      66.5969
         1451      66.5969
         1452      66.5969
         1453      66.5969
         1454      66.5969
         1455      66.5969
         1456      66.5969
         1457      66.5968
         1458      66.5931
         1459      66.5776
         1460      66.5501
         1461      66.5259
         1462      66.5155
         1463      66.5142
         1464      66.5142
         1465      66.5142
         1466      66.5142
         1467      66.5142
         1468      66.5142
         1469      66.5142
         1470      66.5142
         1471      66.5142
         1472      66.5142
         1473      66.5142
         1474      66.5142
         1475      66.5142
         1476      66.5142
         1477      66.5142
         1478      66.5142
         1479      66.5142
         1480      66.5142
         1481      66.5142
         1482      66.5142
         1483      66.5142
         1484      66.5142
         1485      66.5142
         1486      66.5142
         1487      66.5142
         1488      66.5142
         1489      66.5142
         1490      66.5142
         1491      66.5142
         1492      66.5142
         1493      66.5142
         1494      66.5142
         1495      66.5142
         1496      66.5142
         1497      66.5142
         1498      66.5142
         1499      66.5142
         1500      66.5142
         1501      66.5142
         1502      66.5142
         1503      66.5142
         1504      66.5142
         1505      66.5142
         1506      66.5142
         1507      66.5142
         1508      66.5142
         1509      66.5142
         1510      66.5142
         1511      66.5142
         1512      66.5142
         1513      66.5142
         1514      66.5142
         1515      66.5142
         1516      66.5142
         1517      66.5142
         1518      66.5142
         1519      66.5142
         1520      66.5142
         1521      66.5142
         1522      66.5142
         1523      66.5142
         1524      66.5142
         1525      66.5142
         1526      66.5142
         1527      66.5142
         1528      66.5142
         1529      66.5142
         1530      66.5142
         1531      66.5142
         1532      66.5142
         1533      66.5142
         1534      66.5142
         1535      66.5142
         1536      66.5142
         1537      66.5142
         1538      66.5142
         1539      66.5142
         1540      66.5142
         1541      66.5142
         1542      66.5142
         1543      66.5142
         1544      66.5142
         1545      66.5142
         1546      66.5142
         1547      66.5142
         1548      66.5142
         1549      66.5142
         1550      66.5142
         1551      66.5142
         1552      66.5142
         1553      66.5142
         1554      66.5142
         1555      66.5142
         1556      66.5142
         1557      66.5142
         1558      66.5142
         1559      66.5142
         1560      66.5142
         1561      66.5142
         1562      66.5142
         1563      66.5142
         1564      66.5142
         1565      66.5142
         1566      66.5142
         1567      66.5142
         1568      66.5142
         1569      66.5142
         1570      66.5142
         1571      66.5142
         1572      66.5142
         1573      66.5142
         1574      66.5142
         1575      66.5142
         1576      66.5142
         1577      66.5142
         1578      66.5142
         1579      66.5142
         1580      66.5142
         1581      66.5142
         1582      66.5142
         1583      66.5142
         1584      66.5142
         1585      66.5142
         1586      66.5142
         1587      66.5142
         1588      66.5142
         1589      66.5142
         1590      66.5142
         1591      66.5142
         1592      66.5142
         1593      66.5142
         1594      66.5142
         1595      66.5142
         1596      66.5142
         1597      66.5142
         1598      66.5142
         1599      66.5142
         1600      66.5142
         1601      66.5142
         1602      66.5142
         1603      66.5142
         1604      66.5142
         1605      66.5142
         1606      66.5142
         1607      66.5142
         1608      66.5142
         1609      66.5142
         1610      66.5142
         1611      66.5142
         1612      66.5142
         1613      66.5142
         1614      66.5142
         1615      66.5142
         1616      66.5142
         1617      66.5142
         1618      66.5142
         1619      66.5142
         1620      66.5142
         1621      66.5142
         1622      66.5142
         1623      66.5142
         1624      66.5142
         1625      66.5142
         1626      66.5142
         1627      66.5142
         1628      66.5142
         1629      66.5142
         1630      66.5142
         1631      66.5142
         1632      66.5142
         1633      66.5142
         1634      66.5142
         1635      66.5142
         1636      66.5142
         1637      66.5142
         1638      66.5142
         1639      66.5142
         1640      66.5142
         1641      66.5142
         1642      66.5142
         1643      66.5142
         1644      66.5142
         1645      66.5142
         1646      66.5142
         1647      66.5142
         1648      66.5142
         1649      66.5142
         1650      66.5142
         1651      66.5142
         1652      66.5142
         1653      66.5142
         1654      66.5142
         1655      66.5142
         1656      66.5142
         1657      66.5142
         1658      66.5142
         1659      66.5142
         1660      66.5142
         1661      66.5142
         1662      66.5142
         1663      66.5142
         1664      66.5142
         1665      66.5142
         1666      66.5142
         1667      66.5142
         1668      66.5142
         1669      66.5142
         1670      66.5142
         1671      66.5142
         1672      66.5142
         1673      66.5142
         1674      66.5142
         1675      66.5142
         1676      66.5142
         1677      66.5142
         1678      66.5142
         1679      66.5142
         1680      66.5142
         1681      66.5142
         1682      66.5142
         1683      66.5142
         1684      66.5142
         1685      66.5142
         1686      66.5142
         1687      66.5142
         1688      66.5142
         1689      66.5142
         1690      66.5142
         1691      66.5142
         1692      66.5142
         1693      66.5142
         1694      66.5142
         1695      66.5142
         1696      66.5142
         1697      66.5142
         1698      66.5142
         1699      66.5142
         1700      66.5142
         1701      66.5142
         1702      66.5142
         1703      66.5142
         1704      66.5142
         1705      66.5142
         1706      66.5142
         1707      66.5142
         1708      66.5142
         1709      66.5142
         1710      66.5142
         1711      66.5142
         1712      66.5142
         1713      66.5142
         1714      66.5142
         1715      66.5142
         1716      66.5142
         1717      66.5142
         1718      66.5142
         1719      66.5142
         1720      66.5142
         1721      66.5142
         1722      66.5142
         1723      66.5142
         1724      66.5142
         1725      66.5142
         1726      66.5142
         1727      66.5142
         1728      66.5142
         1729      66.5142
         1730      66.5142
         1731      66.5142
         1732      66.5142
         1733      66.5142
         1734      66.5142
         1735      66.5142
         1736      66.5142
         1737      66.5142
         1738      66.5142
         1739      66.5142
         1740      66.5142
         1741      66.5142
         1742      66.5142
         1743      66.5142
         1744      66.5142
         1745      66.5142
         1746      66.5142
         1747      66.5142
         1748      66.5142
         1749      66.5142
         1750      66.5142
         1751      66.5142
         1752      66.5142
         1753      66.5142
         1754      66.5142
         1755      66.5142
         1756      66.5142
         1757      66.5142
         1758      66.5142
         1759      66.5142
         1760      66.5142
         1761      66.5142
         1762      66.5142
         1763      66.5142
         1764      66.5142
         1765      66.5142
         1766      66.5142
         1767      66.5142
         1768      66.5142
         1769      66.5142
         1770      66.5142
         1771      66.5142
         1772      66.5142
         1773      66.5142
         1774      66.5142
         1775      66.5142
         1776      66.5142
         1777      66.5142
         1778      66.5142
         1779      66.5142
         1780      66.5142
         1781      66.5142
         1782      66.5142
         1783      66.5142
         1784      66.5142
         1785      66.5142
         1786      66.5142
         1787      66.5142
         1788      66.5142
         1789      66.5142
         1790      66.5142
         1791      66.5142
         1792      66.5142
         1793      66.5142
         1794      66.5142
         1795      66.5142
         1796      66.5142
         1797      66.5142
         1798      66.5142
         1799      66.5142
         1800      66.5142
         1801      66.5142
         1802      66.5142
         1803      66.5142
         1804      66.5142
         1805      66.5142
         1806      66.5142
         1807      66.5142
         1808      66.5142
         1809      66.5142
         1810      66.5142
         1811      66.5142
         1812      66.5142
         1813      66.5142
         1814      66.5142
         1815      66.5142
         1816      66.5142
         1817      66.5142
         1818      66.5142
         1819      66.5142
         1820      66.5142
         1821      66.5142
         1822      66.5142
         1823      66.5142
         1824      66.5142
         1825      66.5142
         1826      66.5142
         1827      66.5142
         1828      66.5142
         1829      66.5142
         1830      66.5142
         1831      66.5142
         1832      66.5142
         1833      66.5142
         1834      66.5142
         1835      66.5142
         1836      66.5142
         1837      66.5142
         1838      66.5142
         1839      66.5142
         1840      66.5142
         1841      66.5142
         1842      66.5142
         1843      66.5142
         1844      66.5142
         1845      66.5142
         1846      66.5142
         1847      66.5142
         1848      66.5142
         1849      66.5142
         1850      66.5142
         1851      66.5142
         1852      66.5142
         1853      66.5142
         1854      66.5142
         1855      66.5142
         1856      66.5142
         1857      66.5142
         1858      66.5142
         1859      66.5142
         1860      66.5142
         1861      66.5142
         1862      66.5142
         1863      66.5142
         1864      66.5142
         1865      66.5142
         1866      66.5142
         1867      66.5142
         1868      66.5142
         1869      66.5142
         1870      66.5142
         1871      66.5142
         1872      66.5142
         1873      66.5142
         1874      66.5142
         1875      66.5142
         1876      66.5142
         1877      66.5142
         1878      66.5142
         1879      66.5142
         1880      66.5142
         1881      66.5142
         1882      66.5142
         1883      66.5142
         1884      66.5142
         1885      66.5142
         1886      66.5142
         1887      66.5142
         1888      66.5142
         1889      66.5142
         1890      66.5142
         1891      66.5142
         1892      66.5142
         1893      66.5142
         1894      66.5142
         1895      66.5142
         1896      66.5142
         1897      66.5142
         1898      66.5142
         1899      66.5142
         1900      66.5142
         1901      66.5142
         1902      66.5142
         1903      66.5142
         1904      66.5142
         1905      66.5142
         1906      66.5142
         1907      66.5142
         1908      66.5142
         1909      66.5142
         1910      66.5142
         1911      66.5142
         1912      66.5142
         1913      66.5142
         1914      66.5142
         1915      66.5142
         1916      66.5142
         1917      66.5142
         1918      66.5142
         1919      66.5142
         1920      66.5142
         1921      66.5142
         1922      66.5142
         1923      66.5142
         1924      66.5142
         1925      66.5142
         1926      66.5142
         1927      66.5142
         1928      66.5142
         1929      66.5142
         1930      66.5142
         1931      66.5142
         1932      66.5142
         1933      66.5142
         1934      66.5142
         1935      66.5142
         1936      66.5142
         1937      66.5142
         1938      66.5142
         1939      66.5142
         1940      66.5142
         1941      66.5142
         1942      66.5142
         1943      66.5142
         1944      66.5142
         1945      66.5142
         1946      66.5142
         1947      66.5142
         1948      66.5142
         1949      66.5142
         1950      66.5142
         1951      66.5142
         1952      66.5142
         1953      66.5142
         1954      66.5142
         1955      66.5142
         1956      66.5142
         1957      66.5142
         1958      66.5142
         1959      66.5142
         1960      66.5142
         1961      66.5142
         1962      66.5142
         1963      66.5142
         1964      66.5142
         1965      66.5142
         1966      66.5142
         1967      66.5142
         1968      66.5142
         1969      66.5142
         1970      66.5142
         1971      66.5142
         1972      66.5142
         1973      66.5142
         1974      66.5142
         1975      66.5142
         1976      66.5142
         1977      66.5142
         1978      66.5142
         1979      66.5142
         1980      66.5142
         1981      66.5142
         1982      66.5142
         1983      66.5142
         1984      66.5142
         1985      66.5142
         1986      66.5142
         1987      66.5142
         1988      66.5142
         1989      66.5142
         1990      66.5142
         1991      66.5142
         1992      66.5142
         1993      66.5142
         1994      66.5142
         1995      66.5142
         1996      66.5142
         1997      66.5142
         1998      66.5142
         1999      66.5142
         2000      66.5142
