#      	   X:
     0.405223
    -0.964435
     -0.72323
     0.573279
      0.45579
     0.657031
     0.591008
      0.61117
    0.0171491
     0.564986
    0.0900859
     0.492833
    -0.770683
     -1.67002
      0.89355
    -0.889066
      1.40481
     0.380422
    -0.876756
      1.24381
     0.491311
    -0.177056
    -0.163418
    -0.848223
    -0.930006
     -1.06958
     0.944106
     0.814315
    -0.946088
     0.291982
    -0.363994
     0.267458
     0.944379
     0.792544
      1.24628
      1.10701
      1.76268
    -0.876166
     0.696748
     0.633344
    -0.576717
    -0.239517
      -1.3707
    -0.424599
    -0.277531
      -1.0854
      1.15922
     -0.72821
    -0.182708
     0.826174
     -0.68463
       1.1432
      1.29751
    -0.203095
    -0.473569
     0.534154
     -1.53274
    -0.327826
    -0.428953
    0.0274003
     -1.07176
     0.468193
     -1.00595
   -0.0656671
    -0.878303
     -0.13544
    -0.690521
     0.177405
     0.735518
    -0.733276
     0.478496
      1.10981
      1.18024
     0.675643
    -0.564723
    -0.517177
    -0.633379
     -1.70713
     0.869286
     0.245402
     -1.17876
     0.984409
    -0.908427
    -0.637041
    0.0952417
     -1.08083
     -1.27503
     -1.60523
     0.703879
     0.667223
      -1.0682
    -0.877944
     0.983471
    -0.563535
     0.041381
     -1.18728
     0.632123
      1.32714
     0.804976
     -1.63997
