#      BLOCK: ACTUAL_CALL:    CALL_AVE:       ERROR:  ACTUAL_PUT:     PUT_AVE:       ERROR:
            1      15.9125      15.9125            0      5.61667      5.61667            0
            2      12.8996       14.406      1.50645      5.01279      5.31473     0.301941
            3      17.4852      15.4324      1.34535      3.88232      4.83726     0.508296
            4      15.2005      15.3744     0.953074       4.3162        4.707     0.382298
            5      12.2114      14.7418     0.972221      5.10654      4.78691     0.306719
            6      14.2447       14.659     0.798127      5.17381      4.85139     0.258604
            7      16.1081       14.866     0.705594      3.79171      4.70001     0.265867
            8      16.9838      15.1307      0.66594      4.43693      4.66712     0.232584
            9      19.1565       15.578     0.738248      4.40275      4.63775     0.207213
           10      16.0744      15.6277     0.662172      4.75004      4.64898     0.185677
           11      14.4863      15.5239     0.607877      6.04706      4.77607     0.210622
           12      17.3343      15.6748     0.575056      5.47572      4.83438     0.200916
           13      15.4365      15.6565     0.529292      5.99833      4.92391     0.205362
           14      15.8273      15.6687     0.490181      5.11169      4.93733       0.1906
           15      13.5906      15.5301     0.476899      5.23919      4.95745     0.178577
           16       18.409      15.7101     0.481018       5.1416      4.96896     0.167439
           17      11.6706      15.4724     0.510508      6.08128      5.03439     0.170349
           18      13.2286      15.3478     0.497193      5.45891      5.05797     0.162329
           19      12.4439      15.1949     0.494508      5.89995      5.10229     0.159815
           20      13.0307      15.0867      0.48145      5.99796      5.14707     0.158089
           21      14.0364      15.0367     0.460674      5.41279      5.15973     0.150904
           22      12.0758      14.9021     0.459393      7.20852      5.25285      0.17139
           23      16.6689      14.9789     0.445635      4.75227      5.23109     0.165209
           24      14.5684      14.9618     0.427006      5.68689      5.25008     0.159311
           25      13.9112      14.9198      0.41172      6.66487      5.30667     0.162949
           26      14.2023      14.8922     0.396529      5.59226      5.31766     0.156941
           27      13.6856      14.8475     0.384169      6.14606      5.34834     0.154102
           28      15.4741      14.8699      0.37087      5.88943      5.36766     0.149748
           29      14.3187      14.8509     0.358357      5.69625      5.37899     0.144936
           30      10.9606      14.7212     0.369695      4.13604      5.33756     0.146023
           31      16.0156       14.763         0.36      4.82557      5.32104     0.142196
           32      16.7567      14.8253     0.354093      4.42948      5.29318     0.140472
           33      12.7666      14.7629     0.348819      5.93809      5.31273     0.137544
           34      11.7908      14.6755     0.349512      5.80106      5.32709     0.134208
           35      16.1994       14.719     0.342161      5.92201      5.34409     0.131421
           36      12.3506      14.6532     0.338966      6.41089      5.37372     0.131111
           37      14.3139      14.6441     0.329805      5.85861      5.38683      0.12819
           38      13.1556      14.6049      0.32339      6.44106      5.41457     0.127818
           39      11.9462      14.5367     0.322281      7.37018      5.46471     0.134216
           40      16.1364      14.5767     0.316657      6.22883      5.48381     0.132205
           41      15.5111      14.5995     0.309676      4.94804      5.47075     0.129601
           42      16.5055      14.6449     0.305601      5.23141      5.46505     0.126606
           43      13.0219      14.6071     0.300787       6.4064      5.48694      0.12555
           44      14.0929      14.5954     0.294104      4.80995      5.47155     0.123624
           45      15.6664      14.6192     0.288478      5.07416      5.46272     0.121168
           46      14.2247      14.6107     0.282267      5.41643      5.46172     0.118509
           47      14.5123      14.6086     0.276204      6.06972      5.47465     0.116679
           48      12.1663      14.5577     0.275134      6.66727       5.4995     0.116894
           49      15.8063      14.5832     0.270663      4.17143       5.4724     0.117648
           50      17.0032      14.6316     0.269575      5.46227      5.47219     0.115271
           51      16.1208      14.6608     0.265845      5.73927      5.47743      0.11311
           52      14.1304      14.6506     0.260882      7.98708      5.52569     0.120959
           53      17.0868      14.6965     0.260008      6.11294      5.53677     0.119171
           54      17.9591       14.757     0.262203      5.34084      5.53314     0.116999
           55      16.2126      14.7834     0.258749      5.92647       5.5403     0.115075
           56      16.8613      14.8205     0.256781      5.56544      5.54074     0.113002
           57      11.3727        14.76     0.259388       7.4865      5.57488     0.116132
           58      10.9138      14.6937     0.263362      6.17744      5.58527     0.114584
           59      17.9741      14.7493     0.264763      5.39697      5.58208     0.112671
           60      12.5005      14.7118     0.262998      5.41638      5.57932     0.110811
           61      13.7343      14.6958     0.259146      4.94181      5.56887      0.10948
           62      15.3579      14.7065     0.255156      4.43985      5.55066     0.109228
           63      12.9599      14.6788     0.252599      5.52475      5.55024     0.107481
           64       12.676      14.6475     0.250583      5.65953      5.55195     0.105802
           65      18.6025      14.7083      0.25409      3.94793      5.52727     0.107045
           66      12.5382      14.6755     0.252362      5.95394      5.53374     0.105609
           67       16.639      14.7048     0.250289      3.95918      5.51024     0.106642
           68      16.3598      14.7291     0.247779      5.00398      5.50279     0.105326
           69      15.4752      14.7399     0.244401      5.18774      5.49823     0.103888
           70      14.2707      14.7332     0.240977      6.26854      5.50923     0.102983
           71      17.8477      14.7771     0.241575      3.92558      5.48693     0.103944
           72      14.5326      14.7737      0.23822      6.14547      5.49607     0.102897
           73      16.5232      14.7976     0.236154      5.80731      5.50034     0.101567
           74      14.6129      14.7951     0.232954      5.60074      5.50169     0.100194
           75      14.2569       14.788     0.229939      5.16841      5.49725    0.0989494
           76      12.9956      14.7644     0.228116      6.47372       5.5101    0.0984805
           77      13.6932      14.7505     0.225563      4.62439       5.4986    0.0978714
           78      11.5355      14.7093     0.226435      5.72069      5.50144    0.0966504
           79      16.2248      14.7284     0.224372      4.11887      5.48394    0.0970108
           80      14.7661      14.7289      0.22155      4.64956      5.47351    0.0963566
           81      17.2122      14.7596     0.220935      4.55085      5.46212    0.0958389
           82      14.2361      14.7532     0.218318      5.74476      5.46557    0.0947257
           83      12.5906      14.7271      0.21724      6.48179      5.47781     0.094375
           84       13.137      14.7082     0.215471      7.55428      5.50253    0.0964658
           85      20.9482      14.7816     0.225221      3.03974      5.47356    0.0996303
           86      12.6067      14.7563     0.224019       5.7686      5.47699    0.0985247
           87       15.978      14.7704     0.221874      4.44107      5.46508    0.0981109
           88      13.8525      14.7599     0.219586      6.49373      5.47677    0.0976915
           89      11.4503      14.7227     0.220266      4.66924       5.4677    0.0970128
           90      13.0698      14.7044     0.218578       4.5938      5.45799     0.096419
           91      12.6383      14.6817     0.217352      5.23748      5.45556    0.0953843
           92      13.3399      14.6671     0.215471      4.69759      5.44733    0.0947009
           93      14.5689       14.666     0.213144       5.6223      5.44921     0.093696
           94      15.0742      14.6704     0.210909      6.02282      5.45531    0.0928945
           95      16.8604      14.6934     0.209946      5.17076      5.45231    0.0919603
           96      16.9883      14.7173     0.209119      5.85351      5.45649    0.0910932
           97       15.548      14.7259     0.207129      4.67629      5.44845    0.0905073
           98      14.4341      14.7229     0.205026      7.25916      5.46693    0.0914647
           99       16.667      14.7426     0.203892      4.89777      5.46118    0.0907184
          100      17.1787      14.7669     0.203308       4.0848      5.44741    0.0908553
