#      BLOCK: ACTUAL_CALL:    CALL_AVE:       ERROR:  ACTUAL_PUT:     PUT_AVE:       ERROR:
            1      14.7442      14.7442            0      5.51861      5.51861            0
            2       15.931      15.3376      0.59341      6.91339        6.216     0.697388
            3      14.4491      15.0414     0.452864      4.38616      5.60605     0.730858
            4       12.515      14.4098     0.708146      3.83005      5.16205     0.681331
            5       14.093      14.3464     0.552175      5.41073      5.21179     0.530095
            6      14.3045      14.3394     0.450903      6.81565       5.4791     0.508713
            7      17.5213       14.794     0.593159      4.61416      5.35554     0.447345
            8      18.0117      15.1962     0.652425      4.14943      5.20477     0.415713
            9      10.0788      14.6276     0.808936      5.80229      5.27116     0.372587
           10      16.5639      14.8212     0.748996      5.83891      5.32794     0.338054
           11      17.3157       15.048     0.714439      5.08991       5.3063     0.306546
           12      17.1272      15.2213     0.674814      6.55692      5.41052     0.298614
           13      15.7205      15.2597     0.621925      5.54201      5.42063     0.274871
           14      15.3802      15.2683     0.575855      4.30068      5.34064     0.266758
           15      20.4904      15.6164     0.639217      4.38053      5.27663     0.256455
           16      10.9734      15.3262      0.66463       7.3631      5.40703     0.273044
           17      14.6087       15.284     0.625737      4.17383      5.33449     0.266541
           18      15.8241       15.314     0.590713      5.74743      5.35743     0.252343
           19      11.4583      15.1111     0.594468      5.59745      5.37007     0.239026
           20       13.818      15.0464     0.567656      4.94381      5.34875      0.22776
           21      14.7357      15.0317     0.540151      5.88175      5.37413     0.218124
           22      14.7615      15.0194      0.51516      6.14705      5.40927      0.21092
           23      17.2418       15.116     0.501647      6.70069      5.46542     0.209216
           24      15.4953      15.1318      0.48055      5.59877      5.47097     0.200386
           25      17.5279      15.2276     0.470786      4.20677       5.4204     0.198745
           26      13.5874      15.1646     0.456695      6.18018      5.44963     0.193171
           27      13.1868      15.0913     0.445518      4.83068       5.4267     0.187287
           28      17.4489      15.1755     0.437491      7.33072       5.4947      0.19286
           29      17.9854      15.2724     0.433113      4.04259      5.44463      0.19271
           30      14.6087      15.2503     0.419011      5.98764      5.46273     0.187053
           31      18.5453      15.3566     0.418977      5.37402      5.45987     0.180941
           32      13.7217      15.3055     0.408877      4.83263      5.44027     0.176289
           33      13.2496      15.2432      0.40116      5.32767      5.43686     0.170897
           34      16.6494      15.2845     0.391374      5.34166      5.43406     0.165818
           35       12.437      15.2032     0.388638      5.26777       5.4293     0.161081
           36      13.0149      15.1424     0.382549      5.91771      5.44287      0.15713
           37      17.3812      15.2029     0.376954      5.46715      5.44353     0.152825
           38      13.9893       15.171     0.368287      4.69588      5.42385     0.150045
           39       11.576      15.0788     0.370374      7.22074      5.46993     0.153237
           40      12.1483      15.0055     0.368355      5.77219      5.47748     0.149548
           41      13.9897      14.9807     0.360112      5.62275      5.48103     0.145898
           42      15.0746       14.983      0.35144      4.20904      5.45074     0.145567
           43      16.6345      15.0214     0.345312      5.98579      5.46318     0.142685
           44      19.6036      15.1255     0.353081      3.50206      5.41861     0.146357
           45      12.9951      15.0782     0.348377      6.67032      5.44643     0.145746
           46      12.7691       15.028     0.344397      6.41501      5.46748     0.144089
           47      18.4547      15.1009     0.344787        3.265      5.42062     0.148574
           48       16.091      15.1215     0.338157      3.99015      5.39082     0.148468
           49      12.4138      15.0663     0.335763      5.11801      5.38525     0.145513
           50      14.2914      15.0508     0.329344      6.69444      5.41144     0.144957
           51       15.128      15.0523     0.322825      4.79009      5.39925     0.142608
           52      16.6757      15.0835     0.318092       4.5323      5.38258     0.140829
           53      13.7009      15.0574     0.313121      6.22135      5.39841      0.13905
           54      15.2064      15.0602      0.30728      6.09371      5.41128     0.137057
           55      15.3791       15.066     0.301697      5.99926      5.42197     0.134966
           56      15.2665      15.0696     0.296282      5.77554      5.42829     0.132684
           57      17.3866      15.1102     0.293863      6.00509      5.43841     0.130728
           58      16.1649      15.1284     0.289324      5.97947      5.44774     0.128792
           59      19.4116       15.201     0.293498      5.54792      5.44943     0.126602
           60      16.7044       15.226     0.289651      5.56084      5.45129     0.124488
           61        12.87      15.1874     0.287469      4.62526      5.43775     0.123177
           62      14.5434       15.177     0.282985      4.22106      5.41813     0.122752
           63      19.4741      15.2452     0.286689      6.25434       5.4314     0.121515
           64       13.161      15.2127     0.284047       4.7943      5.42144     0.120015
           65      13.4446      15.1855     0.280963      5.00527      5.41504     0.118328
           66       13.991      15.1674     0.277265      5.61068      5.41801     0.116559
           67      16.7421      15.1909     0.274105      3.47206      5.38896     0.118423
           68      15.3188      15.1928      0.27005      5.79384      5.39492      0.11682
           69      18.7855      15.2448     0.271154      5.24369      5.39272     0.115135
           70      17.2642      15.2737     0.268804      6.15495      5.40361        0.114
           71      17.6985      15.3078     0.267183      4.97966      5.39764     0.112541
           72      15.3895       15.309     0.263449      4.52579      5.38553     0.111626
           73      13.9513      15.2904     0.260479      6.20753      5.39679     0.110661
           74      12.9607      15.2589     0.258857      6.26766      5.40856     0.109787
           75      14.1318      15.2439     0.255824      5.88889      5.41497     0.108503
           76      15.7524      15.2505     0.252524      4.59434      5.40417     0.107609
           77      17.8987      15.2849     0.251585      5.67747      5.40772     0.106261
           78      14.7092      15.2776     0.248448      7.13499      5.42986     0.107202
           79      15.9968      15.2867     0.245452      6.23654      5.44007     0.106328
           80      14.9775      15.2828     0.242395      5.67918      5.44306     0.105033
           81      19.4538      15.3343     0.244859      4.57965       5.4324     0.104275
           82      15.2135      15.3328     0.241859      4.57846      5.42199      0.10352
           83      13.3403      15.3088     0.240131      6.37941      5.43352     0.102914
           84      12.8697      15.2798     0.239025      5.02478      5.42866     0.101798
           85      15.2816      15.2798     0.236196      5.94624      5.43475     0.100777
           86      16.2383      15.2909       0.2337      4.64919      5.42561     0.100016
           87      13.6399       15.272     0.231776      5.85413      5.43054    0.0989827
           88      15.1646      15.2707      0.22913      4.87804      5.42426    0.0980526
           89      14.7515      15.2649     0.226616      4.54549      5.41439    0.0974462
           90      20.8481      15.3269     0.232513      4.12163      5.40002    0.0974221
           91      14.4865      15.3177     0.230129      5.72064      5.40355      0.09641
           92      11.7458      15.2789     0.230901      5.46979      5.40427     0.095359
           93      15.3287      15.2794     0.228405       6.2011      5.41283    0.0947164
           94      12.1895      15.2465     0.228341      4.92772      5.40767    0.0938454
           95      14.1241      15.2347     0.226233      6.11922      5.41516    0.0931539
           96      16.1541      15.2443     0.224069      5.09557      5.41183    0.0922385
           97      15.3014      15.2449     0.221748       4.6433      5.40391    0.0916258
           98      12.2113      15.2139     0.221646        6.979      5.41998    0.0920993
           99      13.9842      15.2015     0.219747      8.35366      5.44962    0.0958595
          100      14.4082      15.1936     0.217683      4.94864      5.44461    0.0950282
