#      	 GEN:      LENGTH:
            1      475.791
            2      457.423
            3      437.209
            4      424.885
            5      417.263
            6      410.429
            7      401.893
            8      395.657
            9      388.795
           10      382.491
           11       375.47
           12      367.974
           13      361.387
           14      355.827
           15      351.676
           16      347.309
           17      342.201
           18      336.971
           19      330.477
           20      323.787
           21      318.635
           22       314.07
           23      309.813
           24      305.042
           25      300.204
           26      296.533
           27       292.92
           28       290.91
           29      289.061
           30      286.254
           31      283.027
           32      279.611
           33       275.65
           34      270.878
           35      266.773
           36      263.895
           37      261.296
           38      258.213
           39      254.714
           40      252.939
           41      252.215
           42      251.283
           43      250.104
           44      248.771
           45        246.8
           46      244.924
           47      242.291
           48      239.403
           49      235.424
           50      232.774
           51      230.495
           52      229.126
           53      227.901
           54      226.838
           55      226.149
           56      225.779
           57      224.688
           58      223.411
           59      220.022
           60       216.42
           61      213.061
           62      210.641
           63      208.921
           64      207.559
           65      206.242
           66      205.337
           67      204.213
           68      202.837
           69      201.324
           70       199.24
           71      197.259
           72      195.597
           73        194.1
           74      193.118
           75      192.541
           76      191.808
           77      191.091
           78      190.019
           79      189.084
           80      187.324
           81      185.283
           82      183.313
           83      182.359
           84      181.852
           85      181.101
           86      180.419
           87       179.14
           88      178.183
           89      177.539
           90      176.735
           91      176.172
           92      175.561
           93      174.754
           94       173.62
           95      172.335
           96      170.821
           97      169.303
           98      168.167
           99       167.25
          100      166.258
          101      165.343
          102      163.859
          103      162.547
          104       160.97
          105      160.201
          106      159.306
          107      157.708
          108      156.325
          109      155.131
          110      153.896
          111      153.328
          112      152.958
          113      152.623
          114      152.204
          115      151.925
          116      151.554
          117      151.031
          118      150.313
          119      149.007
          120      147.912
          121       146.39
          122      145.391
          123      144.307
          124      143.311
          125      142.645
          126      141.805
          127      141.143
          128      140.607
          129      140.279
          130      139.816
          131       139.27
          132      138.603
          133      137.857
          134      137.044
          135      136.262
          136      135.539
          137      134.904
          138      134.133
          139      133.318
          140      132.587
          141       132.07
          142      131.691
          143      131.264
          144      130.924
          145      130.529
          146      130.276
          147      129.863
          148      129.365
          149       128.68
          150      127.952
          151      127.283
          152      126.551
          153      126.189
          154      125.927
          155      125.649
          156      125.071
          157      124.383
          158      124.012
          159      123.556
          160      123.101
          161      122.561
          162       121.87
          163      121.001
          164      120.085
          165       119.49
          166      119.055
          167      118.656
          168      118.183
          169      117.863
          170        117.6
          171      117.196
          172      116.605
          173      115.761
          174      114.659
          175      114.016
          176      113.499
          177        113.4
          178      113.257
          179      113.145
          180      112.869
          181      112.434
          182       111.87
          183      111.289
          184      110.811
          185      110.447
          186      109.932
          187      109.416
          188      108.864
          189      108.193
          190      107.573
          191      106.984
          192       106.48
          193      105.963
          194      105.604
          195      105.272
          196      104.912
          197       104.52
          198      103.921
          199      103.414
          200      103.414
          201      103.182
          202      102.993
          203      102.931
          204      102.798
          205      102.614
          206      102.405
          207      102.267
          208      102.185
          209      102.072
          210      101.879
          211      101.492
          212      101.149
          213      100.775
          214      100.474
          215      100.245
          216      100.172
          217      100.174
          218      100.169
          219      100.072
          220      99.8333
          221      99.4802
          222      99.1602
          223      98.8052
          224      98.3917
          225      98.0885
          226      97.7922
          227      97.5973
          228       97.419
          229        97.14
          230      96.9409
          231      96.7021
          232      96.5245
          233      96.2647
          234      96.0828
          235      95.7532
          236       95.394
          237      95.0562
          238      94.8327
          239       94.784
          240      94.7205
          241      94.5987
          242       94.505
          243      94.4286
          244      94.2379
          245      93.9153
          246      93.5092
          247      93.3109
          248      93.1313
          249      93.0162
          250      92.9613
          251      92.9084
          252      92.8722
          253      92.8328
          254      92.9356
          255       93.611
          256       93.742
          257      94.2104
          258      93.4437
          259      92.1402
          260      91.3256
          261      90.6477
          262      90.3027
          263      90.1537
          264      89.9994
          265      89.8695
          266      89.6705
          267      89.5245
          268      89.4683
          269      89.4255
          270      89.2805
          271      89.2777
          272       89.222
          273      89.1377
          274      88.9979
          275      88.8487
          276      88.7704
          277      88.6539
          278      88.5332
          279      88.3686
          280      88.2576
          281      88.2452
          282      88.2447
          283      88.2957
          284      88.2504
          285       88.065
          286       87.759
          287      87.5477
          288      87.3839
          289      87.3112
          290      87.2635
          291      87.1567
          292      86.9772
          293      86.7812
          294      86.6617
          295      86.6304
          296      86.6304
          297      86.6284
          298      86.5874
          299      86.4179
          300      86.1436
          301      85.8688
          302      85.7481
          303      85.5103
          304      85.3376
          305      85.1983
          306      85.0642
          307      84.8952
          308      84.7974
          309      84.7422
          310      84.7137
          311      84.8024
          312      84.7832
          313      84.8742
          314       85.009
          315      85.1472
          316      84.9833
          317      84.7983
          318      84.6761
          319      84.6231
          320      84.5605
          321      84.5267
          322      84.6798
          323      85.0711
          324      85.6671
          325      85.3526
          326      84.8867
          327       84.916
          328      84.2704
          329      84.0197
          330      83.5289
          331      82.9106
          332       82.538
          333      82.3939
          334      82.3391
          335      82.3237
          336      82.3073
          337      82.3055
          338      82.3011
          339      82.2909
          340      82.2762
          341      82.2582
          342      82.2472
          343       82.239
          344      82.2273
          345      82.2158
          346      82.2107
          347      82.2111
          348      82.1739
          349      82.1312
          350      82.0966
          351      82.0609
          352      81.9775
          353      81.8353
          354      81.6752
          355      81.5434
          356       81.443
          357      81.3549
          358        81.29
          359      81.2166
          360       81.176
          361      81.1472
          362      81.1418
          363      81.1128
          364      81.0771
          365      81.0294
          366       80.962
          367        80.89
          368      80.8361
          369      80.8034
          370      80.7979
          371      80.7979
          372      80.7979
          373       80.798
          374      80.8002
          375      80.8091
          376      80.8215
          377      80.8364
          378      80.8504
          379       80.859
          380       80.859
          381       80.859
          382       80.859
          383       80.859
          384       80.859
          385       80.859
          386       80.859
          387       80.859
          388      80.8579
          389       80.832
          390      80.7197
          391      80.6008
          392      80.4246
          393      80.3194
          394      80.3186
          395      80.3186
          396      80.3186
          397      80.3186
          398      80.3186
          399      80.3186
          400      80.3186
          401      80.3186
          402      80.3186
          403      80.3186
          404      80.3186
          405      80.3186
          406      80.3179
          407      80.3134
          408       80.292
          409      80.3988
          410      80.4814
          411      80.5944
          412      80.5674
          413      80.5604
          414      80.7374
          415      80.4997
          416      80.3971
          417       80.341
          418      80.0152
          419      79.8854
          420      79.8532
          421      79.8532
          422      79.8532
          423      79.8532
          424      79.8532
          425      79.8532
          426      79.8529
          427      79.8475
          428      79.8246
          429      79.7764
          430      79.7174
          431      79.8607
          432      80.0477
          433      79.8714
          434       79.536
          435      79.1762
          436      79.0215
          437      78.9661
          438      78.9076
          439      78.8813
          440      78.8636
          441      78.8539
          442      78.8546
          443      78.8479
          444      78.8239
          445      78.7936
          446      78.7279
          447      78.6442
          448      78.5742
          449      78.4814
          450      78.4248
          451      78.2937
          452      78.1788
          453      78.0813
          454      78.0135
          455      77.9886
          456      77.9886
          457      77.9886
          458      77.9886
          459      77.9886
          460      77.9886
          461      77.9883
          462      77.9829
          463        77.95
          464      77.8617
          465      77.7656
          466      77.6458
          467      77.5354
          468      77.4485
          469      77.3771
          470      77.3588
          471      77.3539
          472      77.3538
          473      77.3538
          474      77.3538
          475      77.3526
          476      77.3326
          477      77.2917
          478      77.2378
          479      77.1953
          480      77.1769
          481      77.1573
          482      77.0804
          483      76.9697
          484      76.9081
          485      76.8336
          486      76.8188
          487      76.8304
          488      76.8304
          489      76.8304
          490      76.8308
          491      76.8414
          492      76.8788
          493      76.9321
          494      76.9763
          495      77.0044
          496      77.0083
          497      77.0083
          498      77.0082
          499      77.0066
          500      77.0009
          501      76.9936
          502      76.9852
          503      76.9789
          504      76.9739
          505      76.9679
          506       76.963
          507      76.9597
          508      76.9597
          509      76.9597
          510      76.9597
          511      76.9597
          512      76.9597
          513      76.9597
          514      76.9597
          515      76.9597
          516      76.9597
          517      76.9596
          518      76.9584
          519       76.954
          520      76.9484
          521      76.9444
          522      76.9435
          523       76.942
          524       76.929
          525      76.9033
          526      76.8649
          527      76.7996
          528      76.6956
          529      76.6073
          530      76.5514
          531      76.5042
          532      76.5035
          533       76.493
          534      76.4498
          535      76.3684
          536       76.253
          537      76.0994
          538      75.9082
          539      75.7625
          540      75.6561
          541      75.5758
          542      75.5584
          543      75.5584
          544      75.5584
          545      75.5584
          546      75.5584
          547      75.5584
          548      75.5584
          549      75.5584
          550      75.5584
          551      75.5584
          552      75.5584
          553      75.5584
          554      75.5584
          555      75.5584
          556      75.5584
          557      75.5584
          558      75.5584
          559      75.5584
          560      75.5584
          561      75.5584
          562      75.5584
          563      75.5584
          564      75.5584
          565      75.5584
          566      75.5584
          567      75.5584
          568      75.5584
          569      75.5584
          570      75.5584
          571      75.5584
          572      75.5584
          573      75.5584
          574      75.5584
          575      75.5584
          576      75.5584
          577      75.5584
          578      75.5584
          579      75.5584
          580      75.5584
          581      75.5584
          582      75.5584
          583      75.5584
          584      75.5584
          585      75.5584
          586      75.5584
          587      75.5584
          588      75.5584
          589      75.5584
          590      75.5584
          591      75.5584
          592      75.5584
          593      75.5584
          594      75.5584
          595      75.5584
          596      75.5584
          597      75.5584
          598      75.5584
          599      75.5584
          600      75.5584
          601      75.5584
          602      75.5584
          603      75.5586
          604      75.5593
          605      75.5511
          606      75.5089
          607      75.4392
          608      75.3827
          609      75.3334
          610        75.33
          611        75.33
          612        75.33
          613        75.33
          614        75.33
          615        75.33
          616        75.33
          617        75.33
          618        75.33
          619        75.33
          620        75.33
          621        75.33
          622        75.33
          623        75.33
          624        75.33
          625        75.33
          626        75.33
          627        75.33
          628        75.33
          629        75.33
          630        75.33
          631        75.33
          632        75.33
          633        75.33
          634        75.33
          635        75.33
          636        75.33
          637        75.33
          638        75.33
          639        75.33
          640        75.33
          641        75.33
          642        75.33
          643        75.33
          644        75.33
          645        75.33
          646        75.33
          647        75.33
          648        75.33
          649        75.33
          650        75.33
          651        75.33
          652        75.33
          653        75.33
          654        75.33
          655        75.33
          656        75.33
          657        75.33
          658        75.33
          659        75.33
          660        75.33
          661        75.33
          662        75.33
          663        75.33
          664        75.33
          665        75.33
          666        75.33
          667        75.33
          668        75.33
          669        75.33
          670        75.33
          671        75.33
          672        75.33
          673        75.33
          674        75.33
          675        75.33
          676        75.33
          677        75.33
          678        75.33
          679        75.33
          680        75.33
          681        75.33
          682        75.33
          683        75.33
          684        75.33
          685        75.33
          686        75.33
          687        75.33
          688        75.33
          689        75.33
          690        75.33
          691        75.33
          692        75.33
          693        75.33
          694        75.33
          695        75.33
          696        75.33
          697        75.33
          698        75.33
          699        75.33
          700        75.33
          701        75.33
          702        75.33
          703        75.33
          704        75.33
          705        75.33
          706        75.33
          707        75.33
          708        75.33
          709        75.33
          710        75.33
          711        75.33
          712        75.33
          713        75.33
          714        75.33
          715        75.33
          716      75.3594
          717      75.6227
          718      76.2783
          719      77.3233
          720      77.1333
          721      76.4852
          722      75.8808
          723      75.4297
          724      75.2539
          725      75.2345
          726      75.2315
          727      75.2302
          728      75.1958
          729      75.0716
          730      74.8769
          731      74.6592
          732      74.5708
          733      74.5708
          734      74.5708
          735      74.5708
          736      74.5708
          737      74.5708
          738      74.5708
          739      74.5708
          740      74.5708
          741      74.5707
          742      74.5656
          743      74.5486
          744      74.5227
          745      74.5009
          746      74.4845
          747      74.4845
          748      74.4845
          749      74.4845
          750      74.4845
          751      74.4845
          752      74.4845
          753      74.4845
          754      74.4845
          755      74.4845
          756      74.4845
          757      74.4845
          758      74.4845
          759      74.4845
          760      74.4845
          761      74.4845
          762      74.4845
          763      74.4845
          764      74.4845
          765      74.4845
          766      74.4845
          767      74.4845
          768      74.4845
          769      74.4843
          770      74.4798
          771      74.4631
          772      74.4306
          773       74.401
          774      74.3717
          775      74.3585
          776      74.3585
          777      74.3585
          778      74.3585
          779      74.3585
          780      74.3585
          781      74.3585
          782      74.3585
          783      74.3585
          784      74.3585
          785      74.3585
          786      74.3585
          787      74.3585
          788      74.3585
          789      74.3585
          790      74.3585
          791      74.3585
          792      74.3584
          793      74.3567
          794      74.3489
          795      74.3367
          796      74.3244
          797      74.3154
          798      74.3128
          799      74.3128
          800      74.3128
          801      74.3128
          802      74.3128
          803      74.3128
          804      74.3128
          805      74.3128
          806      74.3128
          807      74.3128
          808      74.3128
          809      74.3128
          810      74.3128
          811      74.3128
          812      74.3128
          813      74.3128
          814      74.3128
          815      74.3128
          816      74.3128
          817      74.3128
          818      74.3128
          819      74.3128
          820      74.3128
          821      74.3128
          822      74.3128
          823      74.3128
          824      74.3128
          825      74.3128
          826      74.3128
          827      74.3128
          828      74.3118
          829      74.2933
          830       74.213
          831      74.0662
          832      73.9328
          833       73.846
          834      73.8253
          835      73.8253
          836      73.8253
          837      73.8253
          838      73.8253
          839      73.8253
          840      73.8253
          841      73.8253
          842      73.8253
          843      73.8253
          844      73.8253
          845      73.8253
          846      73.8253
          847      73.8253
          848      73.8253
          849      73.8253
          850      73.8253
          851      73.8253
          852      73.8253
          853      73.8253
          854      73.8253
          855      73.8253
          856      73.8253
          857      73.8253
          858      73.8253
          859      73.8253
          860      73.8253
          861      73.8253
          862      73.8253
          863      73.8253
          864      73.8253
          865      73.8253
          866      73.8253
          867      73.8253
          868      73.8253
          869      73.8253
          870      73.8253
          871      73.8253
          872      73.8253
          873      73.8253
          874      73.8232
          875      73.7679
          876      73.5604
          877      73.2465
          878      72.9623
          879       72.764
          880      72.6668
          881      72.6392
          882      72.6347
          883      72.6347
          884      72.6347
          885      72.6347
          886      72.6347
          887      72.6347
          888      72.6347
          889      72.6347
          890      72.6347
          891      72.6347
          892      72.6347
          893      72.6347
          894      72.6347
          895      72.6347
          896      72.6347
          897      72.6347
          898      72.6347
          899      72.6347
          900      72.6347
          901      72.6347
          902      72.6347
          903      72.6347
          904      72.6347
          905      72.6347
          906      72.6347
          907      72.6347
          908      72.6347
          909      72.6347
          910      72.6347
          911      72.6347
          912      72.6347
          913      72.6347
          914      72.6349
          915      72.6357
          916      72.6371
          917      72.6381
          918      72.6387
          919      72.6387
          920      72.6387
          921      72.6387
          922      72.6387
          923      72.6387
          924      72.6387
          925      72.6387
          926      72.6387
          927      72.6387
          928      72.6387
          929      72.6387
          930      72.6387
          931      72.6387
          932      72.6387
          933      72.6387
          934      72.6387
          935      72.6387
          936      72.6387
          937      72.6387
          938      72.6387
          939      72.6387
          940      72.6387
          941      72.6387
          942      72.6387
          943      72.6387
          944      72.6387
          945      72.6387
          946      72.6387
          947      72.6387
          948      72.6387
          949      72.6387
          950      72.6387
          951      72.6387
          952      72.6387
          953      72.6387
          954      72.6387
          955      72.6387
          956      72.6387
          957      72.6387
          958      72.6387
          959      72.6387
          960      72.6387
          961      72.6387
          962      72.6387
          963      72.6387
          964      72.6387
          965      72.6387
          966      72.6387
          967      72.6387
          968      72.6387
          969      72.6387
          970      72.6387
          971      72.6387
          972      72.6387
          973      72.6387
          974      72.6387
          975      72.6381
          976      72.6248
          977      72.5766
          978      72.4897
          979       72.381
          980      72.3238
          981      72.3238
          982      72.3238
          983      72.3238
          984      72.3238
          985      72.3238
          986      72.3238
          987      72.3238
          988      72.3238
          989      72.3238
          990      72.3238
          991      72.3238
          992      72.3238
          993      72.3238
          994      72.3238
          995      72.3238
          996      72.3238
          997      72.3238
          998      72.3238
          999      72.3238
         1000      72.3238
         1001      72.3238
         1002      72.3238
         1003      72.3238
         1004      72.3238
         1005      72.3238
         1006      72.3238
         1007      72.3238
         1008      72.3238
         1009      72.3238
         1010      72.3238
         1011      72.3238
         1012      72.3238
         1013      72.3238
         1014      72.3238
         1015      72.3238
         1016      72.3238
         1017      72.3238
         1018      72.3238
         1019      72.3238
         1020      72.3238
         1021      72.3238
         1022      72.3238
         1023      72.3238
         1024      72.3238
         1025      72.3238
         1026      72.3238
         1027      72.3238
         1028      72.3238
         1029      72.3238
         1030      72.3238
         1031      72.3238
         1032      72.3238
         1033      72.3238
         1034      72.3238
         1035      72.3238
         1036      72.3238
         1037      72.3238
         1038      72.3238
         1039      72.3238
         1040      72.3238
         1041      72.3238
         1042      72.3238
         1043      72.3238
         1044      72.3238
         1045      72.3238
         1046      72.3238
         1047      72.3238
         1048      72.3238
         1049      72.3238
         1050      72.3238
         1051      72.3238
         1052      72.3238
         1053      72.3238
         1054      72.3238
         1055      72.3238
         1056      72.3238
         1057      72.3238
         1058      72.3238
         1059      72.3238
         1060      72.3238
         1061      72.3238
         1062      72.3238
         1063      72.3238
         1064      72.3238
         1065      72.3238
         1066      72.3238
         1067      72.3238
         1068      72.3238
         1069      72.3238
         1070      72.3238
         1071      72.3238
         1072      72.3238
         1073      72.3238
         1074      72.3238
         1075      72.3238
         1076      72.3238
         1077      72.3238
         1078      72.3238
         1079      72.3238
         1080      72.3238
         1081      72.3238
         1082      72.3238
         1083      72.3238
         1084      72.3238
         1085      72.3238
         1086      72.3238
         1087      72.3238
         1088      72.3238
         1089      72.3238
         1090      72.3238
         1091      72.3238
         1092      72.3238
         1093      72.3238
         1094      72.3238
         1095      72.3238
         1096      72.3238
         1097      72.3238
         1098      72.3238
         1099      72.3238
         1100      72.3238
         1101      72.3238
         1102      72.3238
         1103      72.3238
         1104      72.3238
         1105      72.3238
         1106      72.3238
         1107      72.3238
         1108      72.3238
         1109      72.3238
         1110      72.3238
         1111      72.3238
         1112      72.3238
         1113      72.3238
         1114      72.3238
         1115      72.3238
         1116      72.3238
         1117      72.3238
         1118      72.3238
         1119      72.3238
         1120      72.3238
         1121      72.3238
         1122      72.3238
         1123      72.3238
         1124      72.3238
         1125      72.3238
         1126      72.3238
         1127      72.3238
         1128      72.3238
         1129      72.3238
         1130      72.3238
         1131      72.3238
         1132      72.3238
         1133      72.3238
         1134      72.3238
         1135      72.3238
         1136      72.3238
         1137      72.3238
         1138      72.3238
         1139      72.3238
         1140      72.3238
         1141      72.3238
         1142      72.3238
         1143      72.3238
         1144      72.3238
         1145      72.3238
         1146      72.3238
         1147      72.3238
         1148      72.3238
         1149      72.3238
         1150      72.3238
         1151      72.3238
         1152      72.3238
         1153      72.3238
         1154      72.3238
         1155      72.3238
         1156      72.3238
         1157      72.3238
         1158      72.3238
         1159      72.3238
         1160      72.3238
         1161      72.3238
         1162      72.3238
         1163      72.3238
         1164      72.3238
         1165      72.3238
         1166      72.3238
         1167      72.3238
         1168      72.3238
         1169      72.3238
         1170      72.3238
         1171      72.3238
         1172      72.3238
         1173      72.3238
         1174      72.3238
         1175      72.3238
         1176      72.3238
         1177      72.3238
         1178      72.3238
         1179      72.3238
         1180      72.3238
         1181      72.3238
         1182      72.3238
         1183      72.3238
         1184      72.3238
         1185      72.3238
         1186      72.3238
         1187      72.3238
         1188      72.3238
         1189      72.3238
         1190      72.3238
         1191      72.3238
         1192      72.3238
         1193      72.3238
         1194      72.3238
         1195      72.3238
         1196      72.3238
         1197      72.3238
         1198      72.3238
         1199      72.3238
         1200      72.3238
         1201      72.3238
         1202      72.3238
         1203      72.3238
         1204      72.3238
         1205      72.3238
         1206      72.3238
         1207      72.3238
         1208      72.3238
         1209      72.3238
         1210      72.3238
         1211      72.3238
         1212      72.3238
         1213      72.3238
         1214      72.3238
         1215      72.3238
         1216      72.3238
         1217      72.3238
         1218      72.3238
         1219      72.3238
         1220      72.3238
         1221      72.3238
         1222      72.3238
         1223      72.3238
         1224      72.3238
         1225      72.3238
         1226      72.3238
         1227      72.3238
         1228      72.3238
         1229      72.3238
         1230      72.3238
         1231      72.3238
         1232      72.3238
         1233      72.3238
         1234      72.3238
         1235      72.3238
         1236      72.3238
         1237      72.3238
         1238      72.3238
         1239      72.3238
         1240      72.3238
         1241      72.3238
         1242      72.3238
         1243      72.3238
         1244      72.3238
         1245      72.3238
         1246      72.3238
         1247      72.3238
         1248      72.3238
         1249      72.3238
         1250      72.3238
         1251      72.3238
         1252      72.3238
         1253      72.3238
         1254      72.3238
         1255      72.3238
         1256      72.3238
         1257      72.3238
         1258      72.3238
         1259      72.3238
         1260      72.3238
         1261      72.3238
         1262      72.3238
         1263      72.3238
         1264      72.3238
         1265      72.3238
         1266      72.3238
         1267      72.3238
         1268      72.3238
         1269      72.3238
         1270      72.3238
         1271      72.3238
         1272      72.3238
         1273      72.3238
         1274      72.3238
         1275      72.3238
         1276      72.3238
         1277      72.3238
         1278      72.3238
         1279      72.3238
         1280      72.3238
         1281      72.3238
         1282      72.3238
         1283      72.3238
         1284      72.3238
         1285      72.3238
         1286      72.3238
         1287      72.3238
         1288      72.3238
         1289      72.3238
         1290      72.3238
         1291      72.3238
         1292      72.3238
         1293      72.3238
         1294      72.3238
         1295      72.3238
         1296      72.3238
         1297      72.3238
         1298      72.3238
         1299      72.3238
         1300      72.3238
         1301      72.3238
         1302      72.3238
         1303      72.3238
         1304      72.3238
         1305      72.3238
         1306      72.3238
         1307      72.3238
         1308      72.3238
         1309      72.3238
         1310      72.3238
         1311      72.3238
         1312      72.3238
         1313      72.3238
         1314      72.3238
         1315      72.3238
         1316      72.3238
         1317      72.3238
         1318      72.3238
         1319      72.3238
         1320      72.3238
         1321      72.3238
         1322      72.3238
         1323      72.3238
         1324      72.3238
         1325      72.3238
         1326      72.3238
         1327      72.3238
         1328      72.3238
         1329      72.3238
         1330      72.3238
         1331      72.3238
         1332      72.3238
         1333      72.3238
         1334      72.3238
         1335      72.3238
         1336      72.3238
         1337      72.3238
         1338      72.3238
         1339      72.3238
         1340      72.3238
         1341      72.3238
         1342      72.3238
         1343      72.3238
         1344      72.3238
         1345      72.3238
         1346      72.3238
         1347      72.3238
         1348      72.3238
         1349      72.3238
         1350      72.3238
         1351      72.3238
         1352      72.3238
         1353      72.3238
         1354      72.3238
         1355      72.3238
         1356      72.3238
         1357      72.3238
         1358      72.3238
         1359      72.3238
         1360      72.3238
         1361      72.3238
         1362      72.3238
         1363      72.3238
         1364      72.3238
         1365      72.3238
         1366      72.3238
         1367      72.3238
         1368      72.3238
         1369      72.3238
         1370      72.3238
         1371      72.3238
         1372      72.3238
         1373      72.3238
         1374      72.3238
         1375      72.3238
         1376      72.3238
         1377      72.3238
         1378      72.3238
         1379      72.3238
         1380      72.3238
         1381      72.3238
         1382      72.3238
         1383      72.3238
         1384      72.3238
         1385      72.3238
         1386      72.3238
         1387      72.3238
         1388      72.3238
         1389      72.3238
         1390      72.3238
         1391      72.3238
         1392      72.3238
         1393      72.3238
         1394      72.3238
         1395      72.3238
         1396      72.3238
         1397      72.3238
         1398      72.3238
         1399      72.3238
         1400      72.3238
         1401      72.3238
         1402      72.3238
         1403      72.3238
         1404      72.3238
         1405      72.3238
         1406      72.3238
         1407      72.3238
         1408      72.3238
         1409      72.3238
         1410      72.3238
         1411      72.3238
         1412      72.3238
         1413      72.3238
         1414      72.3238
         1415      72.3238
         1416      72.3238
         1417      72.3238
         1418      72.3238
         1419      72.3238
         1420      72.3238
         1421      72.3238
         1422      72.3238
         1423      72.3238
         1424      72.3238
         1425      72.3238
         1426      72.3238
         1427      72.3238
         1428      72.3238
         1429      72.3238
         1430      72.3238
         1431      72.3238
         1432      72.3238
         1433      72.3238
         1434      72.3238
         1435      72.3238
         1436      72.3238
         1437      72.3238
         1438      72.3238
         1439      72.3238
         1440      72.3238
         1441      72.3238
         1442      72.3238
         1443      72.3238
         1444      72.3238
         1445      72.3238
         1446      72.3238
         1447      72.3238
         1448      72.3238
         1449      72.3238
         1450      72.3238
         1451      72.3238
         1452      72.3238
         1453      72.3238
         1454      72.3238
         1455      72.3238
         1456      72.3238
         1457      72.3235
         1458       72.316
         1459      72.2821
         1460      72.2326
         1461      72.1985
         1462      72.1878
         1463      72.1791
         1464      72.1791
         1465      72.1791
         1466      72.1791
         1467      72.1791
         1468      72.1791
         1469      72.1791
         1470      72.1791
         1471      72.1791
         1472      72.1791
         1473      72.1791
         1474      72.1791
         1475      72.1791
         1476      72.1791
         1477      72.1791
         1478      72.1791
         1479      72.1791
         1480      72.1791
         1481      72.1791
         1482      72.1791
         1483      72.1791
         1484      72.1791
         1485      72.1791
         1486      72.1791
         1487      72.1791
         1488      72.1783
         1489      72.1599
         1490      72.0861
         1491      72.0026
         1492      71.8934
         1493      71.8008
         1494      71.7616
         1495      71.7616
         1496      71.7616
         1497      71.7616
         1498      71.7616
         1499      71.7616
         1500      71.7616
         1501      71.7616
         1502      71.7616
         1503      71.7616
         1504      71.7616
         1505      71.7616
         1506      71.7616
         1507      71.7616
         1508      71.7616
         1509      71.7616
         1510      71.7616
         1511      71.7616
         1512      71.7616
         1513      71.7616
         1514      71.7616
         1515      71.7616
         1516      71.7616
         1517      71.7616
         1518      71.7616
         1519      71.7616
         1520      71.7616
         1521      71.7616
         1522      71.7616
         1523      71.7616
         1524      71.7616
         1525      71.7616
         1526      71.7616
         1527      71.7616
         1528      71.7616
         1529      71.7616
         1530      71.7616
         1531      71.7616
         1532      71.7616
         1533      71.7616
         1534      71.7616
         1535      71.7616
         1536      71.7616
         1537      71.7616
         1538      71.7616
         1539      71.7616
         1540      71.7616
         1541      71.7616
         1542      71.7616
         1543      71.7616
         1544      71.7616
         1545      71.7616
         1546      71.7616
         1547      71.7616
         1548      71.7616
         1549      71.7616
         1550      71.7616
         1551      71.7616
         1552      71.7616
         1553      71.7616
         1554      71.7616
         1555      71.7616
         1556      71.7616
         1557      71.7616
         1558      71.7616
         1559      71.7616
         1560      71.7616
         1561      71.7616
         1562      71.7616
         1563      71.7616
         1564      71.7616
         1565      71.7616
         1566      71.7616
         1567      71.7616
         1568      71.7616
         1569      71.7616
         1570      71.7616
         1571      71.7616
         1572      71.7616
         1573      71.7616
         1574      71.7616
         1575      71.7616
         1576      71.7616
         1577      71.7616
         1578      71.7616
         1579      71.7616
         1580      71.7616
         1581      71.7616
         1582      71.7616
         1583      71.7616
         1584      71.7616
         1585      71.7616
         1586      71.7616
         1587      71.7616
         1588      71.7616
         1589      71.7616
         1590      71.7616
         1591      71.7616
         1592      71.7616
         1593      71.7616
         1594      71.7616
         1595      71.7616
         1596      71.7616
         1597      71.7616
         1598      71.7616
         1599      71.7616
         1600      71.7616
         1601      71.7616
         1602      71.7616
         1603      71.7616
         1604      71.7616
         1605      71.7616
         1606      71.7616
         1607      71.7616
         1608      71.7616
         1609      71.7616
         1610      71.7616
         1611      71.7616
         1612      71.7616
         1613      71.7616
         1614      71.7616
         1615      71.7616
         1616      71.7616
         1617      71.7616
         1618      71.7616
         1619      71.7616
         1620      71.7616
         1621      71.7616
         1622      71.7616
         1623      71.7616
         1624      71.7616
         1625      71.7616
         1626      71.7616
         1627      71.7616
         1628      71.7616
         1629      71.7616
         1630      71.7616
         1631      71.7616
         1632      71.7616
         1633      71.7616
         1634      71.7616
         1635      71.7616
         1636      71.7616
         1637      71.7616
         1638      71.7616
         1639      71.7616
         1640      71.7616
         1641      71.7616
         1642      71.7616
         1643      71.7616
         1644      71.7616
         1645      71.7616
         1646      71.7616
         1647      71.7616
         1648      71.7616
         1649      71.7616
         1650      71.7616
         1651      71.7616
         1652      71.7616
         1653      71.7616
         1654      71.7616
         1655      71.7616
         1656      71.7616
         1657      71.7616
         1658      71.7616
         1659      71.7616
         1660      71.7616
         1661      71.7616
         1662      71.7616
         1663      71.7616
         1664      71.7616
         1665      71.7616
         1666      71.7616
         1667      71.7616
         1668      71.7616
         1669      71.7616
         1670      71.7616
         1671      71.7616
         1672      71.7616
         1673      71.7616
         1674      71.7616
         1675      71.7616
         1676      71.7616
         1677      71.7616
         1678      71.7616
         1679      71.7616
         1680      71.7616
         1681      71.7616
         1682      71.7616
         1683      71.7616
         1684      71.7616
         1685      71.7616
         1686      71.7616
         1687      71.7616
         1688      71.7616
         1689      71.7616
         1690      71.7616
         1691      71.7616
         1692      71.7616
         1693      71.7616
         1694      71.7616
         1695      71.7616
         1696      71.7616
         1697      71.7616
         1698      71.7616
         1699      71.7616
         1700      71.7616
         1701      71.7616
         1702      71.7616
         1703      71.7616
         1704      71.7616
         1705      71.7616
         1706      71.7616
         1707      71.7616
         1708      71.7616
         1709      71.7616
         1710      71.7616
         1711      71.7616
         1712      71.7616
         1713      71.7616
         1714      71.7616
         1715      71.7616
         1716      71.7616
         1717      71.7616
         1718      71.7616
         1719      71.7616
         1720      71.7616
         1721      71.7616
         1722      71.7616
         1723      71.7616
         1724      71.7616
         1725      71.7616
         1726      71.7616
         1727      71.7616
         1728      71.7616
         1729      71.7616
         1730      71.7616
         1731      71.7616
         1732      71.7616
         1733      71.7616
         1734      71.7616
         1735      71.7616
         1736      71.7616
         1737      71.7616
         1738      71.7616
         1739      71.7616
         1740      71.7616
         1741      71.7616
         1742      71.7616
         1743      71.7616
         1744      71.7616
         1745      71.7616
         1746      71.7616
         1747      71.7616
         1748      71.7616
         1749      71.7616
         1750      71.7616
         1751      71.7616
         1752      71.7616
         1753      71.7616
         1754      71.7616
         1755      71.7616
         1756      71.7616
         1757      71.7616
         1758      71.7616
         1759      71.7616
         1760      71.7616
         1761      71.7616
         1762      71.7616
         1763      71.7616
         1764      71.7616
         1765      71.7616
         1766      71.7616
         1767      71.7616
         1768      71.7616
         1769      71.7616
         1770      71.7616
         1771      71.7616
         1772      71.7616
         1773      71.7616
         1774      71.7616
         1775      71.7616
         1776      71.7616
         1777      71.7616
         1778      71.7616
         1779      71.7616
         1780      71.7616
         1781      71.7616
         1782      71.7616
         1783      71.7616
         1784      71.7616
         1785      71.7616
         1786      71.7616
         1787      71.7616
         1788      71.7618
         1789      71.7647
         1790      71.7777
         1791       71.802
         1792      71.8179
         1793      71.8327
         1794      71.8389
         1795      71.8389
         1796      71.8389
         1797      71.8389
         1798      71.8389
         1799      71.8389
         1800      71.8389
         1801      71.8389
         1802      71.8389
         1803      71.8389
         1804      71.8389
         1805      71.8389
         1806      71.8389
         1807      71.8389
         1808      71.8389
         1809      71.8389
         1810      71.8389
         1811      71.8389
         1812      71.8389
         1813      71.8389
         1814      71.8389
         1815      71.8389
         1816      71.8389
         1817      71.8389
         1818      71.8389
         1819      71.8389
         1820      71.8389
         1821      71.8389
         1822      71.8389
         1823      71.8389
         1824      71.8389
         1825      71.8389
         1826      71.8389
         1827      71.8389
         1828      71.8389
         1829      71.8389
         1830      71.8389
         1831      71.8389
         1832      71.8389
         1833      71.8389
         1834      71.8389
         1835      71.8389
         1836      71.8389
         1837      71.8389
         1838      71.8389
         1839      71.8389
         1840      71.8389
         1841      71.8389
         1842      71.8389
         1843      71.8389
         1844      71.8389
         1845      71.8389
         1846      71.8389
         1847      71.8389
         1848      71.8389
         1849      71.8389
         1850      71.8389
         1851      71.8389
         1852      71.8389
         1853      71.8389
         1854      71.8389
         1855      71.8389
         1856      71.8389
         1857      71.8389
         1858      71.8389
         1859      71.8389
         1860      71.8389
         1861      71.8389
         1862      71.8389
         1863      71.8389
         1864      71.8389
         1865      71.8389
         1866      71.8389
         1867      71.8389
         1868      71.8389
         1869      71.8389
         1870      71.8389
         1871      71.8389
         1872      71.8389
         1873      71.8389
         1874      71.8389
         1875      71.8389
         1876      71.8389
         1877      71.8389
         1878      71.8389
         1879      71.8389
         1880      71.8389
         1881      71.8389
         1882      71.8389
         1883      71.8389
         1884      71.8389
         1885      71.8389
         1886      71.8389
         1887      71.8389
         1888      71.8389
         1889      71.8389
         1890      71.8389
         1891      71.8389
         1892      71.8389
         1893      71.8389
         1894      71.8389
         1895      71.8389
         1896      71.8389
         1897      71.8389
         1898      71.8389
         1899      71.8389
         1900      71.8389
         1901      71.8389
         1902      71.8389
         1903      71.8389
         1904      71.8389
         1905      71.8389
         1906      71.8389
         1907      71.8389
         1908      71.8389
         1909      71.8389
         1910      71.8389
         1911      71.8389
         1912      71.8389
         1913      71.8389
         1914      71.8389
         1915      71.8389
         1916      71.8389
         1917      71.8389
         1918      71.8389
         1919      71.8389
         1920      71.8389
         1921      71.8389
         1922      71.8389
         1923      71.8389
         1924      71.8389
         1925      71.8389
         1926      71.8389
         1927      71.8389
         1928      71.8389
         1929      71.8389
         1930      71.8389
         1931      71.8389
         1932      71.8389
         1933      71.8389
         1934      71.8389
         1935      71.8389
         1936      71.8389
         1937      71.8389
         1938      71.8389
         1939      71.8389
         1940      71.8389
         1941      71.8389
         1942      71.8389
         1943      71.8389
         1944      71.8389
         1945      71.8389
         1946      71.8389
         1947      71.8389
         1948      71.8389
         1949      71.8389
         1950      71.8389
         1951      71.8389
         1952      71.8389
         1953      71.8389
         1954      71.8389
         1955      71.8389
         1956      71.8389
         1957      71.8389
         1958      71.8389
         1959      71.8389
         1960      71.8389
         1961      71.8389
         1962      71.8389
         1963      71.8389
         1964      71.8389
         1965      71.8389
         1966      71.8389
         1967      71.8389
         1968      71.8389
         1969      71.8389
         1970      71.8389
         1971      71.8389
         1972      71.8389
         1973      71.8389
         1974      71.8389
         1975      71.8389
         1976      71.8389
         1977      71.8389
         1978      71.8389
         1979      71.8389
         1980      71.8389
         1981      71.8389
         1982      71.8389
         1983      71.8389
         1984      71.8389
         1985      71.8389
         1986      71.8389
         1987      71.8389
         1988      71.8389
         1989      71.8389
         1990      71.8389
         1991      71.8389
         1992      71.8389
         1993      71.8389
         1994      71.8389
         1995      71.8389
         1996      71.8389
         1997      71.8389
         1998      71.8389
         1999      71.8389
         2000      71.8389
