#     BLOCK:   ACTUAL_TE:    TE_AVE:      ERROR:
           1     -0.6096     -0.6096           0
           2     -0.6936     -0.6516   0.0296985
           3      -0.692   -0.665067   0.0226473
           4      -0.848     -0.7108   0.0430948
           5     -0.8488     -0.7384   0.0424027
           6     -0.8512     -0.7572   0.0392828
           7     -0.8536   -0.770971   0.0360041
           8     -0.8512      -0.781   0.0328706
           9     -0.8528   -0.788978   0.0301709
          10     -0.8528    -0.79536   0.0278206
          11      -0.848   -0.800145   0.0256998
          12      -0.848   -0.804133   0.0238655
          13     -0.8488   -0.807569   0.0222757
          14     -0.8552   -0.810971   0.0209427
          15     -0.8528    -0.81376   0.0197313
          16     -0.8552    -0.81635   0.0186673
          17     -0.8544   -0.818588   0.0177029
          18      -0.852   -0.820444   0.0168165
          19     -0.8512   -0.822063   0.0160091
          20     -0.8528     -0.8236   0.0152823
          21     -0.8536   -0.825029   0.0146211
          22     -0.8536   -0.826327   0.0140141
          23     -0.9352   -0.831061   0.0141817
          24      -0.936   -0.835433   0.0142489
          25     -0.9368   -0.839488   0.0142442
          26     -0.9368   -0.843231   0.0141795
          27     -0.9376   -0.846726   0.0140785
          28     -0.9392   -0.850029   0.0139577
          29       -1.02    -0.85589   0.0146555
          30       -1.02    -0.86136   0.0151535
          31       -1.02   -0.866477   0.0155047
          32       -1.02   -0.871275    0.015745
          33       -1.02   -0.875782   0.0158998
          34       -1.02   -0.880024   0.0159879
          35       -1.02   -0.884023   0.0160235
          36       -1.02     -0.8878   0.0160174
          37       -1.02   -0.891373   0.0159781
          38       -1.02   -0.894758   0.0159121
          39       -1.02   -0.897969   0.0158248
          40       -1.02    -0.90102   0.0157205
          41       -1.02   -0.903922   0.0156027
          42     -0.9392   -0.904762   0.0152538
          43     -0.9376   -0.905526   0.0149181
          44     -0.9384   -0.906273   0.0145978
          45     -0.9368   -0.906951   0.0142891
          46     -0.9392   -0.907652   0.0139957
          47       -1.02   -0.910043   0.0139005
          48       -1.02   -0.912333   0.0137984
          49       -1.02   -0.914531   0.0136906
          50       -1.02    -0.91664   0.0135784
          51       -1.02   -0.918667   0.0134625
          52       -1.02   -0.920615   0.0133439
          53       -1.02   -0.922491   0.0132232
          54       -1.02   -0.924296   0.0131011
          55       -1.02   -0.926036   0.0129779
          56       -1.02   -0.927714   0.0128542
          57       -1.02   -0.929333   0.0127302
          58       -1.02   -0.930897   0.0126064
          59       -1.02   -0.932407   0.0124828
          60       -1.02   -0.933867   0.0123598
          61     -0.9384   -0.933941   0.0121574
          62      -0.936   -0.933974   0.0119614
          63     -0.9368   -0.934019   0.0117716
          64     -0.9376   -0.934075   0.0115878
          65     -0.9368   -0.934117   0.0114096
          66     -0.9368   -0.934158   0.0112368
          67       -1.02   -0.935439   0.0111419
          68       -1.02   -0.936682   0.0110472
          69       -1.02    -0.93789   0.0109529
          70       -1.02   -0.939063   0.0108591
          71       -1.02   -0.940203   0.0107658
          72       -1.02   -0.941311   0.0106732
          73       -1.02   -0.942389   0.0105813
          74       -1.02   -0.943438   0.0104901
          75       -1.02   -0.944459   0.0103998
          76       -1.02   -0.945453   0.0103104
          77       -1.02   -0.946421   0.0102218
          78       -1.02   -0.947364   0.0101342
          79       -1.02   -0.948284   0.0100475
          80       -1.02    -0.94918  0.00996186
          81       -1.02   -0.950054  0.00987716
          82       -1.02   -0.950907  0.00979347
          83       -1.02    -0.95174   0.0097108
          84       -1.02   -0.952552  0.00962913
          85       -1.02   -0.953346  0.00954849
          86       -1.02   -0.954121  0.00946886
          87       -1.02   -0.954878  0.00939025
          88       -1.02   -0.955618  0.00931266
          89       -1.02   -0.956342  0.00923608
          90       -1.02   -0.957049   0.0091605
          91       -1.02   -0.957741  0.00908591
          92       -1.02   -0.958417  0.00901232
          93       -1.02    -0.95908  0.00893971
          94       -1.02   -0.959728  0.00886807
          95       -1.02   -0.960362  0.00879738
          96       -1.02   -0.960983  0.00872765
          97       -1.02   -0.961592  0.00865886
          98       -1.02   -0.962188  0.00859099
          99       -1.02   -0.962772  0.00852403
         100       -1.02   -0.963344  0.00845798
         101       -1.02   -0.963905  0.00839282
         102       -1.02   -0.964455  0.00832854
         103       -1.02   -0.964994  0.00826512
         104       -1.02   -0.965523  0.00820255
         105       -1.02   -0.966042  0.00814082
         106       -1.02   -0.966551  0.00807992
         107       -1.02    -0.96705  0.00801983
         108       -1.02   -0.967541  0.00796055
         109       -1.02   -0.968022  0.00790205
         110       -1.02   -0.968495  0.00784433
         111       -1.02   -0.968959  0.00778737
         112       -1.02   -0.969414  0.00773117
         113       -1.02   -0.969862   0.0076757
         114       -1.02   -0.970302  0.00762096
         115       -1.02   -0.970734  0.00756693
         116       -1.02   -0.971159  0.00751361
         117       -1.02   -0.971576  0.00746098
         118       -1.02   -0.971986  0.00740902
         119       -1.02    -0.97239  0.00735774
         120       -1.02   -0.972787  0.00730712
         121       -1.02   -0.973177  0.00725714
         122       -1.02   -0.973561  0.00720779
         123       -1.02   -0.973938  0.00715908
         124       -1.02    -0.97431  0.00711097
         125       -1.02   -0.974675  0.00706347
         126       -1.02   -0.975035  0.00701657
         127       -1.02   -0.975389  0.00697025
         128       -1.02   -0.975737   0.0069245
         129       -1.02   -0.976081  0.00687932
         130       -1.02   -0.976418  0.00683469
         131       -1.02   -0.976751  0.00679061
         132       -1.02   -0.977079  0.00674706
         133       -1.02   -0.977402  0.00670405
         134       -1.02   -0.977719  0.00666155
         135       -1.02   -0.978033  0.00661956
         136       -1.02   -0.978341  0.00657808
         137       -1.02   -0.978645  0.00653709
         138       -1.02   -0.978945  0.00649658
         139       -1.02    -0.97924  0.00645656
         140       -1.02   -0.979531    0.006417
         141       -1.02   -0.979818   0.0063779
         142       -1.02   -0.980101  0.00633926
         143       -1.02    -0.98038  0.00630107
         144       -1.02   -0.980656  0.00626331
         145       -1.02   -0.980927  0.00622599
         146       -1.02   -0.981195   0.0061891
         147       -1.02   -0.981459  0.00615262
         148       -1.02   -0.981719  0.00611656
         149       -1.02   -0.981976   0.0060809
         150       -1.02   -0.982229  0.00604565
         151       -1.02   -0.982479  0.00601078
         152       -1.02   -0.982726   0.0059763
         153       -1.02    -0.98297  0.00594221
         154       -1.02    -0.98321  0.00590848
         155       -1.02   -0.983448  0.00587513
         156       -1.02   -0.983682  0.00584214
         157       -1.02   -0.983913  0.00580951
         158       -1.02   -0.984142  0.00577722
         159       -1.02   -0.984367  0.00574529
         160       -1.02    -0.98459   0.0057137
         161       -1.02    -0.98481  0.00568244
         162       -1.02   -0.985027  0.00565151
         163       -1.02   -0.985242  0.00562091
         164       -1.02   -0.985454  0.00559063
         165       -1.02   -0.985663  0.00556067
         166       -1.02    -0.98587  0.00553102
         167       -1.02   -0.986074  0.00550167
         168       -1.02   -0.986276  0.00547263
         169     -0.9384   -0.985993  0.00544757
         170     -0.9384   -0.985713  0.00542272
         171       -1.02   -0.985913  0.00539471
         172       -1.02   -0.986112  0.00536699
         173       -1.02   -0.986308  0.00533954
         174       -1.02   -0.986501  0.00531236
         175       -1.02   -0.986693  0.00528545
         176       -1.02   -0.986882  0.00525881
         177       -1.02   -0.987069  0.00523242
         178       -1.02   -0.987254   0.0052063
         179       -1.02   -0.987437  0.00518042
         180       -1.02   -0.987618   0.0051548
         181       -1.02   -0.987797  0.00512943
         182       -1.02   -0.987974  0.00510429
         183       -1.02   -0.988149   0.0050794
         184       -1.02   -0.988322  0.00505474
         185       -1.02   -0.988493  0.00503032
         186       -1.02   -0.988662  0.00500613
         187       -1.02    -0.98883  0.00498216
         188       -1.02   -0.988996  0.00495842
         189       -1.02    -0.98916   0.0049349
         190       -1.02   -0.989322  0.00491159
         191       -1.02   -0.989483   0.0048885
         192       -1.02   -0.989642  0.00486562
         193       -1.02   -0.989799  0.00484296
         194       -1.02   -0.989955  0.00482049
         195       -1.02   -0.990109  0.00479823
         196       -1.02   -0.990261  0.00477618
         197       -1.02   -0.990412  0.00475432
         198       -1.02   -0.990562  0.00473265
         199       -1.02    -0.99071  0.00471118
         200       -1.02   -0.990856   0.0046899
         201       -1.02   -0.991001  0.00466881
         202       -1.02   -0.991145   0.0046479
         203       -1.02   -0.991287  0.00462718
         204       -1.02   -0.991427  0.00460664
         205       -1.02   -0.991567  0.00458628
         206       -1.02   -0.991705  0.00456609
         207       -1.02   -0.991842  0.00454608
         208       -1.02   -0.991977  0.00452623
         209       -1.02   -0.992111  0.00450656
         210       -1.02   -0.992244  0.00448706
         211       -1.02   -0.992375  0.00446772
         212       -1.02   -0.992506  0.00444855
         213       -1.02   -0.992635  0.00442954
         214       -1.02   -0.992763  0.00441068
         215       -1.02   -0.992889  0.00439199
         216       -1.02   -0.993015  0.00437345
         217       -1.02   -0.993139  0.00435506
         218       -1.02   -0.993262  0.00433682
         219       -1.02   -0.993384  0.00431874
         220       -1.02   -0.993505   0.0043008
         221       -1.02   -0.993625  0.00428301
         222       -1.02   -0.993744  0.00426537
         223       -1.02   -0.993862  0.00424787
         224       -1.02   -0.993979   0.0042305
         225       -1.02   -0.994094  0.00421328
         226       -1.02   -0.994209   0.0041962
         227       -1.02   -0.994322  0.00417925
         228       -1.02   -0.994435  0.00416244
         229       -1.02   -0.994547  0.00414576
         230       -1.02   -0.994657  0.00412921
         231       -1.02   -0.994767  0.00411279
         232       -1.02   -0.994876   0.0040965
         233       -1.02   -0.994984  0.00408034
         234       -1.02   -0.995091   0.0040643
         235       -1.02   -0.995197  0.00404839
         236       -1.02   -0.995302   0.0040326
         237       -1.02   -0.995406  0.00401693
         238       -1.02   -0.995509  0.00400138
         239       -1.02   -0.995612  0.00398595
         240       -1.02   -0.995713  0.00397064
         241       -1.02   -0.995814  0.00395544
         242       -1.02   -0.995914  0.00394036
         243       -1.02   -0.996013  0.00392539
         244       -1.02   -0.996111  0.00391053
         245       -1.02   -0.996209  0.00389579
         246       -1.02   -0.996306  0.00388115
         247       -1.02   -0.996402  0.00386662
         248       -1.02   -0.996497   0.0038522
         249       -1.02   -0.996591  0.00383789
         250       -1.02   -0.996685  0.00382368
         251       -1.02   -0.996778  0.00380957
         252       -1.02    -0.99687  0.00379557
         253       -1.02   -0.996961  0.00378167
         254       -1.02   -0.997052  0.00376787
         255       -1.02   -0.997142  0.00375417
         256       -1.02   -0.997231  0.00374056
         257       -1.02    -0.99732  0.00372706
         258       -1.02   -0.997408  0.00371365
         259       -1.02   -0.997495  0.00370033
         260       -1.02   -0.997582  0.00368711
         261       -1.02   -0.997667  0.00367399
         262       -1.02   -0.997753  0.00366095
         263       -1.02   -0.997837  0.00364801
         264       -1.02   -0.997921  0.00363516
         265       -1.02   -0.998005   0.0036224
         266       -1.02   -0.998087  0.00360972
         267       -1.02   -0.998169  0.00359713
         268       -1.02   -0.998251  0.00358463
         269       -1.02   -0.998332  0.00357222
         270       -1.02   -0.998412  0.00355989
         271       -1.02   -0.998492  0.00354765
         272       -1.02   -0.998571  0.00353548
         273       -1.02   -0.998649  0.00352341
         274       -1.02   -0.998727  0.00351141
         275       -1.02   -0.998804  0.00349949
         276       -1.02   -0.998881  0.00348765
         277       -1.02   -0.998957   0.0034759
         278       -1.02   -0.999033  0.00346422
         279       -1.02   -0.999108  0.00345262
         280       -1.02   -0.999183  0.00344109
         281       -1.02   -0.999257  0.00342964
         282       -1.02    -0.99933  0.00341827
         283       -1.02   -0.999404  0.00340697
         284       -1.02   -0.999476  0.00339575
         285       -1.02   -0.999548   0.0033846
         286       -1.02    -0.99962  0.00337352
         287       -1.02   -0.999691  0.00336251
         288       -1.02   -0.999761  0.00335157
         289       -1.02   -0.999831  0.00334071
         290       -1.02   -0.999901  0.00332991
         291       -1.02    -0.99997  0.00331919
         292       -1.02    -1.00004  0.00330853
         293       -1.02    -1.00011  0.00329794
         294       -1.02    -1.00017  0.00328741
         295       -1.02    -1.00024  0.00327696
         296       -1.02    -1.00031  0.00326656
         297       -1.02    -1.00037  0.00325624
         298       -1.02    -1.00044  0.00324598
         299       -1.02    -1.00051  0.00323578
         300       -1.02    -1.00057  0.00322565
         301       -1.02    -1.00064  0.00321558
         302       -1.02     -1.0007  0.00320557
         303       -1.02    -1.00076  0.00319562
         304       -1.02    -1.00083  0.00318574
         305       -1.02    -1.00089  0.00317591
         306       -1.02    -1.00095  0.00316615
         307       -1.02    -1.00101  0.00315644
         308       -1.02    -1.00108   0.0031468
         309       -1.02    -1.00114  0.00313721
         310       -1.02     -1.0012  0.00312768
         311       -1.02    -1.00126   0.0031182
         312       -1.02    -1.00132  0.00310879
         313       -1.02    -1.00138  0.00309943
         314       -1.02    -1.00144  0.00309013
         315       -1.02     -1.0015  0.00308088
         316       -1.02    -1.00155  0.00307169
         317       -1.02    -1.00161  0.00306255
         318       -1.02    -1.00167  0.00305346
         319       -1.02    -1.00173  0.00304443
         320       -1.02    -1.00178  0.00303545
         321       -1.02    -1.00184  0.00302653
         322       -1.02     -1.0019  0.00301765
         323       -1.02    -1.00195  0.00300883
         324       -1.02    -1.00201  0.00300006
         325       -1.02    -1.00207  0.00299134
         326       -1.02    -1.00212  0.00298267
         327       -1.02    -1.00217  0.00297405
         328       -1.02    -1.00223  0.00296548
         329       -1.02    -1.00228  0.00295696
         330       -1.02    -1.00234  0.00294848
         331       -1.02    -1.00239  0.00294006
         332       -1.02    -1.00244  0.00293168
         333       -1.02     -1.0025  0.00292335
         334       -1.02    -1.00255  0.00291507
         335       -1.02     -1.0026  0.00290683
         336       -1.02    -1.00265  0.00289864
         337       -1.02     -1.0027   0.0028905
         338       -1.02    -1.00276   0.0028824
         339       -1.02    -1.00281  0.00287434
         340       -1.02    -1.00286  0.00286634
         341       -1.02    -1.00291  0.00285837
         342       -1.02    -1.00296  0.00285045
         343       -1.02    -1.00301  0.00284257
         344       -1.02    -1.00306  0.00283474
         345       -1.02     -1.0031  0.00282695
         346       -1.02    -1.00315   0.0028192
         347       -1.02     -1.0032  0.00281149
         348       -1.02    -1.00325  0.00280383
         349       -1.02     -1.0033   0.0027962
         350       -1.02    -1.00335  0.00278862
         351       -1.02    -1.00339  0.00278108
         352       -1.02    -1.00344  0.00277358
         353       -1.02    -1.00349  0.00276612
         354       -1.02    -1.00353   0.0027587
         355       -1.02    -1.00358  0.00275132
         356       -1.02    -1.00363  0.00274398
         357       -1.02    -1.00367  0.00273667
         358       -1.02    -1.00372  0.00272941
         359       -1.02    -1.00376  0.00272218
         360       -1.02    -1.00381  0.00271499
         361       -1.02    -1.00385  0.00270784
         362       -1.02     -1.0039  0.00270073
         363       -1.02    -1.00394  0.00269366
         364       -1.02    -1.00399  0.00268662
         365       -1.02    -1.00403  0.00267961
         366       -1.02    -1.00407  0.00267265
         367       -1.02    -1.00412  0.00266572
         368       -1.02    -1.00416  0.00265882
         369       -1.02     -1.0042  0.00265196
         370       -1.02    -1.00425  0.00264514
         371       -1.02    -1.00429  0.00263835
         372       -1.02    -1.00433   0.0026316
         373       -1.02    -1.00437  0.00262488
         374       -1.02    -1.00441  0.00261819
         375       -1.02    -1.00446  0.00261154
         376       -1.02     -1.0045  0.00260492
         377       -1.02    -1.00454  0.00259834
         378       -1.02    -1.00458  0.00259178
         379       -1.02    -1.00462  0.00258527
         380       -1.02    -1.00466  0.00257878
         381       -1.02     -1.0047  0.00257232
         382       -1.02    -1.00474   0.0025659
         383       -1.02    -1.00478  0.00255951
         384       -1.02    -1.00482  0.00255315
         385       -1.02    -1.00486  0.00254683
         386       -1.02     -1.0049  0.00254053
         387       -1.02    -1.00494  0.00253427
         388       -1.02    -1.00498  0.00252803
         389       -1.02    -1.00502  0.00252183
         390       -1.02    -1.00505  0.00251565
         391       -1.02    -1.00509  0.00250951
         392       -1.02    -1.00513   0.0025034
         393       -1.02    -1.00517  0.00249731
         394       -1.02    -1.00521  0.00249126
         395       -1.02    -1.00524  0.00248523
         396       -1.02    -1.00528  0.00247924
         397       -1.02    -1.00532  0.00247327
         398       -1.02    -1.00535  0.00246733
         399       -1.02    -1.00539  0.00246142
         400       -1.02    -1.00543  0.00245554
         401       -1.02    -1.00546  0.00244968
         402       -1.02     -1.0055  0.00244385
         403       -1.02    -1.00554  0.00243805
         404       -1.02    -1.00557  0.00243228
         405       -1.02    -1.00561  0.00242654
         406       -1.02    -1.00564  0.00242082
         407       -1.02    -1.00568  0.00241513
         408       -1.02    -1.00571  0.00240946
         409       -1.02    -1.00575  0.00240383
         410       -1.02    -1.00578  0.00239822
         411       -1.02    -1.00582  0.00239263
         412     -0.9392    -1.00566  0.00239228
         413       -1.02    -1.00569  0.00238674
         414       -1.02    -1.00573  0.00238122
         415       -1.02    -1.00576  0.00237573
         416       -1.02    -1.00579  0.00237027
         417       -1.02    -1.00583  0.00236483
         418       -1.02    -1.00586  0.00235942
         419       -1.02     -1.0059  0.00235403
         420       -1.02    -1.00593  0.00234866
         421       -1.02    -1.00596  0.00234332
         422       -1.02      -1.006    0.002338
         423       -1.02    -1.00603  0.00233271
         424       -1.02    -1.00606  0.00232744
         425       -1.02     -1.0061   0.0023222
         426       -1.02    -1.00613  0.00231697
         427       -1.02    -1.00616  0.00231178
         428       -1.02    -1.00619   0.0023066
         429       -1.02    -1.00622  0.00230145
         430       -1.02    -1.00626  0.00229632
         431       -1.02    -1.00629  0.00229121
         432       -1.02    -1.00632  0.00228613
         433       -1.02    -1.00635  0.00228107
         434       -1.02    -1.00638  0.00227603
         435       -1.02    -1.00641  0.00227101
         436       -1.02    -1.00645  0.00226602
         437       -1.02    -1.00648  0.00226104
         438       -1.02    -1.00651  0.00225609
         439       -1.02    -1.00654  0.00225116
         440       -1.02    -1.00657  0.00224625
         441       -1.02     -1.0066  0.00224137
         442       -1.02    -1.00663   0.0022365
         443       -1.02    -1.00666  0.00223166
         444       -1.02    -1.00669  0.00222683
         445       -1.02    -1.00672  0.00222203
         446       -1.02    -1.00675  0.00221725
         447       -1.02    -1.00678  0.00221248
         448       -1.02    -1.00681  0.00220774
         449       -1.02    -1.00684  0.00220302
         450       -1.02    -1.00687  0.00219832
         451       -1.02     -1.0069  0.00219364
         452       -1.02    -1.00693  0.00218898
         453       -1.02    -1.00695  0.00218433
         454       -1.02    -1.00698  0.00217971
         455       -1.02    -1.00701  0.00217511
         456       -1.02    -1.00704  0.00217053
         457       -1.02    -1.00707  0.00216596
         458       -1.02     -1.0071  0.00216142
         459       -1.02    -1.00713  0.00215689
         460       -1.02    -1.00715  0.00215238
         461       -1.02    -1.00718  0.00214789
         462       -1.02    -1.00721  0.00214342
         463       -1.02    -1.00724  0.00213897
         464       -1.02    -1.00726  0.00213454
         465       -1.02    -1.00729  0.00213013
         466       -1.02    -1.00732  0.00212573
         467       -1.02    -1.00735  0.00212135
         468       -1.02    -1.00737  0.00211699
         469       -1.02     -1.0074  0.00211265
         470       -1.02    -1.00743  0.00210832
         471       -1.02    -1.00745  0.00210401
         472       -1.02    -1.00748  0.00209973
         473       -1.02    -1.00751  0.00209545
         474       -1.02    -1.00753   0.0020912
         475       -1.02    -1.00756  0.00208696
         476       -1.02    -1.00758  0.00208274
         477       -1.02    -1.00761  0.00207854
         478       -1.02    -1.00764  0.00207435
         479       -1.02    -1.00766  0.00207018
         480       -1.02    -1.00769  0.00206603
         481       -1.02    -1.00771  0.00206189
         482       -1.02    -1.00774  0.00205777
         483       -1.02    -1.00776  0.00205366
         484       -1.02    -1.00779  0.00204958
         485       -1.02    -1.00782  0.00204551
         486       -1.02    -1.00784  0.00204145
         487       -1.02    -1.00787  0.00203741
         488       -1.02    -1.00789  0.00203339
         489       -1.02    -1.00791  0.00202938
         490       -1.02    -1.00794  0.00202539
         491       -1.02    -1.00796  0.00202141
         492       -1.02    -1.00799  0.00201745
         493       -1.02    -1.00801  0.00201351
         494       -1.02    -1.00804  0.00200958
         495       -1.02    -1.00806  0.00200566
         496       -1.02    -1.00809  0.00200176
         497       -1.02    -1.00811  0.00199788
         498       -1.02    -1.00813  0.00199401
         499       -1.02    -1.00816  0.00199016
         500       -1.02    -1.00818  0.00198632
         501       -1.02     -1.0082  0.00198249
         502       -1.02    -1.00823  0.00197868
         503       -1.02    -1.00825  0.00197489
         504       -1.02    -1.00827  0.00197111
         505       -1.02     -1.0083  0.00196734
         506       -1.02    -1.00832  0.00196359
         507       -1.02    -1.00834  0.00195985
         508       -1.02    -1.00837  0.00195613
         509       -1.02    -1.00839  0.00195242
         510       -1.02    -1.00841  0.00194872
         511       -1.02    -1.00844  0.00194504
         512       -1.02    -1.00846  0.00194137
         513       -1.02    -1.00848  0.00193772
         514       -1.02     -1.0085  0.00193408
         515       -1.02    -1.00853  0.00193045
         516       -1.02    -1.00855  0.00192684
         517       -1.02    -1.00857  0.00192324
         518       -1.02    -1.00859  0.00191965
         519       -1.02    -1.00861  0.00191608
         520       -1.02    -1.00864  0.00191252
         521       -1.02    -1.00866  0.00190897
         522       -1.02    -1.00868  0.00190544
         523       -1.02     -1.0087  0.00190192
         524       -1.02    -1.00872  0.00189841
         525       -1.02    -1.00874  0.00189492
         526       -1.02    -1.00877  0.00189144
         527       -1.02    -1.00879  0.00188797
         528       -1.02    -1.00881  0.00188451
         529       -1.02    -1.00883  0.00188107
         530       -1.02    -1.00885  0.00187764
         531       -1.02    -1.00887  0.00187422
         532       -1.02    -1.00889  0.00187081
         533       -1.02    -1.00891  0.00186742
         534       -1.02    -1.00893  0.00186404
         535       -1.02    -1.00895  0.00186067
         536       -1.02    -1.00897  0.00185731
         537       -1.02      -1.009  0.00185396
         538       -1.02    -1.00902  0.00185063
         539       -1.02    -1.00904  0.00184731
         540       -1.02    -1.00906    0.001844
         541       -1.02    -1.00908   0.0018407
         542       -1.02     -1.0091  0.00183742
         543       -1.02    -1.00912  0.00183414
         544     -0.9384    -1.00899  0.00183537
         545      -0.936    -1.00885  0.00183688
         546      -0.936    -1.00872  0.00183836
         547     -0.9352    -1.00859   0.0018399
         548     -0.9328    -1.00845  0.00184174
         549      -0.936    -1.00831   0.0018431
         550     -0.9328    -1.00818  0.00184486
         551     -0.9352    -1.00805  0.00184626
         552     -0.9376    -1.00792  0.00184732
         553       -1.02    -1.00794  0.00184411
         554       -1.02    -1.00796  0.00184091
         555       -1.02    -1.00798  0.00183772
         556       -1.02      -1.008  0.00183454
         557       -1.02    -1.00803  0.00183137
         558       -1.02    -1.00805  0.00182822
         559       -1.02    -1.00807  0.00182507
         560       -1.02    -1.00809  0.00182194
         561       -1.02    -1.00811  0.00181881
         562       -1.02    -1.00813   0.0018157
         563       -1.02    -1.00815   0.0018126
         564       -1.02    -1.00817  0.00180951
         565       -1.02     -1.0082  0.00180642
         566       -1.02    -1.00822  0.00180335
         567       -1.02    -1.00824  0.00180029
         568       -1.02    -1.00826  0.00179724
         569       -1.02    -1.00828   0.0017942
         570       -1.02     -1.0083  0.00179117
         571       -1.02    -1.00832  0.00178815
         572       -1.02    -1.00834  0.00178514
         573       -1.02    -1.00836  0.00178214
         574       -1.02    -1.00838  0.00177915
         575       -1.02     -1.0084  0.00177617
         576       -1.02    -1.00842   0.0017732
         577       -1.02    -1.00844  0.00177025
         578       -1.02    -1.00846   0.0017673
         579       -1.02    -1.00848  0.00176436
         580       -1.02     -1.0085  0.00176143
         581       -1.02    -1.00852   0.0017585
         582       -1.02    -1.00854  0.00175559
         583       -1.02    -1.00856  0.00175269
         584       -1.02    -1.00858   0.0017498
         585       -1.02     -1.0086  0.00174692
         586       -1.02    -1.00862  0.00174405
         587       -1.02    -1.00864  0.00174118
         588       -1.02    -1.00866  0.00173833
         589       -1.02    -1.00868  0.00173548
         590       -1.02     -1.0087  0.00173265
         591       -1.02    -1.00871  0.00172982
         592       -1.02    -1.00873  0.00172701
         593       -1.02    -1.00875   0.0017242
         594       -1.02    -1.00877   0.0017214
         595       -1.02    -1.00879  0.00171861
         596       -1.02    -1.00881  0.00171583
         597       -1.02    -1.00883  0.00171306
         598       -1.02    -1.00885  0.00171029
         599       -1.02    -1.00887  0.00170754
         600       -1.02    -1.00888   0.0017048
         601       -1.02     -1.0089  0.00170206
         602       -1.02    -1.00892  0.00169933
         603       -1.02    -1.00894  0.00169661
         604       -1.02    -1.00896   0.0016939
         605       -1.02    -1.00898   0.0016912
         606       -1.02    -1.00899  0.00168851
         607       -1.02    -1.00901  0.00168582
         608       -1.02    -1.00903  0.00168315
         609       -1.02    -1.00905  0.00168048
         610       -1.02    -1.00907  0.00167782
         611       -1.02    -1.00908  0.00167517
         612       -1.02     -1.0091  0.00167253
         613       -1.02    -1.00912  0.00166989
         614       -1.02    -1.00914  0.00166727
         615       -1.02    -1.00916  0.00166465
         616       -1.02    -1.00917  0.00166204
         617       -1.02    -1.00919  0.00165944
         618       -1.02    -1.00921  0.00165685
         619       -1.02    -1.00923  0.00165426
         620       -1.02    -1.00924  0.00165169
         621       -1.02    -1.00926  0.00164912
         622       -1.02    -1.00928  0.00164656
         623       -1.02    -1.00929    0.001644
         624       -1.02    -1.00931  0.00164146
         625       -1.02    -1.00933  0.00163892
         626       -1.02    -1.00935  0.00163639
         627       -1.02    -1.00936  0.00163387
         628       -1.02    -1.00938  0.00163136
         629       -1.02     -1.0094  0.00162885
         630       -1.02    -1.00941  0.00162635
         631       -1.02    -1.00943  0.00162386
         632       -1.02    -1.00945  0.00162138
         633       -1.02    -1.00946   0.0016189
         634       -1.02    -1.00948  0.00161643
         635       -1.02     -1.0095  0.00161397
         636       -1.02    -1.00951  0.00161152
         637       -1.02    -1.00953  0.00160907
         638       -1.02    -1.00955  0.00160664
         639       -1.02    -1.00956   0.0016042
         640       -1.02    -1.00958  0.00160178
         641       -1.02     -1.0096  0.00159936
         642       -1.02    -1.00961  0.00159696
         643       -1.02    -1.00963  0.00159455
         644       -1.02    -1.00964  0.00159216
         645       -1.02    -1.00966  0.00158977
         646       -1.02    -1.00968  0.00158739
         647       -1.02    -1.00969  0.00158502
         648       -1.02    -1.00971  0.00158265
         649       -1.02    -1.00972  0.00158029
         650       -1.02    -1.00974  0.00157794
         651       -1.02    -1.00975  0.00157559
         652       -1.02    -1.00977  0.00157326
         653       -1.02    -1.00979  0.00157093
         654       -1.02     -1.0098   0.0015686
         655       -1.02    -1.00982  0.00156628
         656       -1.02    -1.00983  0.00156397
         657       -1.02    -1.00985  0.00156167
         658       -1.02    -1.00986  0.00155937
         659       -1.02    -1.00988  0.00155708
         660       -1.02    -1.00989   0.0015548
         661     -0.9384    -1.00979   0.0015562
         662     -0.9384    -1.00968  0.00155758
         663       -1.02    -1.00969  0.00155531
         664       -1.02    -1.00971  0.00155305
         665       -1.02    -1.00973  0.00155079
         666       -1.02    -1.00974  0.00154854
         667       -1.02    -1.00976  0.00154629
         668       -1.02    -1.00977  0.00154405
         669       -1.02    -1.00979  0.00154182
         670       -1.02     -1.0098   0.0015396
         671       -1.02    -1.00982  0.00153738
         672       -1.02    -1.00983  0.00153516
         673       -1.02    -1.00985  0.00153296
         674       -1.02    -1.00986  0.00153076
         675       -1.02    -1.00988  0.00152856
         676       -1.02    -1.00989  0.00152637
         677       -1.02    -1.00991  0.00152419
         678       -1.02    -1.00992  0.00152202
         679       -1.02    -1.00994  0.00151985
         680       -1.02    -1.00995  0.00151768
         681       -1.02    -1.00997  0.00151553
         682       -1.02    -1.00998  0.00151338
         683       -1.02       -1.01  0.00151123
         684       -1.02    -1.01001  0.00150909
         685     -0.9392    -1.00991  0.00151043
         686       -1.02    -1.00992   0.0015083
         687       -1.02    -1.00994  0.00150617
         688       -1.02    -1.00995  0.00150405
         689       -1.02    -1.00997  0.00150194
         690       -1.02    -1.00998  0.00149984
         691       -1.02    -1.00999  0.00149774
         692       -1.02    -1.01001  0.00149564
         693       -1.02    -1.01002  0.00149355
         694       -1.02    -1.01004  0.00149147
         695       -1.02    -1.01005  0.00148939
         696       -1.02    -1.01007  0.00148732
         697       -1.02    -1.01008  0.00148525
         698       -1.02     -1.0101  0.00148319
         699       -1.02    -1.01011  0.00148114
         700       -1.02    -1.01012  0.00147909
         701       -1.02    -1.01014  0.00147705
         702       -1.02    -1.01015  0.00147501
         703       -1.02    -1.01017  0.00147298
         704       -1.02    -1.01018  0.00147095
         705       -1.02    -1.01019  0.00146893
         706       -1.02    -1.01021  0.00146692
         707       -1.02    -1.01022  0.00146491
         708       -1.02    -1.01024  0.00146291
         709       -1.02    -1.01025  0.00146091
         710       -1.02    -1.01026  0.00145891
         711       -1.02    -1.01028  0.00145693
         712     -0.9392    -1.01018   0.0014583
         713     -0.9392    -1.01008  0.00145964
         714       -1.02    -1.01009  0.00145767
         715       -1.02     -1.0101  0.00145569
         716       -1.02    -1.01012  0.00145373
         717       -1.02    -1.01013  0.00145176
         718       -1.02    -1.01015  0.00144981
         719       -1.02    -1.01016  0.00144786
         720       -1.02    -1.01017  0.00144591
         721       -1.02    -1.01019  0.00144397
         722       -1.02     -1.0102  0.00144203
         723       -1.02    -1.01021   0.0014401
         724       -1.02    -1.01023  0.00143818
         725       -1.02    -1.01024  0.00143625
         726       -1.02    -1.01025  0.00143434
         727       -1.02    -1.01027  0.00143243
         728       -1.02    -1.01028  0.00143052
         729       -1.02    -1.01029  0.00142862
         730       -1.02    -1.01031  0.00142673
         731       -1.02    -1.01032  0.00142484
         732       -1.02    -1.01033  0.00142295
         733       -1.02    -1.01035  0.00142107
         734       -1.02    -1.01036   0.0014192
         735       -1.02    -1.01037  0.00141733
         736       -1.02    -1.01039  0.00141546
         737       -1.02     -1.0104   0.0014136
         738       -1.02    -1.01041  0.00141175
         739       -1.02    -1.01043   0.0014099
         740       -1.02    -1.01044  0.00140805
         741       -1.02    -1.01045  0.00140621
         742       -1.02    -1.01046  0.00140437
         743       -1.02    -1.01048  0.00140254
         744       -1.02    -1.01049  0.00140071
         745       -1.02     -1.0105  0.00139889
         746       -1.02    -1.01052  0.00139707
         747       -1.02    -1.01053  0.00139526
         748       -1.02    -1.01054  0.00139345
         749       -1.02    -1.01055  0.00139165
         750       -1.02    -1.01057  0.00138985
         751       -1.02    -1.01058  0.00138806
         752       -1.02    -1.01059  0.00138627
         753       -1.02     -1.0106  0.00138448
         754       -1.02    -1.01062   0.0013827
         755       -1.02    -1.01063  0.00138093
         756       -1.02    -1.01064  0.00137916
         757       -1.02    -1.01065  0.00137739
         758       -1.02    -1.01067  0.00137563
         759       -1.02    -1.01068  0.00137387
         760       -1.02    -1.01069  0.00137212
         761       -1.02     -1.0107  0.00137037
         762       -1.02    -1.01071  0.00136863
         763       -1.02    -1.01073  0.00136689
         764       -1.02    -1.01074  0.00136515
         765       -1.02    -1.01075  0.00136342
         766     -0.9392    -1.01066  0.00136484
         767       -1.02    -1.01067  0.00136311
         768       -1.02    -1.01068  0.00136139
         769       -1.02    -1.01069  0.00135967
         770       -1.02    -1.01071  0.00135796
         771       -1.02    -1.01072  0.00135625
         772       -1.02    -1.01073  0.00135455
         773       -1.02    -1.01074  0.00135285
         774       -1.02    -1.01075  0.00135116
         775       -1.02    -1.01077  0.00134947
         776       -1.02    -1.01078  0.00134778
         777       -1.02    -1.01079   0.0013461
         778       -1.02     -1.0108  0.00134442
         779       -1.02    -1.01081  0.00134274
         780       -1.02    -1.01083  0.00134108
         781       -1.02    -1.01084  0.00133941
         782       -1.02    -1.01085  0.00133775
         783       -1.02    -1.01086  0.00133609
         784       -1.02    -1.01087  0.00133444
         785       -1.02    -1.01088  0.00133279
         786       -1.02     -1.0109  0.00133114
         787       -1.02    -1.01091   0.0013295
         788       -1.02    -1.01092  0.00132786
         789     -0.9392    -1.01083  0.00132929
         790     -0.9392    -1.01074  0.00133069
         791       -1.02    -1.01075  0.00132906
         792       -1.02    -1.01076  0.00132744
         793       -1.02    -1.01077  0.00132581
         794       -1.02    -1.01078   0.0013242
         795       -1.02     -1.0108  0.00132258
         796       -1.02    -1.01081  0.00132097
         797       -1.02    -1.01082  0.00131936
         798       -1.02    -1.01083  0.00131776
         799       -1.02    -1.01084  0.00131616
         800       -1.02    -1.01085  0.00131456
         801       -1.02    -1.01086  0.00131297
         802       -1.02    -1.01088  0.00131139
         803       -1.02    -1.01089   0.0013098
         804       -1.02     -1.0109  0.00130822
         805       -1.02    -1.01091  0.00130665
         806       -1.02    -1.01092  0.00130507
         807       -1.02    -1.01093   0.0013035
         808       -1.02    -1.01094  0.00130194
         809       -1.02    -1.01095  0.00130038
         810       -1.02    -1.01097  0.00129882
         811       -1.02    -1.01098  0.00129727
         812       -1.02    -1.01099  0.00129572
         813       -1.02      -1.011  0.00129417
         814       -1.02    -1.01101  0.00129263
         815       -1.02    -1.01102  0.00129109
         816       -1.02    -1.01103  0.00128955
         817       -1.02    -1.01104  0.00128802
         818       -1.02    -1.01105  0.00128649
         819       -1.02    -1.01107  0.00128497
         820       -1.02    -1.01108  0.00128345
         821       -1.02    -1.01109  0.00128193
         822       -1.02     -1.0111  0.00128042
         823       -1.02    -1.01111  0.00127891
         824       -1.02    -1.01112   0.0012774
         825       -1.02    -1.01113   0.0012759
         826       -1.02    -1.01114   0.0012744
         827       -1.02    -1.01115   0.0012729
         828       -1.02    -1.01116  0.00127141
         829       -1.02    -1.01117  0.00126992
         830       -1.02    -1.01118  0.00126844
         831       -1.02    -1.01119  0.00126695
         832       -1.02     -1.0112  0.00126547
         833       -1.02    -1.01122    0.001264
         834       -1.02    -1.01123  0.00126253
         835       -1.02    -1.01124  0.00126106
         836       -1.02    -1.01125  0.00125959
         837       -1.02    -1.01126  0.00125813
         838       -1.02    -1.01127  0.00125668
         839       -1.02    -1.01128  0.00125522
         840       -1.02    -1.01129  0.00125377
         841       -1.02     -1.0113  0.00125232
         842       -1.02    -1.01131  0.00125088
         843       -1.02    -1.01132  0.00124944
         844       -1.02    -1.01133    0.001248
         845       -1.02    -1.01134  0.00124656
         846       -1.02    -1.01135  0.00124513
         847       -1.02    -1.01136   0.0012437
         848       -1.02    -1.01137  0.00124228
         849       -1.02    -1.01138  0.00124086
         850       -1.02    -1.01139  0.00123944
         851       -1.02     -1.0114  0.00123802
         852       -1.02    -1.01141  0.00123661
         853       -1.02    -1.01142   0.0012352
         854       -1.02    -1.01143   0.0012338
         855       -1.02    -1.01144  0.00123239
         856       -1.02    -1.01145  0.00123099
         857       -1.02    -1.01146   0.0012296
         858       -1.02    -1.01147  0.00122821
         859       -1.02    -1.01148  0.00122682
         860       -1.02    -1.01149  0.00122543
         861       -1.02     -1.0115  0.00122405
         862       -1.02    -1.01151  0.00122267
         863       -1.02    -1.01152  0.00122129
         864       -1.02    -1.01153  0.00121991
         865       -1.02    -1.01154  0.00121854
         866       -1.02    -1.01155  0.00121718
         867       -1.02    -1.01156  0.00121581
         868       -1.02    -1.01157  0.00121445
         869       -1.02    -1.01158  0.00121309
         870       -1.02    -1.01159  0.00121173
         871       -1.02     -1.0116  0.00121038
         872       -1.02    -1.01161  0.00120903
         873       -1.02    -1.01162  0.00120769
         874       -1.02    -1.01163  0.00120634
         875       -1.02    -1.01164    0.001205
         876       -1.02    -1.01165  0.00120366
         877       -1.02    -1.01166  0.00120233
         878       -1.02    -1.01167    0.001201
         879       -1.02    -1.01168  0.00119967
         880       -1.02    -1.01168  0.00119834
         881       -1.02    -1.01169  0.00119702
         882       -1.02     -1.0117   0.0011957
         883       -1.02    -1.01171  0.00119438
         884       -1.02    -1.01172  0.00119307
         885       -1.02    -1.01173  0.00119176
         886       -1.02    -1.01174  0.00119045
         887       -1.02    -1.01175  0.00118914
         888       -1.02    -1.01176  0.00118784
         889       -1.02    -1.01177  0.00118654
         890       -1.02    -1.01178  0.00118524
         891       -1.02    -1.01179  0.00118395
         892       -1.02     -1.0118  0.00118266
         893       -1.02    -1.01181  0.00118137
         894       -1.02    -1.01181  0.00118008
         895       -1.02    -1.01182   0.0011788
         896       -1.02    -1.01183  0.00117752
         897       -1.02    -1.01184  0.00117624
         898       -1.02    -1.01185  0.00117497
         899       -1.02    -1.01186  0.00117369
         900       -1.02    -1.01187  0.00117242
         901       -1.02    -1.01188  0.00117116
         902       -1.02    -1.01189  0.00116989
         903       -1.02     -1.0119  0.00116863
         904       -1.02    -1.01191  0.00116737
         905       -1.02    -1.01191  0.00116612
         906       -1.02    -1.01192  0.00116487
         907       -1.02    -1.01193  0.00116362
         908       -1.02    -1.01194  0.00116237
         909       -1.02    -1.01195  0.00116112
         910       -1.02    -1.01196  0.00115988
         911       -1.02    -1.01197  0.00115864
         912       -1.02    -1.01198   0.0011574
         913       -1.02    -1.01199  0.00115617
         914       -1.02    -1.01199  0.00115494
         915       -1.02      -1.012  0.00115371
         916       -1.02    -1.01201  0.00115248
         917       -1.02    -1.01202  0.00115126
         918       -1.02    -1.01203  0.00115004
         919       -1.02    -1.01204  0.00114882
         920       -1.02    -1.01205   0.0011476
         921       -1.02    -1.01205  0.00114639
         922       -1.02    -1.01206  0.00114518
         923       -1.02    -1.01207  0.00114397
         924       -1.02    -1.01208  0.00114276
         925       -1.02    -1.01209  0.00114156
         926       -1.02     -1.0121  0.00114036
         927       -1.02    -1.01211  0.00113916
         928       -1.02    -1.01211  0.00113797
         929       -1.02    -1.01212  0.00113677
         930       -1.02    -1.01213  0.00113558
         931       -1.02    -1.01214  0.00113439
         932       -1.02    -1.01215  0.00113321
         933       -1.02    -1.01216  0.00113202
         934       -1.02    -1.01217  0.00113084
         935       -1.02    -1.01217  0.00112966
         936       -1.02    -1.01218  0.00112849
         937       -1.02    -1.01219  0.00112732
         938       -1.02     -1.0122  0.00112614
         939       -1.02    -1.01221  0.00112498
         940       -1.02    -1.01222  0.00112381
         941       -1.02    -1.01222  0.00112265
         942       -1.02    -1.01223  0.00112148
         943       -1.02    -1.01224  0.00112033
         944       -1.02    -1.01225  0.00111917
         945       -1.02    -1.01226  0.00111801
         946       -1.02    -1.01226  0.00111686
         947       -1.02    -1.01227  0.00111571
         948       -1.02    -1.01228  0.00111457
         949       -1.02    -1.01229  0.00111342
         950       -1.02     -1.0123  0.00111228
         951       -1.02    -1.01231  0.00111114
         952       -1.02    -1.01231     0.00111
         953       -1.02    -1.01232  0.00110887
         954       -1.02    -1.01233  0.00110773
         955       -1.02    -1.01234   0.0011066
         956       -1.02    -1.01235  0.00110547
         957       -1.02    -1.01235  0.00110435
         958       -1.02    -1.01236  0.00110322
         959       -1.02    -1.01237   0.0011021
         960       -1.02    -1.01238  0.00110098
         961       -1.02    -1.01239  0.00109986
         962       -1.02    -1.01239  0.00109875
         963       -1.02     -1.0124  0.00109764
         964       -1.02    -1.01241  0.00109653
         965       -1.02    -1.01242  0.00109542
         966       -1.02    -1.01242  0.00109431
         967       -1.02    -1.01243  0.00109321
         968       -1.02    -1.01244  0.00109211
         969       -1.02    -1.01245  0.00109101
         970       -1.02    -1.01246  0.00108991
         971       -1.02    -1.01246  0.00108882
         972       -1.02    -1.01247  0.00108772
         973       -1.02    -1.01248  0.00108663
         974       -1.02    -1.01249  0.00108555
         975       -1.02    -1.01249  0.00108446
         976       -1.02     -1.0125  0.00108338
         977       -1.02    -1.01251  0.00108229
         978       -1.02    -1.01252  0.00108121
         979       -1.02    -1.01253  0.00108014
         980       -1.02    -1.01253  0.00107906
         981       -1.02    -1.01254  0.00107799
         982       -1.02    -1.01255  0.00107692
         983       -1.02    -1.01256  0.00107585
         984       -1.02    -1.01256  0.00107478
         985       -1.02    -1.01257  0.00107372
         986       -1.02    -1.01258  0.00107266
         987       -1.02    -1.01259  0.00107159
         988       -1.02    -1.01259  0.00107054
         989       -1.02     -1.0126  0.00106948
         990       -1.02    -1.01261  0.00106843
         991       -1.02    -1.01262  0.00106737
         992       -1.02    -1.01262  0.00106632
         993       -1.02    -1.01263  0.00106528
         994       -1.02    -1.01264  0.00106423
         995       -1.02    -1.01265  0.00106319
         996       -1.02    -1.01265  0.00106214
         997       -1.02    -1.01266   0.0010611
         998       -1.02    -1.01267  0.00106007
         999       -1.02    -1.01268  0.00105903
        1000       -1.02    -1.01268    0.001058
        1001       -1.02    -1.01269  0.00105697
        1002       -1.02     -1.0127  0.00105594
        1003       -1.02     -1.0127  0.00105491
        1004       -1.02    -1.01271  0.00105388
        1005       -1.02    -1.01272  0.00105286
        1006       -1.02    -1.01273  0.00105184
        1007       -1.02    -1.01273  0.00105082
        1008       -1.02    -1.01274   0.0010498
        1009       -1.02    -1.01275  0.00104878
        1010       -1.02    -1.01275  0.00104777
        1011       -1.02    -1.01276  0.00104676
        1012       -1.02    -1.01277  0.00104575
        1013       -1.02    -1.01278  0.00104474
        1014       -1.02    -1.01278  0.00104373
        1015       -1.02    -1.01279  0.00104273
        1016       -1.02     -1.0128  0.00104173
        1017       -1.02     -1.0128  0.00104073
        1018       -1.02    -1.01281  0.00103973
        1019       -1.02    -1.01282  0.00103873
        1020       -1.02    -1.01283  0.00103774
        1021       -1.02    -1.01283  0.00103675
        1022       -1.02    -1.01284  0.00103576
        1023       -1.02    -1.01285  0.00103477
        1024       -1.02    -1.01285  0.00103378
        1025       -1.02    -1.01286  0.00103279
        1026       -1.02    -1.01287  0.00103181
        1027       -1.02    -1.01287  0.00103083
        1028       -1.02    -1.01288  0.00102985
        1029       -1.02    -1.01289  0.00102887
        1030       -1.02     -1.0129   0.0010279
        1031       -1.02     -1.0129  0.00102692
        1032       -1.02    -1.01291  0.00102595
        1033       -1.02    -1.01292  0.00102498
        1034       -1.02    -1.01292  0.00102401
        1035       -1.02    -1.01293  0.00102305
        1036       -1.02    -1.01294  0.00102208
        1037       -1.02    -1.01294  0.00102112
        1038       -1.02    -1.01295  0.00102016
        1039       -1.02    -1.01296   0.0010192
        1040       -1.02    -1.01296  0.00101824
        1041       -1.02    -1.01297  0.00101728
        1042       -1.02    -1.01298  0.00101633
        1043       -1.02    -1.01298  0.00101538
        1044       -1.02    -1.01299  0.00101443
        1045       -1.02      -1.013  0.00101348
        1046       -1.02      -1.013  0.00101253
        1047       -1.02    -1.01301  0.00101159
        1048       -1.02    -1.01302  0.00101064
        1049       -1.02    -1.01302   0.0010097
        1050       -1.02    -1.01303  0.00100876
        1051       -1.02    -1.01304  0.00100783
        1052       -1.02    -1.01304  0.00100689
        1053       -1.02    -1.01305  0.00100595
        1054       -1.02    -1.01306  0.00100502
        1055       -1.02    -1.01306  0.00100409
        1056       -1.02    -1.01307  0.00100316
        1057       -1.02    -1.01308  0.00100223
        1058       -1.02    -1.01308  0.00100131
        1059       -1.02    -1.01309  0.00100038
        1060       -1.02     -1.0131 0.000999461
        1061       -1.02     -1.0131  0.00099854
        1062       -1.02    -1.01311 0.000997621
        1063       -1.02    -1.01312 0.000996704
        1064       -1.02    -1.01312 0.000995788
        1065       -1.02    -1.01313 0.000994874
        1066       -1.02    -1.01314 0.000993961
        1067       -1.02    -1.01314 0.000993051
        1068       -1.02    -1.01315 0.000992142
        1069       -1.02    -1.01315 0.000991234
        1070       -1.02    -1.01316 0.000990329
        1071       -1.02    -1.01317 0.000989424
        1072       -1.02    -1.01317 0.000988522
        1073       -1.02    -1.01318 0.000987621
        1074     -0.9384    -1.01311 0.000989153
        1075       -1.02    -1.01312 0.000988254
        1076       -1.02    -1.01312 0.000987356
        1077       -1.02    -1.01313  0.00098646
        1078       -1.02    -1.01314 0.000985565
        1079       -1.02    -1.01314 0.000984672
        1080       -1.02    -1.01315 0.000983781
        1081       -1.02    -1.01316 0.000982891
        1082       -1.02    -1.01316 0.000982003
        1083       -1.02    -1.01317 0.000981117
        1084       -1.02    -1.01317 0.000980232
        1085       -1.02    -1.01318 0.000979349
        1086       -1.02    -1.01319 0.000978467
        1087       -1.02    -1.01319 0.000977587
        1088       -1.02     -1.0132 0.000976709
        1089       -1.02    -1.01321 0.000975832
        1090       -1.02    -1.01321 0.000974956
        1091       -1.02    -1.01322 0.000974083
        1092       -1.02    -1.01322  0.00097321
        1093       -1.02    -1.01323  0.00097234
        1094       -1.02    -1.01324 0.000971471
        1095       -1.02    -1.01324 0.000970603
        1096       -1.02    -1.01325 0.000969737
        1097       -1.02    -1.01326 0.000968873
        1098       -1.02    -1.01326  0.00096801
        1099       -1.02    -1.01327 0.000967148
        1100       -1.02    -1.01327 0.000966288
        1101       -1.02    -1.01328  0.00096543
        1102       -1.02    -1.01329 0.000964573
        1103       -1.02    -1.01329 0.000963718
        1104       -1.02     -1.0133 0.000962864
        1105       -1.02     -1.0133 0.000962012
        1106       -1.02    -1.01331 0.000961161
        1107       -1.02    -1.01332 0.000960312
        1108       -1.02    -1.01332 0.000959464
        1109       -1.02    -1.01333 0.000958618
        1110       -1.02    -1.01333 0.000957773
        1111       -1.02    -1.01334  0.00095693
        1112       -1.02    -1.01335 0.000956088
        1113       -1.02    -1.01335 0.000955248
        1114       -1.02    -1.01336 0.000954409
        1115       -1.02    -1.01336 0.000953571
        1116       -1.02    -1.01337 0.000952736
        1117       -1.02    -1.01338 0.000951901
        1118       -1.02    -1.01338 0.000951068
        1119       -1.02    -1.01339 0.000950237
        1120       -1.02    -1.01339 0.000949406
        1121       -1.02     -1.0134 0.000948578
        1122       -1.02    -1.01341 0.000947751
        1123       -1.02    -1.01341 0.000946925
        1124       -1.02    -1.01342 0.000946101
        1125       -1.02    -1.01342 0.000945278
        1126       -1.02    -1.01343 0.000944456
        1127       -1.02    -1.01343 0.000943636
        1128       -1.02    -1.01344 0.000942818
        1129       -1.02    -1.01345    0.000942
        1130       -1.02    -1.01345 0.000941185
        1131       -1.02    -1.01346  0.00094037
        1132       -1.02    -1.01346 0.000939557
        1133       -1.02    -1.01347 0.000938746
        1134       -1.02    -1.01348 0.000937936
        1135       -1.02    -1.01348 0.000937127
        1136       -1.02    -1.01349 0.000936319
        1137       -1.02    -1.01349 0.000935514
        1138       -1.02     -1.0135 0.000934709
        1139       -1.02     -1.0135 0.000933906
        1140       -1.02    -1.01351 0.000933104
        1141       -1.02    -1.01352 0.000932303
        1142       -1.02    -1.01352 0.000931504
        1143       -1.02    -1.01353 0.000930707
        1144       -1.02    -1.01353  0.00092991
        1145       -1.02    -1.01354 0.000929115
        1146       -1.02    -1.01354 0.000928322
        1147     -0.9384    -1.01348 0.000929821
        1148     -0.9384    -1.01341 0.000931308
        1149       -1.02    -1.01342 0.000930515
        1150       -1.02    -1.01342 0.000929724
        1151       -1.02    -1.01343 0.000928934
        1152       -1.02    -1.01344 0.000928145
        1153       -1.02    -1.01344 0.000927357
        1154       -1.02    -1.01345 0.000926571
        1155       -1.02    -1.01345 0.000925786
        1156       -1.02    -1.01346 0.000925003
        1157       -1.02    -1.01346  0.00092422
        1158       -1.02    -1.01347  0.00092344
        1159       -1.02    -1.01348  0.00092266
        1160       -1.02    -1.01348 0.000921882
        1161       -1.02    -1.01349 0.000921105
        1162       -1.02    -1.01349 0.000920329
        1163       -1.02     -1.0135 0.000919555
        1164       -1.02     -1.0135 0.000918782
        1165       -1.02    -1.01351  0.00091801
        1166       -1.02    -1.01351  0.00091724
        1167       -1.02    -1.01352 0.000916471
        1168       -1.02    -1.01353 0.000915703
        1169       -1.02    -1.01353 0.000914936
        1170       -1.02    -1.01354 0.000914171
        1171       -1.02    -1.01354 0.000913407
        1172       -1.02    -1.01355 0.000912644
        1173       -1.02    -1.01355 0.000911883
        1174       -1.02    -1.01356 0.000911122
        1175       -1.02    -1.01356 0.000910363
        1176       -1.02    -1.01357 0.000909606
        1177       -1.02    -1.01357 0.000908849
        1178       -1.02    -1.01358 0.000908094
        1179       -1.02    -1.01359  0.00090734
        1180       -1.02    -1.01359 0.000906588
        1181       -1.02     -1.0136 0.000905836
        1182       -1.02     -1.0136 0.000905086
        1183       -1.02    -1.01361 0.000904337
        1184       -1.02    -1.01361  0.00090359
        1185       -1.02    -1.01362 0.000902843
        1186       -1.02    -1.01362 0.000902098
        1187       -1.02    -1.01363 0.000901354
        1188       -1.02    -1.01363 0.000900611
        1189       -1.02    -1.01364  0.00089987
        1190       -1.02    -1.01365 0.000899129
        1191       -1.02    -1.01365  0.00089839
        1192       -1.02    -1.01366 0.000897652
        1193       -1.02    -1.01366 0.000896916
        1194       -1.02    -1.01367  0.00089618
        1195       -1.02    -1.01367 0.000895446
        1196       -1.02    -1.01368 0.000894713
        1197       -1.02    -1.01368 0.000893981
        1198       -1.02    -1.01369  0.00089325
        1199       -1.02    -1.01369 0.000892521
        1200       -1.02     -1.0137 0.000891792
        1201       -1.02     -1.0137 0.000891065
        1202       -1.02    -1.01371 0.000890339
        1203       -1.02    -1.01371 0.000889615
        1204       -1.02    -1.01372 0.000888891
        1205       -1.02    -1.01372 0.000888169
        1206       -1.02    -1.01373 0.000887448
        1207       -1.02    -1.01373 0.000886727
        1208       -1.02    -1.01374 0.000886009
        1209       -1.02    -1.01374 0.000885291
        1210       -1.02    -1.01375 0.000884574
        1211       -1.02    -1.01376 0.000883859
        1212       -1.02    -1.01376 0.000883145
        1213       -1.02    -1.01377 0.000882432
        1214       -1.02    -1.01377  0.00088172
        1215       -1.02    -1.01378 0.000881009
        1216       -1.02    -1.01378 0.000880299
        1217       -1.02    -1.01379 0.000879591
        1218       -1.02    -1.01379 0.000878883
        1219       -1.02     -1.0138 0.000878177
        1220       -1.02     -1.0138 0.000877472
        1221       -1.02    -1.01381 0.000876768
        1222       -1.02    -1.01381 0.000876065
        1223       -1.02    -1.01382 0.000875364
        1224       -1.02    -1.01382 0.000874663
        1225       -1.02    -1.01383 0.000873963
        1226       -1.02    -1.01383 0.000873265
        1227       -1.02    -1.01384 0.000872568
        1228       -1.02    -1.01384 0.000871872
        1229       -1.02    -1.01385 0.000871177
        1230       -1.02    -1.01385 0.000870483
        1231       -1.02    -1.01386  0.00086979
        1232       -1.02    -1.01386 0.000869098
        1233       -1.02    -1.01387 0.000868408
        1234       -1.02    -1.01387 0.000867718
        1235       -1.02    -1.01388  0.00086703
        1236       -1.02    -1.01388 0.000866342
        1237       -1.02    -1.01389 0.000865656
        1238       -1.02    -1.01389 0.000864971
        1239       -1.02     -1.0139 0.000864287
        1240       -1.02     -1.0139 0.000863604
        1241     -0.9376    -1.01384 0.000865094
        1242       -1.02    -1.01384 0.000864412
        1243       -1.02    -1.01385  0.00086373
        1244       -1.02    -1.01385  0.00086305
        1245       -1.02    -1.01386 0.000862371
        1246       -1.02    -1.01386 0.000861693
        1247       -1.02    -1.01387 0.000861016
        1248       -1.02    -1.01387  0.00086034
        1249       -1.02    -1.01388 0.000859665
        1250       -1.02    -1.01388 0.000858992
        1251       -1.02    -1.01389 0.000858319
        1252       -1.02    -1.01389 0.000857647
        1253       -1.02     -1.0139 0.000856977
        1254       -1.02     -1.0139 0.000856307
        1255       -1.02    -1.01391 0.000855638
        1256       -1.02    -1.01391 0.000854971
        1257     -0.9392    -1.01385 0.000856354
        1258     -0.9384    -1.01379 0.000857772
        1259       -1.02     -1.0138 0.000857104
        1260       -1.02     -1.0138 0.000856438
        1261       -1.02    -1.01381 0.000855773
        1262       -1.02    -1.01381 0.000855109
        1263       -1.02    -1.01382 0.000854446
        1264       -1.02    -1.01382 0.000853784
        1265       -1.02    -1.01383 0.000853123
        1266       -1.02    -1.01383 0.000852463
        1267       -1.02    -1.01384 0.000851804
        1268       -1.02    -1.01384 0.000851146
        1269       -1.02    -1.01385  0.00085049
        1270       -1.02    -1.01385 0.000849834
        1271       -1.02    -1.01386 0.000849179
        1272       -1.02    -1.01386 0.000848525
        1273       -1.02    -1.01387 0.000847872
        1274       -1.02    -1.01387  0.00084722
        1275       -1.02    -1.01388 0.000846569
        1276       -1.02    -1.01388  0.00084592
        1277       -1.02    -1.01389 0.000845271
        1278       -1.02    -1.01389 0.000844623
        1279       -1.02     -1.0139 0.000843976
        1280       -1.02     -1.0139  0.00084333
        1281       -1.02    -1.01391 0.000842685
        1282       -1.02    -1.01391 0.000842041
        1283       -1.02    -1.01391 0.000841398
        1284       -1.02    -1.01392 0.000840756
        1285       -1.02    -1.01392 0.000840115
        1286       -1.02    -1.01393 0.000839475
        1287       -1.02    -1.01393 0.000838836
        1288       -1.02    -1.01394 0.000838198
        1289       -1.02    -1.01394 0.000837561
        1290       -1.02    -1.01395 0.000836925
        1291       -1.02    -1.01395  0.00083629
        1292       -1.02    -1.01396 0.000835656
        1293       -1.02    -1.01396 0.000835023
        1294       -1.02    -1.01397  0.00083439
        1295       -1.02    -1.01397 0.000833759
        1296       -1.02    -1.01398 0.000833129
        1297       -1.02    -1.01398 0.000832499
        1298       -1.02    -1.01399 0.000831871
        1299       -1.02    -1.01399 0.000831243
        1300       -1.02    -1.01399 0.000830617
        1301       -1.02      -1.014 0.000829991
        1302       -1.02      -1.014 0.000829366
        1303       -1.02    -1.01401 0.000828743
        1304       -1.02    -1.01401  0.00082812
        1305       -1.02    -1.01402 0.000827498
        1306       -1.02    -1.01402 0.000826877
        1307       -1.02    -1.01403 0.000826257
        1308       -1.02    -1.01403 0.000825638
        1309     -0.9384    -1.01397 0.000827026
        1310     -0.9392    -1.01392 0.000828362
        1311     -0.9368    -1.01386 0.000829817
        1312     -0.9376     -1.0138 0.000831217
        1313     -0.9384    -1.01374 0.000832565
        1314     -0.9376    -1.01368 0.000833946
        1315       -1.02    -1.01369 0.000833325
        1316       -1.02    -1.01369 0.000832706
        1317       -1.02     -1.0137 0.000832088
        1318       -1.02     -1.0137  0.00083147
        1319       -1.02    -1.01371 0.000830853
        1320       -1.02    -1.01371 0.000830238
        1321       -1.02    -1.01372 0.000829623
        1322       -1.02    -1.01372 0.000829009
        1323       -1.02    -1.01373 0.000828396
        1324       -1.02    -1.01373 0.000827784
        1325       -1.02    -1.01374 0.000827172
        1326       -1.02    -1.01374 0.000826562
        1327       -1.02    -1.01375 0.000825953
        1328       -1.02    -1.01375 0.000825344
        1329       -1.02    -1.01376 0.000824736
        1330       -1.02    -1.01376  0.00082413
        1331       -1.02    -1.01376 0.000823524
        1332       -1.02    -1.01377 0.000822919
        1333       -1.02    -1.01377 0.000822315
        1334       -1.02    -1.01378 0.000821712
        1335       -1.02    -1.01378 0.000821109
        1336       -1.02    -1.01379 0.000820508
        1337       -1.02    -1.01379 0.000819907
        1338       -1.02     -1.0138 0.000819308
        1339       -1.02     -1.0138 0.000818709
        1340       -1.02    -1.01381 0.000818111
        1341       -1.02    -1.01381 0.000817514
        1342       -1.02    -1.01382 0.000816918
        1343       -1.02    -1.01382 0.000816323
        1344       -1.02    -1.01382 0.000815728
        1345       -1.02    -1.01383 0.000815135
        1346       -1.02    -1.01383 0.000814542
        1347       -1.02    -1.01384  0.00081395
        1348       -1.02    -1.01384 0.000813359
        1349       -1.02    -1.01385 0.000812769
        1350       -1.02    -1.01385  0.00081218
        1351       -1.02    -1.01386 0.000811591
        1352       -1.02    -1.01386 0.000811004
        1353       -1.02    -1.01387 0.000810417
        1354       -1.02    -1.01387 0.000809831
        1355       -1.02    -1.01388 0.000809246
        1356       -1.02    -1.01388 0.000808662
        1357     -0.9376    -1.01382 0.000810017
        1358     -0.9392    -1.01377 0.000811283
        1359     -0.9392    -1.01371 0.000812539
        1360       -1.02    -1.01372 0.000811955
        1361       -1.02    -1.01372 0.000811371
        1362       -1.02    -1.01373 0.000810789
        1363       -1.02    -1.01373 0.000810207
        1364       -1.02    -1.01374 0.000809626
        1365       -1.02    -1.01374 0.000809046
        1366       -1.02    -1.01375 0.000808466
        1367       -1.02    -1.01375 0.000807888
        1368       -1.02    -1.01375  0.00080731
        1369       -1.02    -1.01376 0.000806733
        1370       -1.02    -1.01376 0.000806157
        1371       -1.02    -1.01377 0.000805582
        1372       -1.02    -1.01377 0.000805008
        1373       -1.02    -1.01378 0.000804434
        1374       -1.02    -1.01378 0.000803862
        1375       -1.02    -1.01379  0.00080329
        1376       -1.02    -1.01379 0.000802719
        1377       -1.02     -1.0138 0.000802148
        1378       -1.02     -1.0138 0.000801579
        1379       -1.02     -1.0138  0.00080101
        1380       -1.02    -1.01381 0.000800442
        1381       -1.02    -1.01381 0.000799875
        1382       -1.02    -1.01382 0.000799309
        1383       -1.02    -1.01382 0.000798744
        1384       -1.02    -1.01383 0.000798179
        1385       -1.02    -1.01383 0.000797615
        1386       -1.02    -1.01384 0.000797052
        1387       -1.02    -1.01384  0.00079649
        1388       -1.02    -1.01384 0.000795928
        1389       -1.02    -1.01385 0.000795368
        1390       -1.02    -1.01385 0.000794808
        1391       -1.02    -1.01386 0.000794249
        1392     -0.9384     -1.0138 0.000795526
        1393      -0.936    -1.01375 0.000796913
        1394     -0.9376    -1.01369 0.000798211
        1395     -0.9384    -1.01364 0.000799462
        1396     -0.9384    -1.01359 0.000800704
        1397       -1.02    -1.01359 0.000800144
        1398       -1.02    -1.01359 0.000799585
        1399       -1.02     -1.0136 0.000799026
        1400       -1.02     -1.0136 0.000798469
        1401       -1.02    -1.01361 0.000797912
        1402       -1.02    -1.01361 0.000797356
        1403       -1.02    -1.01362   0.0007968
        1404       -1.02    -1.01362 0.000796246
        1405       -1.02    -1.01363 0.000795692
        1406       -1.02    -1.01363 0.000795139
        1407       -1.02    -1.01364 0.000794587
        1408       -1.02    -1.01364 0.000794035
        1409       -1.02    -1.01364 0.000793484
        1410       -1.02    -1.01365 0.000792934
        1411       -1.02    -1.01365 0.000792385
        1412       -1.02    -1.01366 0.000791837
        1413       -1.02    -1.01366 0.000791289
        1414       -1.02    -1.01367 0.000790742
        1415       -1.02    -1.01367 0.000790196
        1416       -1.02    -1.01368 0.000789651
        1417       -1.02    -1.01368 0.000789106
        1418       -1.02    -1.01369 0.000788562
        1419       -1.02    -1.01369 0.000788019
        1420       -1.02    -1.01369 0.000787477
        1421       -1.02     -1.0137 0.000786935
        1422       -1.02     -1.0137 0.000786394
        1423       -1.02    -1.01371 0.000785854
        1424       -1.02    -1.01371 0.000785314
        1425       -1.02    -1.01372 0.000784776
        1426       -1.02    -1.01372 0.000784238
        1427       -1.02    -1.01373   0.0007837
        1428       -1.02    -1.01373 0.000783164
        1429       -1.02    -1.01373 0.000782628
        1430       -1.02    -1.01374 0.000782093
        1431       -1.02    -1.01374 0.000781559
        1432       -1.02    -1.01375 0.000781025
        1433       -1.02    -1.01375 0.000780492
        1434       -1.02    -1.01376  0.00077996
        1435       -1.02    -1.01376 0.000779429
        1436       -1.02    -1.01376 0.000778898
        1437       -1.02    -1.01377 0.000778368
        1438       -1.02    -1.01377 0.000777839
        1439       -1.02    -1.01378 0.000777311
        1440       -1.02    -1.01378 0.000776783
        1441       -1.02    -1.01379 0.000776256
        1442       -1.02    -1.01379 0.000775729
        1443       -1.02    -1.01379 0.000775204
        1444       -1.02     -1.0138 0.000774679
        1445       -1.02     -1.0138 0.000774155
        1446       -1.02    -1.01381 0.000773631
        1447       -1.02    -1.01381 0.000773108
        1448     -0.9392    -1.01376  0.00077429
        1449       -1.02    -1.01376 0.000773767
        1450       -1.02    -1.01377 0.000773246
        1451       -1.02    -1.01377 0.000772725
        1452       -1.02    -1.01378 0.000772204
        1453       -1.02    -1.01378 0.000771685
        1454       -1.02    -1.01379 0.000771166
        1455       -1.02    -1.01379 0.000770648
        1456       -1.02    -1.01379  0.00077013
        1457       -1.02     -1.0138 0.000769613
        1458       -1.02     -1.0138 0.000769097
        1459       -1.02    -1.01381 0.000768582
        1460       -1.02    -1.01381 0.000768067
        1461       -1.02    -1.01382 0.000767553
        1462       -1.02    -1.01382  0.00076704
        1463       -1.02    -1.01382 0.000766527
        1464       -1.02    -1.01383 0.000766015
        1465       -1.02    -1.01383 0.000765504
        1466       -1.02    -1.01384 0.000764993
        1467       -1.02    -1.01384 0.000764483
        1468       -1.02    -1.01385 0.000763974
        1469       -1.02    -1.01385 0.000763465
        1470       -1.02    -1.01385 0.000762958
        1471       -1.02    -1.01386  0.00076245
        1472       -1.02    -1.01386 0.000761944
        1473       -1.02    -1.01387 0.000761438
        1474       -1.02    -1.01387 0.000760933
        1475       -1.02    -1.01387 0.000760428
        1476       -1.02    -1.01388 0.000759924
        1477       -1.02    -1.01388 0.000759421
        1478       -1.02    -1.01389 0.000758919
        1479       -1.02    -1.01389 0.000758417
        1480       -1.02     -1.0139 0.000757915
        1481       -1.02     -1.0139 0.000757415
        1482       -1.02     -1.0139 0.000756915
        1483       -1.02    -1.01391 0.000756416
        1484       -1.02    -1.01391 0.000755917
        1485       -1.02    -1.01392 0.000755419
        1486       -1.02    -1.01392 0.000754922
        1487       -1.02    -1.01392 0.000754425
        1488       -1.02    -1.01393 0.000753929
        1489       -1.02    -1.01393 0.000753434
        1490       -1.02    -1.01394 0.000752939
        1491       -1.02    -1.01394 0.000752445
        1492       -1.02    -1.01394 0.000751952
        1493       -1.02    -1.01395 0.000751459
        1494       -1.02    -1.01395 0.000750967
        1495       -1.02    -1.01396 0.000750476
        1496       -1.02    -1.01396 0.000749985
        1497       -1.02    -1.01396 0.000749495
        1498       -1.02    -1.01397 0.000749006
        1499       -1.02    -1.01397 0.000748517
        1500       -1.02    -1.01398 0.000748028
        1501       -1.02    -1.01398 0.000747541
        1502       -1.02    -1.01398 0.000747054
        1503       -1.02    -1.01399 0.000746568
        1504       -1.02    -1.01399 0.000746082
        1505     -0.9392    -1.01394 0.000747239
        1506     -0.9384    -1.01389 0.000748425
        1507     -0.9384    -1.01384 0.000749603
        1508     -0.9368    -1.01379 0.000750845
        1509     -0.9392    -1.01374 0.000751973
        1510     -0.8568    -1.01364 0.000758623
        1511     -0.9384    -1.01359 0.000759754
        1512     -0.9384    -1.01354 0.000760877
        1513     -0.9384    -1.01349 0.000761993
        1514     -0.9368    -1.01344 0.000763171
        1515     -0.9376    -1.01339 0.000764308
        1516     -0.9384    -1.01334 0.000765402
        1517       -1.02    -1.01334  0.00076491
        1518       -1.02    -1.01335 0.000764419
        1519       -1.02    -1.01335 0.000763928
        1520       -1.02    -1.01336 0.000763438
        1521       -1.02    -1.01336 0.000762949
        1522       -1.02    -1.01337  0.00076246
        1523       -1.02    -1.01337 0.000761972
        1524       -1.02    -1.01337 0.000761484
        1525       -1.02    -1.01338 0.000760997
        1526       -1.02    -1.01338 0.000760511
        1527       -1.02    -1.01339 0.000760025
        1528       -1.02    -1.01339  0.00075954
        1529       -1.02     -1.0134 0.000759056
        1530       -1.02     -1.0134 0.000758572
        1531       -1.02     -1.0134 0.000758089
        1532       -1.02    -1.01341 0.000757606
        1533       -1.02    -1.01341 0.000757124
        1534       -1.02    -1.01342 0.000756643
        1535       -1.02    -1.01342 0.000756162
        1536       -1.02    -1.01343 0.000755682
        1537       -1.02    -1.01343 0.000755202
        1538       -1.02    -1.01343 0.000754723
        1539       -1.02    -1.01344 0.000754245
        1540       -1.02    -1.01344 0.000753767
        1541       -1.02    -1.01345  0.00075329
        1542       -1.02    -1.01345 0.000752814
        1543       -1.02    -1.01346 0.000752338
        1544       -1.02    -1.01346 0.000751862
        1545       -1.02    -1.01346 0.000751388
        1546       -1.02    -1.01347 0.000750914
        1547       -1.02    -1.01347  0.00075044
        1548       -1.02    -1.01348 0.000749967
        1549       -1.02    -1.01348 0.000749495
        1550       -1.02    -1.01348 0.000749023
        1551       -1.02    -1.01349 0.000748552
        1552       -1.02    -1.01349 0.000748081
        1553       -1.02     -1.0135 0.000747611
        1554       -1.02     -1.0135 0.000747142
        1555       -1.02    -1.01351 0.000746673
        1556       -1.02    -1.01351 0.000746205
        1557       -1.02    -1.01351 0.000745737
        1558       -1.02    -1.01352  0.00074527
        1559       -1.02    -1.01352 0.000744804
        1560       -1.02    -1.01353 0.000744338
        1561       -1.02    -1.01353 0.000743873
        1562       -1.02    -1.01353 0.000743408
        1563       -1.02    -1.01354 0.000742944
        1564       -1.02    -1.01354  0.00074248
        1565       -1.02    -1.01355 0.000742017
        1566       -1.02    -1.01355 0.000741555
        1567       -1.02    -1.01356 0.000741093
        1568       -1.02    -1.01356 0.000740632
        1569       -1.02    -1.01356 0.000740171
        1570       -1.02    -1.01357 0.000739711
        1571       -1.02    -1.01357 0.000739252
        1572       -1.02    -1.01358 0.000738793
        1573       -1.02    -1.01358 0.000738334
        1574       -1.02    -1.01358 0.000737877
        1575       -1.02    -1.01359 0.000737419
        1576       -1.02    -1.01359 0.000736963
        1577       -1.02     -1.0136 0.000736507
        1578       -1.02     -1.0136 0.000736051
        1579       -1.02     -1.0136 0.000735596
        1580       -1.02    -1.01361 0.000735142
        1581       -1.02    -1.01361 0.000734688
        1582       -1.02    -1.01362 0.000734234
        1583       -1.02    -1.01362 0.000733782
        1584       -1.02    -1.01362 0.000733329
        1585       -1.02    -1.01363 0.000732878
        1586       -1.02    -1.01363 0.000732427
        1587       -1.02    -1.01364 0.000731976
        1588       -1.02    -1.01364 0.000731526
        1589       -1.02    -1.01364 0.000731077
        1590       -1.02    -1.01365 0.000730628
        1591       -1.02    -1.01365  0.00073018
        1592       -1.02    -1.01366 0.000729732
        1593       -1.02    -1.01366 0.000729285
        1594       -1.02    -1.01366 0.000728838
        1595       -1.02    -1.01367 0.000728392
        1596       -1.02    -1.01367 0.000727946
        1597       -1.02    -1.01368 0.000727501
        1598       -1.02    -1.01368 0.000727057
        1599       -1.02    -1.01368 0.000726613
        1600       -1.02    -1.01369 0.000726169
        1601       -1.02    -1.01369 0.000725726
        1602       -1.02     -1.0137 0.000725284
        1603       -1.02     -1.0137 0.000724842
        1604       -1.02     -1.0137 0.000724401
        1605       -1.02    -1.01371  0.00072396
        1606       -1.02    -1.01371  0.00072352
        1607       -1.02    -1.01372  0.00072308
        1608       -1.02    -1.01372 0.000722641
        1609       -1.02    -1.01372 0.000722203
        1610       -1.02    -1.01373 0.000721765
        1611       -1.02    -1.01373 0.000721327
        1612       -1.02    -1.01374  0.00072089
        1613       -1.02    -1.01374 0.000720454
        1614       -1.02    -1.01374 0.000720018
        1615       -1.02    -1.01375 0.000719582
        1616       -1.02    -1.01375 0.000719148
        1617       -1.02    -1.01375 0.000718713
        1618       -1.02    -1.01376 0.000718279
        1619       -1.02    -1.01376 0.000717846
        1620     -0.9384    -1.01372 0.000718909
        1621     -0.9384    -1.01367 0.000719965
        1622     -0.9392    -1.01362 0.000720984
        1623     -0.9376    -1.01358 0.000722059
        1624     -0.9368    -1.01353 0.000723161
        1625      -0.936    -1.01348 0.000724288
        1626     -0.9312    -1.01343 0.000725608
        1627      -0.852    -1.01333 0.000731914
        1628     -0.9312    -1.01328 0.000733201
        1629     -0.9328    -1.01323 0.000734414
        1630     -0.9328    -1.01318 0.000735619
        1631     -0.9344    -1.01313 0.000736753
        1632     -0.9336    -1.01309 0.000737911
        1633     -0.9336    -1.01304 0.000739063
        1634     -0.9336    -1.01299 0.000740208
        1635     -0.9336    -1.01294 0.000741346
        1636     -0.9368    -1.01289 0.000742352
        1637     -0.9368    -1.01285 0.000743353
        1638     -0.9368     -1.0128 0.000744347
        1639     -0.9368    -1.01275 0.000745336
        1640     -0.9368    -1.01271 0.000746319
        1641     -0.9376    -1.01266 0.000747266
        1642      -0.936    -1.01262 0.000748268
        1643     -0.9344    -1.01257 0.000749326
        1644     -0.9352    -1.01252 0.000750346
        1645     -0.9368    -1.01247 0.000751301
        1646      -0.936    -1.01243 0.000752279
        1647     -0.9376    -1.01238 0.000753193
        1648     -0.9376    -1.01234 0.000754102
        1649     -0.9384    -1.01229 0.000754977
        1650     -0.9392    -1.01225 0.000755818
        1651     -0.9384     -1.0122 0.000756682
        1652      -0.936    -1.01216 0.000757629
        1653     -0.9368    -1.01211 0.000758541
        1654     -0.9392    -1.01207 0.000759362
        1655     -0.9376    -1.01202 0.000760235
        1656     -0.9368    -1.01198 0.000761132
        1657     -0.9384    -1.01193 0.000761967
        1658       -1.02    -1.01194 0.000761523
        1659       -1.02    -1.01194 0.000761079
        1660       -1.02    -1.01195 0.000760636
        1661       -1.02    -1.01195 0.000760194
        1662       -1.02    -1.01196 0.000759752
        1663       -1.02    -1.01196  0.00075931
        1664       -1.02    -1.01197 0.000758869
        1665       -1.02    -1.01197 0.000758429
        1666       -1.02    -1.01198 0.000757989
        1667       -1.02    -1.01198 0.000757549
        1668       -1.02    -1.01199 0.000757111
        1669       -1.02    -1.01199 0.000756672
        1670       -1.02      -1.012 0.000756234
        1671       -1.02      -1.012 0.000755797
        1672       -1.02    -1.01201  0.00075536
        1673       -1.02    -1.01201 0.000754924
        1674       -1.02    -1.01201 0.000754488
        1675       -1.02    -1.01202 0.000754052
        1676       -1.02    -1.01202 0.000753617
        1677       -1.02    -1.01203 0.000753183
        1678       -1.02    -1.01203 0.000752749
        1679       -1.02    -1.01204 0.000752316
        1680       -1.02    -1.01204 0.000751883
        1681       -1.02    -1.01205 0.000751451
        1682       -1.02    -1.01205 0.000751019
        1683       -1.02    -1.01206 0.000750587
        1684       -1.02    -1.01206 0.000750156
        1685       -1.02    -1.01207 0.000749726
        1686       -1.02    -1.01207 0.000749296
        1687       -1.02    -1.01208 0.000748867
        1688       -1.02    -1.01208 0.000748438
        1689       -1.02    -1.01209 0.000748009
        1690       -1.02    -1.01209 0.000747581
        1691       -1.02     -1.0121 0.000747154
        1692       -1.02     -1.0121 0.000746727
        1693       -1.02     -1.0121   0.0007463
        1694       -1.02    -1.01211 0.000745874
        1695       -1.02    -1.01211 0.000745449
        1696       -1.02    -1.01212 0.000745024
        1697       -1.02    -1.01212 0.000744599
        1698       -1.02    -1.01213 0.000744175
        1699       -1.02    -1.01213 0.000743752
        1700       -1.02    -1.01214 0.000743329
        1701       -1.02    -1.01214 0.000742906
        1702       -1.02    -1.01215 0.000742484
        1703       -1.02    -1.01215 0.000742062
        1704       -1.02    -1.01216 0.000741641
        1705       -1.02    -1.01216  0.00074122
        1706       -1.02    -1.01216   0.0007408
        1707       -1.02    -1.01217  0.00074038
        1708       -1.02    -1.01217 0.000739961
        1709       -1.02    -1.01218 0.000739542
        1710       -1.02    -1.01218 0.000739124
        1711       -1.02    -1.01219 0.000738706
        1712       -1.02    -1.01219 0.000738289
        1713       -1.02     -1.0122 0.000737872
        1714       -1.02     -1.0122 0.000737455
        1715       -1.02    -1.01221 0.000737039
        1716       -1.02    -1.01221 0.000736624
        1717       -1.02    -1.01221 0.000736209
        1718       -1.02    -1.01222 0.000735794
        1719       -1.02    -1.01222  0.00073538
        1720       -1.02    -1.01223 0.000734966
        1721       -1.02    -1.01223 0.000734553
        1722       -1.02    -1.01224  0.00073414
        1723       -1.02    -1.01224 0.000733728
        1724       -1.02    -1.01225 0.000733316
        1725       -1.02    -1.01225 0.000732905
        1726       -1.02    -1.01226 0.000732494
        1727       -1.02    -1.01226 0.000732084
        1728       -1.02    -1.01226 0.000731674
        1729       -1.02    -1.01227 0.000731264
        1730       -1.02    -1.01227 0.000730855
        1731       -1.02    -1.01228 0.000730447
        1732       -1.02    -1.01228 0.000730038
        1733       -1.02    -1.01229 0.000729631
        1734       -1.02    -1.01229 0.000729224
        1735       -1.02     -1.0123 0.000728817
        1736       -1.02     -1.0123  0.00072841
        1737       -1.02     -1.0123 0.000728005
        1738       -1.02    -1.01231 0.000727599
        1739       -1.02    -1.01231 0.000727194
        1740       -1.02    -1.01232  0.00072679
        1741       -1.02    -1.01232 0.000726386
        1742       -1.02    -1.01233 0.000725982
        1743       -1.02    -1.01233 0.000725579
        1744       -1.02    -1.01234 0.000725176
        1745       -1.02    -1.01234 0.000724774
        1746       -1.02    -1.01234 0.000724372
        1747       -1.02    -1.01235 0.000723971
        1748       -1.02    -1.01235  0.00072357
        1749       -1.02    -1.01236 0.000723169
        1750       -1.02    -1.01236 0.000722769
        1751       -1.02    -1.01237  0.00072237
        1752       -1.02    -1.01237  0.00072197
        1753       -1.02    -1.01237 0.000721572
        1754       -1.02    -1.01238 0.000721173
        1755       -1.02    -1.01238 0.000720776
        1756       -1.02    -1.01239 0.000720378
        1757       -1.02    -1.01239 0.000719981
        1758       -1.02     -1.0124 0.000719585
        1759       -1.02     -1.0124 0.000719189
        1760       -1.02     -1.0124 0.000718793
        1761       -1.02    -1.01241 0.000718398
        1762       -1.02    -1.01241 0.000718003
        1763       -1.02    -1.01242 0.000717608
        1764       -1.02    -1.01242 0.000717215
        1765       -1.02    -1.01243 0.000716821
        1766       -1.02    -1.01243 0.000716428
        1767       -1.02    -1.01244 0.000716035
        1768       -1.02    -1.01244 0.000715643
        1769       -1.02    -1.01244 0.000715251
        1770       -1.02    -1.01245  0.00071486
        1771       -1.02    -1.01245 0.000714469
        1772       -1.02    -1.01246 0.000714079
        1773       -1.02    -1.01246 0.000713688
        1774       -1.02    -1.01246 0.000713299
        1775       -1.02    -1.01247  0.00071291
        1776       -1.02    -1.01247 0.000712521
        1777       -1.02    -1.01248 0.000712132
        1778     -0.9376    -1.01244 0.000712976
        1779     -0.9368    -1.01239 0.000713842
        1780     -0.9352    -1.01235 0.000714757
        1781     -0.9344    -1.01231 0.000715694
        1782      -0.936    -1.01226 0.000716572
        1783     -0.9352    -1.01222 0.000717473
        1784     -0.9376    -1.01218 0.000718289
        1785     -0.9368    -1.01214 0.000719127
        1786     -0.9376    -1.01209 0.000719934
        1787     -0.9368    -1.01205 0.000720763
        1788     -0.9344    -1.01201 0.000721667
        1789     -0.9336    -1.01196 0.000722593
        1790     -0.9328    -1.01192 0.000723542
        1791     -0.9336    -1.01188 0.000724458
        1792     -0.9344    -1.01183 0.000725343
        1793     -0.9344    -1.01179 0.000726223
        1794     -0.9352    -1.01175 0.000727072
        1795     -0.9352     -1.0117 0.000727916
        1796     -0.9352    -1.01166 0.000728756
        1797     -0.9376    -1.01162 0.000729515
        1798     -0.9368    -1.01158 0.000730296
        1799     -0.9368    -1.01154 0.000731072
        1800      -0.936     -1.0115 0.000731869
        1801      -0.936    -1.01145 0.000732662
        1802      -0.936    -1.01141 0.000733451
        1803     -0.9376    -1.01137 0.000734186
        1804     -0.9368    -1.01133 0.000734942
        1805     -0.9344    -1.01129 0.000735769
        1806     -0.9328    -1.01124 0.000736644
        1807      -0.932     -1.0112 0.000737541
        1808     -0.9328    -1.01116 0.000738406
        1809     -0.9336    -1.01111 0.000739242
        1810      -0.936    -1.01107 0.000739997
        1811     -0.9368    -1.01103 0.000740724
        1812     -0.9376    -1.01099 0.000741423
        1813     -0.9384    -1.01095 0.000742095
        1814     -0.9384    -1.01091 0.000742763
        1815     -0.9392    -1.01087 0.000743403
        1816       -1.02    -1.01088 0.000743011
        1817       -1.02    -1.01088 0.000742619
        1818       -1.02    -1.01089 0.000742228
        1819       -1.02    -1.01089 0.000741836
        1820       -1.02     -1.0109 0.000741446
        1821       -1.02     -1.0109 0.000741055
        1822       -1.02    -1.01091 0.000740665
        1823       -1.02    -1.01091 0.000740276
        1824       -1.02    -1.01092 0.000739887
        1825       -1.02    -1.01092 0.000739498
        1826       -1.02    -1.01093  0.00073911
        1827       -1.02    -1.01093 0.000738722
        1828       -1.02    -1.01094 0.000738335
        1829       -1.02    -1.01094 0.000737948
        1830       -1.02    -1.01095 0.000737561
        1831       -1.02    -1.01095 0.000737175
        1832       -1.02    -1.01096 0.000736789
        1833       -1.02    -1.01096 0.000736403
        1834       -1.02    -1.01097 0.000736018
        1835       -1.02    -1.01097 0.000735634
        1836       -1.02    -1.01098 0.000735249
        1837       -1.02    -1.01098 0.000734866
        1838       -1.02    -1.01099 0.000734482
        1839       -1.02    -1.01099 0.000734099
        1840       -1.02      -1.011 0.000733717
        1841       -1.02      -1.011 0.000733334
        1842       -1.02      -1.011 0.000732952
        1843       -1.02    -1.01101 0.000732571
        1844       -1.02    -1.01101  0.00073219
        1845       -1.02    -1.01102 0.000731809
        1846       -1.02    -1.01102 0.000731429
        1847       -1.02    -1.01103 0.000731049
        1848       -1.02    -1.01103  0.00073067
        1849       -1.02    -1.01104 0.000730291
        1850       -1.02    -1.01104 0.000729912
        1851       -1.02    -1.01105 0.000729534
        1852       -1.02    -1.01105 0.000729156
        1853       -1.02    -1.01106 0.000728778
        1854       -1.02    -1.01106 0.000728401
        1855       -1.02    -1.01107 0.000728024
        1856       -1.02    -1.01107 0.000727648
        1857       -1.02    -1.01108 0.000727272
        1858       -1.02    -1.01108 0.000726896
        1859       -1.02    -1.01109 0.000726521
        1860       -1.02    -1.01109 0.000726146
        1861       -1.02     -1.0111 0.000725772
        1862       -1.02     -1.0111 0.000725398
        1863       -1.02    -1.01111 0.000725024
        1864       -1.02    -1.01111 0.000724651
        1865       -1.02    -1.01112 0.000724278
        1866       -1.02    -1.01112 0.000723906
        1867       -1.02    -1.01113 0.000723534
        1868       -1.02    -1.01113 0.000723162
        1869       -1.02    -1.01113 0.000722791
        1870       -1.02    -1.01114  0.00072242
        1871       -1.02    -1.01114 0.000722049
        1872       -1.02    -1.01115 0.000721679
        1873       -1.02    -1.01115 0.000721309
        1874       -1.02    -1.01116 0.000720939
        1875       -1.02    -1.01116  0.00072057
        1876       -1.02    -1.01117 0.000720202
        1877       -1.02    -1.01117 0.000719833
        1878       -1.02    -1.01118 0.000719465
        1879       -1.02    -1.01118 0.000719098
        1880       -1.02    -1.01119 0.000718731
        1881       -1.02    -1.01119 0.000718364
        1882       -1.02     -1.0112 0.000717997
        1883       -1.02     -1.0112 0.000717631
        1884       -1.02    -1.01121 0.000717266
        1885       -1.02    -1.01121   0.0007169
        1886       -1.02    -1.01121 0.000716535
        1887       -1.02    -1.01122 0.000716171
        1888       -1.02    -1.01122 0.000715806
        1889       -1.02    -1.01123 0.000715443
        1890       -1.02    -1.01123 0.000715079
        1891       -1.02    -1.01124 0.000714716
        1892       -1.02    -1.01124 0.000714353
        1893       -1.02    -1.01125 0.000713991
        1894       -1.02    -1.01125 0.000713629
        1895       -1.02    -1.01126 0.000713267
        1896       -1.02    -1.01126 0.000712906
        1897       -1.02    -1.01127 0.000712545
        1898       -1.02    -1.01127 0.000712184
        1899       -1.02    -1.01127 0.000711824
        1900       -1.02    -1.01128 0.000711464
        1901       -1.02    -1.01128 0.000711105
        1902       -1.02    -1.01129 0.000710746
        1903       -1.02    -1.01129 0.000710387
        1904       -1.02     -1.0113 0.000710029
        1905       -1.02     -1.0113 0.000709671
        1906       -1.02    -1.01131 0.000709313
        1907       -1.02    -1.01131 0.000708956
        1908       -1.02    -1.01132 0.000708599
        1909       -1.02    -1.01132 0.000708242
        1910       -1.02    -1.01133 0.000707886
        1911       -1.02    -1.01133  0.00070753
        1912       -1.02    -1.01133 0.000707175
        1913       -1.02    -1.01134 0.000706819
        1914       -1.02    -1.01134 0.000706465
        1915       -1.02    -1.01135  0.00070611
        1916       -1.02    -1.01135 0.000705756
        1917       -1.02    -1.01136 0.000705402
        1918       -1.02    -1.01136 0.000705049
        1919       -1.02    -1.01137 0.000704696
        1920       -1.02    -1.01137 0.000704343
        1921       -1.02    -1.01137 0.000703991
        1922       -1.02    -1.01138 0.000703639
        1923       -1.02    -1.01138 0.000703287
        1924       -1.02    -1.01139 0.000702936
        1925       -1.02    -1.01139 0.000702585
        1926       -1.02     -1.0114 0.000702234
        1927       -1.02     -1.0114 0.000701884
        1928       -1.02    -1.01141 0.000701534
        1929       -1.02    -1.01141 0.000701185
        1930       -1.02    -1.01142 0.000700836
        1931       -1.02    -1.01142 0.000700487
        1932       -1.02    -1.01142 0.000700138
        1933       -1.02    -1.01143  0.00069979
        1934       -1.02    -1.01143 0.000699442
        1935       -1.02    -1.01144 0.000699095
        1936       -1.02    -1.01144 0.000698748
        1937       -1.02    -1.01145 0.000698401
        1938       -1.02    -1.01145 0.000698055
        1939       -1.02    -1.01145 0.000697708
        1940       -1.02    -1.01146 0.000697363
        1941       -1.02    -1.01146 0.000697017
        1942       -1.02    -1.01147 0.000696672
        1943     -0.9376    -1.01143  0.00069735
        1944     -0.9392    -1.01139 0.000697981
        1945       -1.02     -1.0114 0.000697636
        1946       -1.02     -1.0114 0.000697291
        1947       -1.02    -1.01141 0.000696947
        1948       -1.02    -1.01141 0.000696603
        1949       -1.02    -1.01142  0.00069626
        1950       -1.02    -1.01142 0.000695917
        1951       -1.02    -1.01142 0.000695574
        1952       -1.02    -1.01143 0.000695232
        1953       -1.02    -1.01143 0.000694889
        1954       -1.02    -1.01144 0.000694548
        1955       -1.02    -1.01144 0.000694206
        1956       -1.02    -1.01145 0.000693865
        1957       -1.02    -1.01145 0.000693524
        1958     -0.9376    -1.01141 0.000694195
        1959       -1.02    -1.01142 0.000693854
        1960       -1.02    -1.01142 0.000693514
        1961       -1.02    -1.01143 0.000693174
        1962       -1.02    -1.01143 0.000692835
        1963       -1.02    -1.01143 0.000692496
        1964       -1.02    -1.01144 0.000692157
        1965       -1.02    -1.01144 0.000691818
        1966       -1.02    -1.01145  0.00069148
        1967       -1.02    -1.01145 0.000691142
        1968       -1.02    -1.01146 0.000690805
        1969       -1.02    -1.01146 0.000690467
        1970       -1.02    -1.01146 0.000690131
        1971       -1.02    -1.01147 0.000689794
        1972       -1.02    -1.01147 0.000689458
        1973       -1.02    -1.01148 0.000689122
        1974       -1.02    -1.01148 0.000688786
        1975       -1.02    -1.01149 0.000688451
        1976       -1.02    -1.01149 0.000688116
        1977       -1.02    -1.01149 0.000687781
        1978       -1.02     -1.0115 0.000687447
        1979       -1.02     -1.0115 0.000687113
        1980       -1.02    -1.01151  0.00068678
        1981       -1.02    -1.01151 0.000686446
        1982       -1.02    -1.01152 0.000686113
        1983       -1.02    -1.01152 0.000685781
        1984       -1.02    -1.01152 0.000685448
        1985       -1.02    -1.01153 0.000685116
        1986       -1.02    -1.01153 0.000684785
        1987       -1.02    -1.01154 0.000684453
        1988       -1.02    -1.01154 0.000684122
        1989       -1.02    -1.01155 0.000683791
        1990       -1.02    -1.01155 0.000683461
        1991       -1.02    -1.01155 0.000683131
        1992       -1.02    -1.01156 0.000682801
        1993       -1.02    -1.01156 0.000682472
        1994       -1.02    -1.01157 0.000682143
        1995       -1.02    -1.01157 0.000681814
        1996     -0.9384    -1.01154 0.000682457
        1997      -0.936     -1.0115 0.000683163
        1998      -0.936    -1.01146 0.000683865
        1999     -0.9352    -1.01142 0.000684586
        2000     -0.9368    -1.01138  0.00068526
