#     BLOCK:   ACTUAL_X:     X_AVE:       ERROR:
           1       19.36       19.36           0
           2        2.56       10.96      5.9397
           3       10.24       10.72     3.96464
           4        5.76        9.48     3.16146
           5           4       8.384      2.7125
           6        5.76     7.94667      2.2954
           7        2.56     7.17714      2.0925
           8        0.16         6.3     2.00638
           9        2.56     5.88444     1.82597
          10        2.56       5.552     1.67337
          11        5.76     5.57091     1.52135
          12           4        5.44     1.40019
          13       10.24     5.80923     1.34028
          14       27.04     7.32571     1.91947
          15       31.36       8.928     2.36763
          16       31.36       10.33     2.60184
          17          36       11.84     2.85352
          18       23.04     12.4622       2.762
          19       23.04     13.0189     2.67215
          20       31.36      13.936     2.69131
          21       40.96     15.2229     2.85427
          22       40.96     16.3927     2.95457
          23       27.04     16.8557     2.86214
          24       19.36       16.96     2.74479
          25          16     16.9216     2.63527
          26       12.96     16.7692     2.53831
          27       12.96     16.6281     2.44822
          28       10.24        16.4     2.37139
          29        5.76     16.0331     2.31782
          30        7.84       15.76      2.2566
          31       19.36     15.8761     2.18679
          32       12.96      15.785     2.12035
          33       19.36     15.8933     2.05886
          34       23.04     16.1035     2.00901
          35       31.36     16.5394     1.99834
          36       31.36     16.9511     1.98478
          37       40.96        17.6     2.03445
          38          36     18.0842     2.03772
          39       19.36     18.1169     1.98573
          40          16      18.064     1.93679
          41       19.36     18.0956     1.88981
          42       23.04     18.2133     1.84848
          43          16     18.1619     1.80621
          44          16     18.1127     1.76582
          45       12.96     17.9982     1.73029
          46       19.36     18.0278     1.69293
          47       27.04     18.2196     1.66774
          48       19.36     18.2433     1.63316
          49       12.96     18.1355     1.60339
          50       19.36       18.16      1.5715
          51       23.04     18.2557      1.5436
          52       27.04     18.4246     1.52313
          53       31.36     18.6687     1.51382
          54       23.04     18.7496     1.48795
          55       23.04     18.8276     1.46294
          56       19.36     18.8371     1.43685
          57          16     18.7874      1.4125
          58       12.96     18.6869     1.39172
          59       12.96     18.5898     1.37151
          60       12.96      18.496     1.35186
          61       10.24     18.3607     1.33645
          62       10.24     18.2297      1.3213
          63       10.24     18.1029      1.3064
          64       10.24       17.98     1.29175
          65       19.36     18.0012     1.27205
          66       19.36     18.0218     1.25294
          67          16     17.9916     1.23461
          68       10.24     17.8776      1.2217
          69       10.24      17.767       1.209
          70        5.76     17.5954     1.20384
          71        5.76     17.4287     1.19837
          72       10.24     17.3289     1.18587
          73       10.24     17.2318      1.1736
          74       12.96     17.1741     1.15916
          75        5.76     17.0219     1.15365
          76        7.84     16.9011     1.14478
          77          16     16.8894     1.12997
          78       19.36      16.921     1.11593
          79       12.96     16.8709     1.10293
          80       12.96      16.822     1.09022
          81       12.96     16.7743     1.07781
          82          16     16.7649      1.0647
          83       23.04     16.8405     1.05456
          84       27.04     16.9619     1.04897
          85       40.96     17.2442     1.07395
          86       46.24     17.5814     1.11313
          87       57.76     18.0432      1.1923
          88       40.96     18.3036     1.20685
          89       46.24     18.6175     1.23344
          90       51.84     18.9867     1.27377
          91       57.76     19.4127     1.32913
          92       51.84     19.7652     1.36061
          93          64     20.2409      1.4267
          94       77.44     20.8494     1.53582
          95         100     21.6825     1.73095
          96         100     22.4983     1.89544
          97         100     23.2973     2.03735
          98         100       24.08     2.16168
          99         100     24.8469      2.2718
         100         100     25.5984     2.37013
         101         100      26.335     2.45848
         102         100     27.0573     2.53824
         103         100     27.7654     2.61052
         104         100       28.46     2.67623
         105         100     29.1413     2.73609
         106         100     29.8098     2.79075
         107         100     30.4658     2.84072
         108         100     31.1096     2.88645
         109         100     31.7417     2.92835
         110         100     32.3622     2.96674
         111         100     32.9715     3.00194
         112         100       33.57     3.03421
         113         100     34.1579     3.06378
         114         100     34.7354     3.09086
         115         100      35.303     3.11565
         116         100     35.8607     3.13832
         117         100     36.4089     3.15901
         118         100     36.9478     3.17787
         119         100     37.4776     3.19503
         120         100     37.9987     3.21061
         121         100     38.5111     3.22471
         122         100     39.0151     3.23742
         123         100     39.5109     3.24885
         124         100     39.9987     3.25906
         125         100     40.4787     3.26815
         126         100     40.9511     3.27617
         127         100     41.4161      3.2832
         128         100     41.8738      3.2893
         129         100     42.3243     3.29452
         130         100      42.768     3.29891
         131         100     43.2049     3.30253
         132         100     43.6352     3.30542
         133         100     44.0589     3.30763
         134         100     44.4764     3.30918
         135         100     44.8877     3.31013
         136         100     45.2929     3.31051
         137         100     45.6923     3.31034
         138         100     46.0858     3.30966
         139         100     46.4737      3.3085
         140         100      46.856     3.30688
         141         100     47.2329     3.30484
         142         100     47.6045     3.30239
         143         100     47.9709     3.29956
         144         100     48.3322     3.29637
         145         100     48.6886     3.29284
         146         100       49.04     3.28899
         147         100     49.3867     3.28483
         148         100     49.7286     3.28039
         149         100      50.066     3.27568
         150         100     50.3989     3.27071
         151         100     50.7274     3.26551
         152         100     51.0516     3.26007
         153         100     51.3715     3.25443
         154         100     51.6873     3.24858
         155         100      51.999     3.24254
         156         100     52.3067     3.23632
         157         100     52.6104     3.22993
         158       92.16     52.8608     3.21917
         159       92.16     53.1079      3.2084
         160       92.16      53.352     3.19762
         161       92.16      53.593     3.18683
         162       84.64     53.7847     3.17291
         163       77.44     53.9298     3.15677
         164       77.44     54.0732     3.14077
         165          64     54.1333     3.12231
         166       57.76     54.1552     3.10358
         167       57.76     54.1768     3.08507
         168       51.84     54.1629     3.06674
         169       46.24      54.116     3.04895
         170       40.96     54.0386       3.032
         171       40.96     53.9621     3.01523
         172          36     53.8577     2.99951
         173       40.96     53.7831      2.9831
         174       40.96     53.7094     2.96686
         175          36     53.6082     2.95163
         176       46.24     53.5664     2.93516
         177       40.96     53.4951     2.91944
         178       46.24     53.4544     2.90332
         179       31.36     53.3309     2.88973
         180          36     53.2347     2.87528
         181       51.84      53.227      2.8594
         182       51.84     53.2193      2.8437
         183       51.84     53.2118     2.82817
         184       51.84     53.2043     2.81281
         185          36     53.1114     2.79914
         186          36     53.0194     2.78561
         187          36     52.9283      2.7722
         188          36     52.8383     2.75891
         189       31.36     52.7247     2.74665
         190       31.36     52.6122      2.7345
         191       23.04     52.4574     2.72456
         192       31.36     52.3475     2.71259
         193       40.96     52.2885     2.69917
         194       40.96     52.2301     2.68589
         195       31.36     52.1231     2.67425
         196       27.04     51.9951     2.66367
         197       23.04     51.8481      2.6542
         198       19.36      51.684     2.64586
         199       12.96     51.4894     2.63971
         200       12.96     51.2968     2.63353
         201          16     51.1212     2.62628
         202          16     50.9473     2.61902
         203       19.36     50.7917     2.61074
         204          16     50.6212     2.60351
         205          16     50.4523     2.59628
         206       12.96     50.2703     2.59005
         207       19.36      50.121     2.58184
         208       19.36     49.9731     2.57366
         209       19.36     49.8266     2.56551
         210       27.04     49.7181     2.55558
         211       31.36     49.6311     2.54495
         212       31.36     49.5449     2.53441
         213       23.04     49.4205     2.52556
         214          16     49.2643     2.51858
         215       10.24     49.0828      2.5134
         216        7.84     48.8919     2.50901
         217       10.24     48.7137     2.50376
         218        7.84     48.5262     2.49928
         219       10.24     48.3514     2.49398
         220        7.84     48.1673     2.48943
         221        5.76     47.9754     2.48555
         222        2.56     47.7708     2.48276
         223       12.96     47.6147     2.47653
         224          16     47.4736     2.46949
         225          16     47.3337     2.46247
         226       19.36     47.2099     2.45469
         227       31.36     47.1401     2.44487
         228       46.24     47.1361     2.43415
         229       51.84     47.1567      2.4236
         230       51.84      47.177     2.41315
         231       51.84     47.1972     2.40279
         232       46.24     47.1931     2.39244
         233       57.76     47.2385      2.3826
         234       23.04      47.135     2.37466
         235       27.04     47.0495     2.36609
         236       19.36     46.9322     2.35897
         237       12.96     46.7889     2.35337
         238       31.36      46.724     2.34438
         239       31.36     46.6597     2.33545
         240       27.04      46.578     2.32715
         241       27.04     46.4969      2.3189
         242       23.04        46.4     2.31135
         243       31.36     46.3381     2.30266
         244       27.04      46.259     2.29458
         245       40.96     46.2374     2.28532
         246          36     46.1958     2.27641
         247          16     46.0735     2.27047
         248       27.04     45.9968     2.26261
         249       23.04     45.9046     2.25541
         250          16      45.785     2.24955
         251       19.36     45.6797     2.24305
         252       10.24      45.539     2.23856
         253       19.36     45.4356      2.2321
         254          16     45.3197     2.22632
         255       27.04      45.248     2.21874
         256       40.96     45.2313     2.21014
         257          36     45.1953     2.20183
         258       40.96     45.1789     2.19336
         259       40.96     45.1626     2.18495
         260       46.24     45.1668     2.17655
         261       46.24     45.1709     2.16821
         262       51.84     45.1963     2.16009
         263          64     45.2678     2.15306
         264       70.56     45.3636     2.14703
         265          64      45.434     2.14008
         266          64     45.5038     2.13317
         267          64      45.573     2.12631
         268       70.56     45.6663     2.12042
         269       70.56     45.7588     2.11455
         270       70.56     45.8507     2.10872
         271       84.64     45.9938     2.10579
         272         100     46.1924     2.10738
         273         100     46.3895     2.10886
         274         100     46.5851     2.11022
         275         100     46.7793     2.11147
         276         100     46.9722     2.11261
         277         100     47.1636     2.11363
         278         100     47.3537     2.11456
         279         100     47.5424     2.11538
         280         100     47.7297     2.11611
         281         100     47.9157     2.11674
         282         100     48.1004     2.11727
         283         100     48.2838     2.11772
         284         100     48.4659     2.11808
         285         100     48.6467     2.11835
         286         100     48.8263     2.11854
         287         100     49.0046     2.11865
         288         100     49.1817     2.11868
         289         100     49.3575     2.11863
         290         100     49.5321     2.11851
         291         100     49.7056     2.11832
         292         100     49.8778     2.11805
         293         100     50.0489     2.11772
         294         100     50.2188     2.11732
         295         100     50.3875     2.11686
         296         100     50.5551     2.11633
         297         100     50.7216     2.11575
         298         100      50.887      2.1151
         299         100     51.0512     2.11439
         300         100     51.2144     2.11363
         301         100     51.3765     2.11281
         302         100     51.5375     2.11194
         303         100     51.6974     2.11102
         304         100     51.8563     2.11005
         305         100     52.0142     2.10903
         306         100      52.171     2.10796
         307         100     52.3268     2.10684
         308         100     52.4816     2.10568
         309         100     52.6353     2.10447
         310         100     52.7881     2.10322
         311         100     52.9399     2.10193
         312         100     53.0908      2.1006
         313         100     53.2406     2.09923
         314         100     53.3896     2.09782
         315         100     53.5375     2.09637
         316         100     53.6846     2.09488
         317         100     53.8307     2.09336
         318         100     53.9758     2.09181
         319         100     54.1201     2.09022
         320         100     54.2635      2.0886
         321         100      54.406     2.08695
         322         100     54.5476     2.08527
         323         100     54.6883     2.08355
         324         100     54.8281     2.08181
         325         100     54.9671     2.08004
         326         100     55.1053     2.07824
         327         100     55.2426     2.07641
         328         100      55.379     2.07456
         329         100     55.5147     2.07269
         330         100     55.6495     2.07078
         331         100     55.7834     2.06886
         332         100     55.9166     2.06691
         333         100      56.049     2.06494
         334         100     56.1806     2.06294
         335         100     56.3114     2.06093
         336         100     56.4414     2.05889
         337         100     56.5707     2.05684
         338         100     56.6992     2.05476
         339         100     56.8269     2.05267
         340         100     56.9539     2.05055
         341         100     57.0801     2.04842
         342         100     57.2056     2.04627
         343         100     57.3304     2.04411
         344         100     57.4544     2.04192
         345         100     57.5777     2.03973
         346         100     57.7003     2.03751
         347         100     57.8222     2.03528
         348         100     57.9434     2.03304
         349         100      58.064     2.03078
         350         100     58.1838     2.02851
         351         100     58.3029     2.02623
         352         100     58.4214     2.02393
         353         100     58.5392     2.02162
         354         100     58.6563      2.0193
         355         100     58.7727     2.01697
         356         100     58.8885     2.01463
         357         100     59.0037     2.01227
         358         100     59.1182     2.00991
         359         100     59.2321     2.00753
         360         100     59.3453     2.00515
         361       92.16     59.4362     2.00165
         362       92.16     59.5266     1.99816
         363       92.16     59.6165     1.99468
         364         100     59.7275     1.99228
         365         100     59.8378     1.98988
         366         100     59.9475     1.98746
         367         100     60.0567     1.98504
         368         100     60.1652     1.98261
         369         100     60.2732     1.98018
         370         100     60.3805     1.97773
         371         100     60.4873     1.97528
         372         100     60.5935     1.97283
         373         100     60.6992     1.97036
         374         100     60.8043      1.9679
         375         100     60.9088     1.96542
         376         100     61.0128     1.96294
         377         100     61.1162     1.96046
         378         100      61.219     1.95797
         379         100     61.3214     1.95547
         380         100     61.4232     1.95298
         381         100     61.5244     1.95047
         382         100     61.6251     1.94797
         383         100     61.7253     1.94546
         384         100      61.825     1.94294
         385         100     61.9242     1.94042
         386         100     62.0228      1.9379
         387         100     62.1209     1.93538
         388         100     62.2186     1.93285
         389         100     62.3157     1.93032
         390         100     62.4123     1.92779
         391         100     62.5084     1.92525
         392         100     62.6041     1.92271
         393         100     62.6992     1.92018
         394         100     62.7939     1.91763
         395         100     62.8881     1.91509
         396         100     62.9818     1.91255
         397         100     63.0751        1.91
         398         100     63.1678     1.90745
         399         100     63.2602     1.90491
         400         100      63.352     1.90236
         401         100     63.4434     1.89981
         402         100     63.5343     1.89726
         403         100     63.6248      1.8947
         404         100     63.7149     1.89215
         405         100     63.8044      1.8896
         406         100     63.8936     1.88705
         407         100     63.9823      1.8845
         408         100     64.0706     1.88194
         409         100     64.1584     1.87939
         410         100     64.2459     1.87684
         411         100     64.3328     1.87429
         412         100     64.4194     1.87174
         413         100     64.5056     1.86919
         414         100     64.5913     1.86664
         415         100     64.6766     1.86409
         416         100     64.7615     1.86154
         417         100      64.846     1.85899
         418         100     64.9301     1.85645
         419         100     65.0138      1.8539
         420         100     65.0971     1.85136
         421         100       65.18     1.84882
         422       92.16      65.244     1.84554
         423       84.64     65.2898     1.84175
         424       92.16     65.3532     1.83849
         425       92.16     65.4163     1.83525
         426         100     65.4975     1.83274
         427         100     65.5783     1.83022
         428         100     65.6587     1.82771
         429         100     65.7387     1.82521
         430         100     65.8184      1.8227
         431         100     65.8977     1.82019
         432         100     65.9767     1.81769
         433         100     66.0552     1.81519
         434         100     66.1335     1.81269
         435         100     66.2113      1.8102
         436         100     66.2888      1.8077
         437         100     66.3659     1.80521
         438         100     66.4427     1.80272
         439         100     66.5192     1.80024
         440         100     66.5953     1.79775
         441         100      66.671     1.79527
         442         100     66.7464     1.79279
         443         100     66.8215     1.79032
         444         100     66.8962     1.78784
         445         100     66.9706     1.78537
         446         100     67.0447      1.7829
         447         100     67.1184     1.78044
         448         100     67.1918     1.77798
         449         100     67.2649     1.77552
         450         100     67.3376     1.77306
         451         100       67.41     1.77061
         452         100     67.4821     1.76816
         453         100     67.5539     1.76571
         454       92.16     67.6081     1.76266
         455       92.16     67.6621     1.75961
         456       92.16     67.7158     1.75657
         457       77.44     67.7371     1.75285
         458       77.44     67.7583     1.74915
         459       84.64      67.795     1.74573
         460          64     67.7868     1.74195
         461       70.56     67.7928     1.73819
         462       70.56     67.7988     1.73443
         463       84.64     67.8352     1.73107
         464       77.44     67.8559     1.72746
         465       70.56     67.8617     1.72376
         466       92.16     67.9138     1.72085
         467         100     67.9825     1.71853
         468         100     68.0509     1.71622
         469         100     68.1191     1.71391
         470         100     68.1869     1.71161
         471         100     68.2544     1.70931
         472         100     68.3217     1.70701
         473         100     68.3887     1.70471
         474         100     68.4554     1.70242
         475         100     68.5218     1.70013
         476         100     68.5879     1.69785
         477         100     68.6538     1.69556
         478         100     68.7193     1.69328
         479         100     68.7846     1.69101
         480         100     68.8497     1.68873
         481         100     68.9144     1.68646
         482         100     68.9789      1.6842
         483         100     69.0431     1.68194
         484         100     69.1071     1.67968
         485         100     69.1708     1.67742
         486         100     69.2342     1.67517
         487         100     69.2974     1.67292
         488         100     69.3603     1.67067
         489         100      69.423     1.66843
         490         100     69.4854     1.66619
         491         100     69.5475     1.66396
         492         100     69.6094     1.66173
         493         100     69.6711      1.6595
         494         100     69.7325     1.65728
         495         100     69.7936     1.65506
         496         100     69.8545     1.65284
         497         100     69.9152     1.65063
         498         100     69.9756     1.64842
         499         100     70.0358     1.64621
         500         100     70.0957     1.64401
         501         100     70.1554     1.64181
         502         100     70.2148     1.63962
         503         100      70.274     1.63742
         504         100      70.333     1.63524
         505         100     70.3918     1.63305
         506         100     70.4503     1.63088
         507         100     70.5086      1.6287
         508         100     70.5666     1.62653
         509         100     70.6244     1.62436
         510         100      70.682      1.6222
         511         100     70.7394     1.62004
         512         100     70.7966     1.61788
         513       92.16     70.8382     1.61526
         514         100     70.8949     1.61311
         515         100     70.9515     1.61097
         516         100     71.0078     1.60883
         517         100     71.0638      1.6067
         518         100     71.1197     1.60457
         519         100     71.1753     1.60244
         520         100     71.2308     1.60032
         521         100      71.286      1.5982
         522         100      71.341     1.59608
         523       92.16     71.3808     1.59353
         524         100     71.4354     1.59142
         525         100     71.4898     1.58932
         526         100      71.544     1.58722
         527         100      71.598     1.58513
         528         100     71.6518     1.58304
         529         100     71.7054     1.58095
         530         100     71.7588     1.57887
         531         100      71.812     1.57679
         532         100      71.865     1.57472
         533         100     71.9177     1.57265
         534         100     71.9703     1.57058
         535         100     72.0227     1.56852
         536         100     72.0749     1.56646
         537         100     72.1269     1.56441
         538         100     72.1787     1.56236
         539       92.16     72.2158      1.5599
         540         100     72.2673     1.55786
         541         100     72.3185     1.55582
         542         100     72.3696     1.55379
         543         100     72.4205     1.55176
         544         100     72.4712     1.54974
         545         100     72.5217     1.54772
         546         100      72.572      1.5457
         547         100     72.6222     1.54369
         548         100     72.6721     1.54168
         549         100     72.7219     1.53968
         550         100     72.7715     1.53767
         551         100     72.8209     1.53568
         552         100     72.8701     1.53368
         553         100     72.9192      1.5317
         554         100     72.9681     1.52971
         555         100     73.0168     1.52773
         556         100     73.0653     1.52575
         557         100     73.1137     1.52378
         558         100     73.1619     1.52181
         559         100     73.2099     1.51985
         560         100     73.2577     1.51788
         561         100     73.3054     1.51593
         562         100     73.3529     1.51397
         563         100     73.4002     1.51202
         564         100     73.4474     1.51008
         565         100     73.4944     1.50814
         566         100     73.5412      1.5062
         567         100     73.5879     1.50427
         568         100     73.6344     1.50234
         569         100     73.6807     1.50041
         570       77.44     73.6873     1.49779
         571          64     73.6703     1.49526
         572       46.24     73.6224     1.49342
         573       46.24     73.5746     1.49158
         574          36     73.5091     1.49041
         575       40.96     73.4525      1.4889
         576       27.04     73.3719     1.48849
         577       19.36     73.2783     1.48885
         578       19.36     73.1851      1.4892
         579       19.36     73.0921     1.48952
         580       31.36     73.0201     1.48869
         581       40.96      72.965     1.48715
         582       23.04     72.8792     1.48707
         583       23.04     72.7937     1.48697
         584       27.04     72.7153     1.48649
         585       23.04     72.6304     1.48637
         586          36     72.5679     1.48515
         587       46.24     72.5231      1.4833
         588       40.96     72.4694     1.48174
         589       46.24     72.4249      1.4799
         590          36     72.3631     1.47868
         591       27.04     72.2864     1.47816
         592       23.04     72.2032       1.478
         593       31.36     72.1344     1.47711
         594       31.36     72.0657     1.47622
         595          36     72.0051     1.47499
         596       27.04     71.9297     1.47444
         597       31.36     71.8617     1.47353
         598          36     71.8017     1.47229
         599       40.96     71.7503     1.47073
         600       40.96     71.6989     1.46918
         601       40.96     71.6478     1.46762
         602          36     71.5886     1.46638
         603       40.96     71.5378     1.46482
         604          36     71.4789     1.46358
         605       27.04     71.4055       1.463
         606       19.36     71.3196     1.46311
         607       27.04     71.2467     1.46252
         608       31.36     71.1811     1.46158
         609       23.04      71.102     1.46132
         610          16     71.0117     1.46171
         611       19.36     70.9271     1.46176
         612          16     70.8374     1.46212
         613       12.96      70.743     1.46278
         614          16     70.6538     1.46312
         615       12.96       70.56     1.46374
         616       10.24     70.4621     1.46464
         617        5.76     70.3572     1.46601
         618           4     70.2498     1.46757
         619        2.56     70.1405     1.46927
         620        5.76     70.0366     1.47056
         621       10.24     69.9404     1.47134
         622        7.84     69.8405     1.47236
         623       10.24     69.7448      1.4731
         624       10.24     69.6495     1.47382
         625       12.96     69.5588     1.47425
         626       10.24      69.464     1.47494
         627        7.84     69.3657     1.47586
         628        5.76     69.2645     1.47698
         629          16     69.1798     1.47706
         630       23.04     69.1065     1.47653
         631       23.04     69.0335     1.47599
         632       23.04     68.9608     1.47545
         633       46.24     68.9249     1.47356
         634       46.24     68.8891     1.47167
         635       40.96     68.8451        1.47
         636          36     68.7935      1.4686
         637       46.24     68.7581     1.46672
         638       57.76     68.7408     1.46452
         639          64     68.7334     1.46225
         640          64      68.726     1.45998
         641       77.44     68.7396     1.45777
         642       77.44     68.7531     1.45556
         643       77.44     68.7667     1.45336
         644       92.16      68.803     1.45156
         645       70.56     68.8057     1.44931
         646       84.64     68.8302     1.44727
         647       92.16     68.8663     1.44549
         648       84.64     68.8906     1.44346
         649         100     68.9386     1.44203
         650         100     68.9863     1.44061
         651         100      69.034     1.43918
         652         100     69.0815     1.43776
         653         100     69.1288     1.43633
         654         100      69.176     1.43491
         655         100     69.2231     1.43349
         656         100       69.27     1.43208
         657         100     69.3168     1.43066
         658         100     69.3634     1.42925
         659         100     69.4099     1.42783
         660         100     69.4562     1.42642
         661         100     69.5025     1.42501
         662         100     69.5485      1.4236
         663         100     69.5944      1.4222
         664         100     69.6402     1.42079
         665         100     69.6859     1.41939
         666         100     69.7314     1.41799
         667         100     69.7768     1.41659
         668         100      69.822     1.41519
         669         100     69.8671     1.41379
         670         100     69.9121      1.4124
         671         100      69.957       1.411
         672         100     70.0017     1.40961
         673         100     70.0462     1.40822
         674         100     70.0907     1.40683
         675         100      70.135     1.40545
         676         100     70.1792     1.40406
         677         100     70.2232     1.40268
         678         100     70.2671      1.4013
         679         100     70.3109     1.39992
         680         100     70.3546     1.39854
         681         100     70.3981     1.39716
         682         100     70.4415     1.39579
         683         100     70.4848     1.39442
         684         100      70.528     1.39305
         685         100      70.571     1.39168
         686         100     70.6139     1.39031
         687         100     70.6567     1.38894
         688         100     70.6993     1.38758
         689         100     70.7418     1.38622
         690       84.64      70.762     1.38435
         691       92.16     70.7929      1.3827
         692         100     70.8351     1.38134
         693         100     70.8772     1.37999
         694         100     70.9192     1.37864
         695         100      70.961     1.37729
         696         100     71.0028     1.37594
         697         100     71.0444      1.3746
         698         100     71.0858     1.37325
         699         100     71.1272     1.37191
         700         100     71.1685     1.37057
         701         100     71.2096     1.36924
         702         100     71.2506      1.3679
         703         100     71.2915     1.36656
         704         100     71.3323     1.36523
         705         100     71.3729      1.3639
         706         100     71.4135     1.36257
         707         100     71.4539     1.36124
         708         100     71.4942     1.35992
         709         100     71.5344     1.35859
         710         100     71.5745     1.35727
         711         100     71.6145     1.35595
         712         100     71.6544     1.35463
         713         100     71.6941     1.35332
         714         100     71.7338       1.352
         715         100     71.7733     1.35069
         716         100     71.8127     1.34938
         717         100     71.8521     1.34807
         718         100     71.8913     1.34676
         719         100     71.9303     1.34545
         720         100     71.9693     1.34415
         721         100     72.0082     1.34285
         722         100      72.047     1.34155
         723         100     72.0856     1.34025
         724         100     72.1242     1.33895
         725         100     72.1626     1.33766
         726         100      72.201     1.33636
         727         100     72.2392     1.33507
         728       70.56     72.2369     1.33324
         729       70.56     72.2346     1.33141
         730       70.56     72.2323     1.32959
         731       57.76     72.2125     1.32792
         732       51.84     72.1847      1.3264
         733       40.96     72.1421     1.32527
         734       46.24     72.1068     1.32394
         735          64     72.0958     1.32218
         736       57.76     72.0763     1.32053
         737       57.76     72.0569     1.31888
         738          64      72.046     1.31714
         739       51.84     72.0186     1.31564
         740       57.76     71.9994       1.314
         741          64     71.9886     1.31227
         742       92.16     72.0157     1.31079
         743       84.64     72.0327     1.30913
         744       92.16     72.0598     1.30765
         745         100     72.0973     1.30644
         746         100     72.1347     1.30522
         747         100      72.172       1.304
         748         100     72.2092     1.30279
         749         100     72.2463     1.30158
         750         100     72.2833     1.30037
         751         100     72.3202     1.29916
         752         100      72.357     1.29796
         753         100     72.3937     1.29675
         754         100     72.4303     1.29555
         755         100     72.4669     1.29435
         756         100     72.5033     1.29315
         757         100     72.5396     1.29195
         758         100     72.5758     1.29075
         759         100      72.612     1.28956
         760         100      72.648     1.28837
         761         100     72.6839     1.28717
         762         100     72.7198     1.28598
         763         100     72.7555     1.28479
         764         100     72.7912     1.28361
         765         100     72.8268     1.28242
         766         100     72.8622     1.28124
         767         100     72.8976     1.28006
         768         100     72.9329     1.27888
         769         100     72.9681      1.2777
         770         100     73.0032     1.27652
         771         100     73.0382     1.27535
         772         100     73.0732     1.27417
         773         100      73.108       1.273
         774         100     73.1427     1.27183
         775         100     73.1774     1.27066
         776         100      73.212     1.26949
         777         100     73.2464     1.26833
         778         100     73.2808     1.26716
         779         100     73.3151       1.266
         780         100     73.3493     1.26484
         781         100     73.3835     1.26368
         782         100     73.4175     1.26252
         783         100     73.4514     1.26137
         784         100     73.4853     1.26021
         785         100     73.5191     1.25906
         786         100     73.5528     1.25791
         787         100     73.5864     1.25676
         788         100     73.6199     1.25561
         789         100     73.6533     1.25446
         790         100     73.6867     1.25332
         791         100     73.7199     1.25218
         792         100     73.7531     1.25103
         793         100     73.7862     1.24989
         794         100     73.8192     1.24876
         795         100     73.8522     1.24762
         796         100      73.885     1.24648
         797         100     73.9178     1.24535
         798         100     73.9505     1.24422
         799         100     73.9831     1.24309
         800         100     74.0156     1.24196
         801         100      74.048     1.24083
         802         100     74.0804     1.23971
         803         100     74.1127     1.23858
         804         100     74.1449     1.23746
         805         100      74.177     1.23634
         806         100      74.209     1.23522
         807         100      74.241     1.23411
         808         100     74.2729     1.23299
         809         100     74.3047     1.23188
         810         100     74.3364     1.23076
         811         100      74.368     1.22965
         812         100     74.3996     1.22854
         813         100     74.4311     1.22744
         814         100     74.4625     1.22633
         815         100     74.4938     1.22523
         816         100     74.5251     1.22412
         817         100     74.5563     1.22302
         818         100     74.5874     1.22192
         819         100     74.6184     1.22082
         820         100     74.6494     1.21973
         821         100     74.6802     1.21863
         822         100      74.711     1.21754
         823         100     74.7418     1.21645
         824         100     74.7724     1.21536
         825         100      74.803     1.21427
         826         100     74.8335     1.21318
         827         100     74.8639      1.2121
         828         100     74.8943     1.21101
         829         100     74.9246     1.20993
         830         100     74.9548     1.20885
         831         100     74.9849     1.20777
         832         100      75.015     1.20669
         833         100      75.045     1.20562
         834         100     75.0749     1.20454
         835         100     75.1048     1.20347
         836         100     75.1345      1.2024
         837         100     75.1643     1.20133
         838         100     75.1939     1.20026
         839         100     75.2235      1.1992
         840         100      75.253     1.19813
         841         100     75.2824     1.19707
         842         100     75.3117     1.19601
         843         100      75.341     1.19494
         844         100     75.3702     1.19389
         845         100     75.3994     1.19283
         846         100     75.4285     1.19177
         847         100     75.4575     1.19072
         848         100     75.4864     1.18967
         849         100     75.5153     1.18862
         850         100     75.5441     1.18757
         851         100     75.5728     1.18652
         852         100     75.6015     1.18547
         853         100     75.6301     1.18443
         854         100     75.6586     1.18338
         855         100     75.6871     1.18234
         856         100     75.7155      1.1813
         857         100     75.7439     1.18026
         858         100     75.7721     1.17923
         859         100     75.8003     1.17819
         860         100     75.8285     1.17716
         861         100     75.8565     1.17613
         862         100     75.8845     1.17509
         863         100     75.9125     1.17406
         864         100     75.9404     1.17304
         865         100     75.9682     1.17201
         866         100     75.9959     1.17099
         867         100     76.0236     1.16996
         868         100     76.0512     1.16894
         869         100     76.0788     1.16792
         870         100     76.1063      1.1669
         871         100     76.1337     1.16588
         872         100     76.1611     1.16487
         873         100     76.1884     1.16385
         874         100     76.2157     1.16284
         875         100     76.2428     1.16183
         876         100       76.27     1.16082
         877         100      76.297     1.15981
         878         100      76.324      1.1588
         879         100     76.3509      1.1578
         880         100     76.3778      1.1568
         881         100     76.4046     1.15579
         882         100     76.4314     1.15479
         883         100     76.4581     1.15379
         884         100     76.4847     1.15279
         885         100     76.5113      1.1518
         886         100     76.5378      1.1508
         887         100     76.5642     1.14981
         888         100     76.5906     1.14882
         889         100      76.617     1.14783
         890         100     76.6432     1.14684
         891         100     76.6695     1.14585
         892         100     76.6956     1.14486
         893         100     76.7217     1.14388
         894         100     76.7477      1.1429
         895         100     76.7737     1.14192
         896         100     76.7996     1.14094
         897         100     76.8255     1.13996
         898         100     76.8513     1.13898
         899         100     76.8771       1.138
         900         100     76.9028     1.13703
         901         100     76.9284     1.13606
         902         100      76.954     1.13508
         903         100     76.9795     1.13411
         904         100      77.005     1.13315
         905         100     77.0304     1.13218
         906         100     77.0557     1.13121
         907         100      77.081     1.13025
         908         100     77.1063     1.12928
         909         100     77.1314     1.12832
         910         100     77.1566     1.12736
         911         100     77.1816      1.1264
         912         100     77.2067     1.12545
         913         100     77.2316     1.12449
         914         100     77.2565     1.12354
         915         100     77.2814     1.12258
         916         100     77.3062     1.12163
         917         100     77.3309     1.12068
         918         100     77.3556     1.11973
         919         100     77.3803     1.11879
         920         100     77.4049     1.11784
         921         100     77.4294      1.1169
         922         100     77.4539     1.11595
         923         100     77.4783     1.11501
         924         100     77.5027     1.11407
         925         100      77.527     1.11313
         926         100     77.5513     1.11219
         927         100     77.5755     1.11126
         928         100     77.5997     1.11032
         929         100     77.6238     1.10939
         930         100     77.6478     1.10846
         931         100     77.6718     1.10753
         932         100     77.6958      1.1066
         933         100     77.7197     1.10567
         934         100     77.7436     1.10474
         935         100     77.7674     1.10382
         936         100     77.7911     1.10289
         937         100     77.8148     1.10197
         938         100     77.8385     1.10105
         939         100     77.8621     1.10013
         940         100     77.8856     1.09921
         941         100     77.9091      1.0983
         942         100     77.9326     1.09738
         943         100      77.956     1.09647
         944         100     77.9793     1.09555
         945         100     78.0026     1.09464
         946         100     78.0259     1.09373
         947         100     78.0491     1.09282
         948         100     78.0722     1.09192
         949         100     78.0953     1.09101
         950         100     78.1184      1.0901
         951         100     78.1414      1.0892
         952         100     78.1644      1.0883
         953         100     78.1873      1.0874
         954         100     78.2101      1.0865
         955         100      78.233      1.0856
         956         100     78.2557      1.0847
         957         100     78.2785     1.08381
         958         100     78.3011     1.08291
         959         100     78.3238     1.08202
         960         100     78.3463     1.08113
         961         100     78.3689     1.08024
         962         100     78.3914     1.07935
         963         100     78.4138     1.07846
         964         100     78.4362     1.07758
         965         100     78.4585     1.07669
         966         100     78.4808     1.07581
         967         100     78.5031     1.07493
         968         100     78.5253     1.07404
         969         100     78.5475     1.07316
         970         100     78.5696     1.07229
         971         100     78.5916     1.07141
         972         100     78.6137     1.07053
         973         100     78.6356     1.06966
         974         100     78.6576     1.06878
         975         100     78.6795     1.06791
         976         100     78.7013     1.06704
         977         100     78.7231     1.06617
         978         100     78.7449      1.0653
         979         100     78.7666     1.06444
         980         100     78.7882     1.06357
         981         100     78.8099     1.06271
         982         100     78.8314     1.06184
         983         100      78.853     1.06098
         984         100     78.8745     1.06012
         985         100     78.8959     1.05926
         986         100     78.9173      1.0584
         987         100     78.9387     1.05755
         988         100       78.96     1.05669
         989       70.56     78.9515     1.05566
         990       77.44       78.95     1.05459
         991          64     78.9349     1.05364
         992       57.76     78.9135     1.05279
         993       46.24     78.8806     1.05224
         994       40.96     78.8425     1.05188
         995       46.24     78.8097     1.05133
         996       46.24      78.777     1.05078
         997       40.96     78.7391     1.05041
         998       31.36     78.6916     1.05043
         999       27.04     78.6399     1.05065
        1000       27.04     78.5883     1.05087
        1001       27.04     78.5368     1.05108
        1002       31.36     78.4897     1.05109
        1003       40.96     78.4523      1.0507
        1004       46.24     78.4202     1.05015
        1005       51.84     78.3938     1.04943
        1006       51.84     78.3674     1.04872
        1007       51.84     78.3411     1.04801
        1008          64     78.3268     1.04707
        1009       70.56     78.3191     1.04606
        1010       77.44     78.3183     1.04502
        1011          64     78.3041     1.04409
        1012          64       78.29     1.04315
        1013       70.56     78.2823     1.04215
        1014       92.16      78.296     1.04121
        1015       84.64     78.3023      1.0402
        1016       77.44     78.3014     1.03918
        1017         100     78.3228     1.03838
        1018         100      78.344     1.03758
        1019         100     78.3653     1.03678
        1020         100     78.3865     1.03598
        1021         100     78.4077     1.03518
        1022         100     78.4288     1.03438
        1023         100     78.4499     1.03358
        1024         100     78.4709     1.03279
        1025         100     78.4919     1.03199
        1026         100     78.5129      1.0312
        1027         100     78.5338     1.03041
        1028         100     78.5547     1.02962
        1029         100     78.5755     1.02883
        1030         100     78.5963     1.02804
        1031         100     78.6171     1.02725
        1032         100     78.6378     1.02647
        1033         100     78.6585     1.02568
        1034         100     78.6791      1.0249
        1035         100     78.6997     1.02411
        1036         100     78.7203     1.02333
        1037         100     78.7408     1.02255
        1038         100     78.7613     1.02177
        1039         100     78.7818     1.02099
        1040         100     78.8022     1.02021
        1041         100     78.8225     1.01944
        1042         100     78.8428     1.01866
        1043         100     78.8631     1.01789
        1044         100     78.8834     1.01711
        1045         100     78.9036     1.01634
        1046         100     78.9237     1.01557
        1047         100     78.9439      1.0148
        1048         100      78.964     1.01403
        1049         100      78.984     1.01326
        1050         100      79.004     1.01249
        1051         100      79.024     1.01173
        1052         100      79.044     1.01096
        1053         100     79.0639      1.0102
        1054         100     79.0837     1.00943
        1055         100     79.1035     1.00867
        1056         100     79.1233     1.00791
        1057         100     79.1431     1.00715
        1058         100     79.1628     1.00639
        1059         100     79.1825     1.00563
        1060         100     79.2021     1.00488
        1061         100     79.2217     1.00412
        1062         100     79.2413     1.00337
        1063         100     79.2608     1.00261
        1064         100     79.2803     1.00186
        1065         100     79.2998     1.00111
        1066         100     79.3192     1.00036
        1067         100     79.3386    0.999607
        1068         100     79.3579    0.998858
        1069         100     79.3772     0.99811
        1070         100     79.3965    0.997363
        1071         100     79.4157    0.996618
        1072         100     79.4349    0.995873
        1073         100     79.4541    0.995129
        1074         100     79.4732    0.994387
        1075         100     79.4923    0.993645
        1076         100     79.5114    0.992904
        1077         100     79.5304    0.992164
        1078         100     79.5494    0.991426
        1079         100     79.5683    0.990688
        1080         100     79.5873    0.989951
        1081         100     79.6061    0.989216
        1082         100      79.625    0.988481
        1083         100     79.6438    0.987747
        1084         100     79.6626    0.987015
        1085         100     79.6813    0.986283
        1086         100        79.7    0.985552
        1087         100     79.7187    0.984822
        1088         100     79.7374    0.984094
        1089         100      79.756    0.983366
        1090         100     79.7745    0.982639
        1091         100     79.7931    0.981913
        1092         100     79.8116    0.981188
        1093         100       79.83    0.980464
        1094         100     79.8485    0.979742
        1095         100     79.8669     0.97902
        1096         100     79.8853    0.978299
        1097         100     79.9036    0.977579
        1098         100     79.9219     0.97686
        1099         100     79.9402    0.976142
        1100         100     79.9584    0.975425
        1101         100     79.9766    0.974709
        1102         100     79.9948    0.973993
        1103         100     80.0129    0.973279
        1104         100      80.031    0.972566
        1105         100     80.0491    0.971854
        1106         100     80.0671    0.971142
        1107         100     80.0851    0.970432
        1108         100     80.1031    0.969723
        1109         100      80.121    0.969014
        1110         100      80.139    0.968307
        1111         100     80.1568      0.9676
        1112         100     80.1747    0.966894
        1113         100     80.1925     0.96619
        1114         100     80.2103    0.965486
        1115         100      80.228    0.964783
        1116         100     80.2457    0.964081
        1117         100     80.2634    0.963381
        1118         100     80.2811    0.962681
        1119         100     80.2987    0.961982
        1120         100     80.3163    0.961283
        1121         100     80.3338    0.960586
        1122         100     80.3514     0.95989
        1123         100     80.3689    0.959195
        1124         100     80.3863      0.9585
        1125         100     80.4038    0.957807
        1126       84.64     80.4075    0.956964
        1127       84.64     80.4113    0.956122
        1128       84.64      80.415    0.955282
        1129       84.64     80.4188    0.954443
        1130       84.64     80.4225    0.953606
        1131       92.16     80.4329    0.952819
        1132       77.44     80.4302    0.951981
        1133       57.76     80.4102    0.951351
        1134          64     80.3958    0.950622
        1135       70.56     80.3871    0.949824
        1136       84.64     80.3908    0.948995
        1137       92.16     80.4012    0.948217
        1138       92.16     80.4115     0.94744
        1139         100     80.4287    0.946764
        1140         100     80.4459    0.946089
        1141         100      80.463    0.945415
        1142         100     80.4801    0.944742
        1143         100     80.4972     0.94407
        1144         100     80.5143    0.943399
        1145         100     80.5313    0.942728
        1146         100     80.5483    0.942059
        1147         100     80.5652     0.94139
        1148         100     80.5822    0.940722
        1149         100     80.5991    0.940055
        1150         100     80.6159    0.939389
        1151         100     80.6328    0.938724
        1152         100     80.6496     0.93806
        1153         100     80.6664    0.937396
        1154         100     80.6831    0.936734
        1155         100     80.6998    0.936072
        1156         100     80.7165    0.935411
        1157         100     80.7332    0.934751
        1158         100     80.7498    0.934092
        1159         100     80.7665    0.933434
        1160         100      80.783    0.932776
        1161         100     80.7996     0.93212
        1162         100     80.8161    0.931464
        1163         100     80.8326    0.930809
        1164         100     80.8491    0.930155
        1165         100     80.8655    0.929502
        1166         100     80.8819     0.92885
        1167         100     80.8983    0.928198
        1168         100     80.9147    0.927547
        1169         100      80.931    0.926898
        1170         100     80.9473    0.926249
        1171         100     80.9636    0.925601
        1172         100     80.9798    0.924953
        1173         100      80.996    0.924307
        1174         100     81.0122    0.923661
        1175         100     81.0284    0.923017
        1176         100     81.0445    0.922373
        1177         100     81.0606     0.92173
        1178         100     81.0767    0.921087
        1179         100     81.0927    0.920446
        1180         100     81.1087    0.919805
        1181         100     81.1247    0.919166
        1182         100     81.1407    0.918527
        1183         100     81.1567    0.917889
        1184         100     81.1726    0.917251
        1185         100     81.1885    0.916615
        1186         100     81.2043    0.915979
        1187         100     81.2202    0.915344
        1188         100      81.236     0.91471
        1189         100     81.2517    0.914077
        1190         100     81.2675    0.913445
        1191         100     81.2832    0.912813
        1192         100     81.2989    0.912183
        1193         100     81.3146    0.911553
        1194         100     81.3303    0.910923
        1195         100     81.3459    0.910295
        1196         100     81.3615    0.909668
        1197         100      81.377    0.909041
        1198         100     81.3926    0.908415
        1199         100     81.4081     0.90779
        1200         100     81.4236    0.907166
        1201         100     81.4391    0.906542
        1202         100     81.4545     0.90592
        1203         100     81.4699    0.905298
        1204         100     81.4853    0.904677
        1205         100     81.5007    0.904056
        1206         100      81.516    0.903437
        1207         100     81.5313    0.902818
        1208         100     81.5466      0.9022
        1209         100     81.5619    0.901583
        1210         100     81.5771    0.900967
        1211         100     81.5923    0.900351
        1212         100     81.6075    0.899736
        1213         100     81.6227    0.899122
        1214         100     81.6378    0.898509
        1215         100     81.6529    0.897897
        1216         100      81.668    0.897285
        1217         100     81.6831    0.896674
        1218         100     81.6981    0.896064
        1219         100     81.7131    0.895455
        1220         100     81.7281    0.894846
        1221         100     81.7431    0.894238
        1222         100      81.758    0.893631
        1223         100      81.773    0.893025
        1224         100     81.7878     0.89242
        1225         100     81.8027    0.891815
        1226         100     81.8176    0.891211
        1227         100     81.8324    0.890608
        1228         100     81.8472    0.890006
        1229         100     81.8619    0.889404
        1230         100     81.8767    0.888803
        1231         100     81.8914    0.888203
        1232         100     81.9061    0.887604
        1233         100     81.9208    0.887005
        1234         100     81.9354    0.886407
        1235         100     81.9501     0.88581
        1236         100     81.9647    0.885214
        1237         100     81.9792    0.884618
        1238         100     81.9938    0.884024
        1239         100     82.0083     0.88343
        1240         100     82.0228    0.882836
        1241         100     82.0373    0.882244
        1242         100     82.0518    0.881652
        1243         100     82.0662    0.881061
        1244         100     82.0806    0.880471
        1245         100      82.095    0.879881
        1246         100     82.1094    0.879292
        1247         100     82.1238    0.878704
        1248         100     82.1381    0.878117
        1249         100     82.1524     0.87753
        1250         100     82.1667    0.876944
        1251         100     82.1809    0.876359
        1252         100     82.1951    0.875775
        1253         100     82.2094    0.875191
        1254         100     82.2235    0.874608
        1255         100     82.2377    0.874026
        1256         100     82.2518    0.873444
        1257         100      82.266    0.872864
        1258         100     82.2801    0.872284
        1259         100     82.2941    0.871704
        1260         100     82.3082    0.871126
        1261         100     82.3222    0.870548
        1262         100     82.3362    0.869971
        1263         100     82.3502    0.869394
        1264         100     82.3642    0.868819
        1265         100     82.3781    0.868244
        1266         100      82.392     0.86767
        1267         100     82.4059    0.867096
        1268         100     82.4198    0.866523
        1269         100     82.4337    0.865951
        1270         100     82.4475     0.86538
        1271         100     82.4613    0.864809
        1272         100     82.4751    0.864239
        1273         100     82.4889     0.86367
        1274         100     82.5026    0.863101
        1275         100     82.5163    0.862533
        1276         100       82.53    0.861966
        1277         100     82.5437      0.8614
        1278         100     82.5574    0.860834
        1279         100      82.571    0.860269
        1280         100     82.5846    0.859705
        1281         100     82.5982    0.859141
        1282         100     82.6118    0.858578
        1283         100     82.6253    0.858016
        1284         100     82.6389    0.857454
        1285         100     82.6524    0.856894
        1286         100     82.6659    0.856333
        1287         100     82.6793    0.855774
        1288         100     82.6928    0.855215
        1289         100     82.7062    0.854657
        1290         100     82.7196      0.8541
        1291         100      82.733    0.853543
        1292         100     82.7464    0.852987
        1293         100     82.7597    0.852432
        1294         100      82.773    0.851877
        1295         100     82.7863    0.851323
        1296         100     82.7996     0.85077
        1297         100     82.8129    0.850217
        1298         100     82.8261    0.849665
        1299         100     82.8394    0.849114
        1300         100     82.8526    0.848563
        1301         100     82.8657    0.848014
        1302         100     82.8789    0.847464
        1303         100      82.892    0.846916
        1304         100     82.9052    0.846368
        1305         100     82.9183    0.845821
        1306         100     82.9313    0.845274
        1307         100     82.9444    0.844728
        1308         100     82.9574    0.844183
        1309         100     82.9705    0.843639
        1310         100     82.9835    0.843095
        1311         100     82.9964    0.842552
        1312         100     83.0094    0.842009
        1313         100     83.0223    0.841467
        1314         100     83.0353    0.840926
        1315         100     83.0482    0.840386
        1316       92.16     83.0551    0.839775
        1317         100     83.0679    0.839236
        1318         100     83.0808    0.838698
        1319         100     83.0936     0.83816
        1320         100     83.1064    0.837623
        1321         100     83.1192    0.837087
        1322         100      83.132    0.836551
        1323         100     83.1447    0.836016
        1324         100     83.1575    0.835481
        1325         100     83.1702    0.834947
        1326         100     83.1829    0.834414
        1327         100     83.1955    0.833881
        1328         100     83.2082     0.83335
        1329         100     83.2208    0.832818
        1330         100     83.2334    0.832288
        1331         100      83.246    0.831758
        1332         100     83.2586    0.831228
        1333         100     83.2712      0.8307
        1334         100     83.2837    0.830172
        1335         100     83.2962    0.829644
        1336         100     83.3087    0.829117
        1337         100     83.3212    0.828591
        1338         100     83.3337    0.828066
        1339         100     83.3461    0.827541
        1340         100     83.3586    0.827017
        1341         100      83.371    0.826493
        1342         100     83.3834     0.82597
        1343         100     83.3957    0.825448
        1344         100     83.4081    0.824926
        1345         100     83.4204    0.824405
        1346         100     83.4327    0.823884
        1347       84.64     83.4336    0.823273
        1348       77.44     83.4292    0.822674
        1349       70.56     83.4197     0.82212
        1350       51.84     83.3963    0.821844
        1351       57.76     83.3773    0.821454
        1352          36     83.3422    0.821594
        1353       40.96     83.3109    0.821584
        1354          64     83.2967    0.821101
        1355       57.76     83.2778    0.820711
        1356       70.56     83.2684    0.820159
        1357       84.64     83.2694    0.819555
        1358       92.16      83.276    0.818978
        1359         100     83.2883    0.818468
        1360         100     83.3006    0.817958
        1361         100     83.3129    0.817449
        1362         100     83.3251    0.816941
        1363         100     83.3373    0.816433
        1364         100     83.3496    0.815926
        1365         100     83.3618    0.815419
        1366         100     83.3739    0.814913
        1367         100     83.3861    0.814408
        1368         100     83.3982    0.813903
        1369         100     83.4104    0.813399
        1370         100     83.4225    0.812896
        1371         100     83.4346    0.812393
        1372         100     83.4466     0.81189
        1373         100     83.4587    0.811388
        1374         100     83.4707    0.810887
        1375         100     83.4828    0.810386
        1376         100     83.4948    0.809886
        1377         100     83.5068    0.809387
        1378         100     83.5187    0.808888
        1379         100     83.5307     0.80839
        1380         100     83.5426    0.807892
        1381         100     83.5545    0.807395
        1382         100     83.5664    0.806898
        1383         100     83.5783    0.806403
        1384         100     83.5902    0.805907
        1385         100      83.602    0.805412
        1386         100     83.6139    0.804918
        1387         100     83.6257    0.804424
        1388         100     83.6375    0.803931
        1389         100     83.6492    0.803439
        1390         100      83.661    0.802947
        1391         100     83.6728    0.802456
        1392         100     83.6845    0.801965
        1393         100     83.6962    0.801475
        1394         100     83.7079    0.800985
        1395         100     83.7196    0.800496
        1396         100     83.7312    0.800008
        1397         100     83.7429     0.79952
        1398         100     83.7545    0.799032
        1399         100     83.7661    0.798546
        1400         100     83.7777    0.798059
        1401         100     83.7893    0.797574
        1402       92.16     83.7953    0.797027
        1403         100     83.8068    0.796543
        1404         100     83.8183    0.796059
        1405         100     83.8299    0.795576
        1406         100     83.8414    0.795093
        1407         100     83.8529    0.794611
        1408         100     83.8643    0.794129
        1409         100     83.8758    0.793648
        1410         100     83.8872    0.793168
        1411         100     83.8986    0.792688
        1412         100       83.91    0.792208
        1413         100     83.9214     0.79173
        1414         100     83.9328    0.791251
        1415         100     83.9441    0.790774
        1416         100     83.9555    0.790296
        1417         100     83.9668     0.78982
        1418         100     83.9781    0.789344
        1419         100     83.9894    0.788868
        1420         100     84.0007    0.788393
        1421         100     84.0119    0.787919
        1422       92.16     84.0177    0.787386
        1423         100     84.0289    0.786912
        1424         100     84.0401     0.78644
        1425         100     84.0513    0.785968
        1426         100     84.0625    0.785496
        1427         100     84.0737    0.785025
        1428         100     84.0848    0.784554
        1429         100      84.096    0.784084
        1430         100     84.1071    0.783615
        1431         100     84.1182    0.783146
        1432         100     84.1293    0.782678
        1433         100     84.1403     0.78221
        1434         100     84.1514    0.781743
        1435         100     84.1625    0.781276
        1436         100     84.1735     0.78081
        1437         100     84.1845    0.780344
        1438         100     84.1955    0.779879
        1439         100     84.2065    0.779414
        1440         100     84.2174     0.77895
        1441         100     84.2284    0.778486
        1442         100     84.2393    0.778023
        1443         100     84.2503    0.777561
        1444         100     84.2612    0.777099
        1445         100     84.2721    0.776637
        1446         100     84.2829    0.776177
        1447         100     84.2938    0.775716
        1448         100     84.3046    0.775256
        1449         100     84.3155    0.774797
        1450         100     84.3263    0.774338
        1451         100     84.3371     0.77388
        1452         100     84.3479    0.773422
        1453         100     84.3587    0.772965
        1454         100     84.3694    0.772508
        1455         100     84.3802    0.772052
        1456         100     84.3909    0.771596
        1457         100     84.4016    0.771141
        1458         100     84.4123    0.770686
        1459         100      84.423    0.770232
        1460         100     84.4336    0.769778
        1461         100     84.4443    0.769325
        1462         100     84.4549    0.768872
        1463         100     84.4656     0.76842
        1464         100     84.4762    0.767969
        1465         100     84.4868    0.767518
        1466         100     84.4974    0.767067
        1467         100     84.5079    0.766617
        1468         100     84.5185    0.766167
        1469         100      84.529    0.765718
        1470         100     84.5395     0.76527
        1471         100       84.55    0.764822
        1472         100     84.5605    0.764374
        1473         100      84.571    0.763927
        1474         100     84.5815     0.76348
        1475         100     84.5919    0.763034
        1476         100     84.6024    0.762589
        1477         100     84.6128    0.762144
        1478         100     84.6232    0.761699
        1479         100     84.6336    0.761255
        1480         100      84.644    0.760811
        1481         100     84.6544    0.760368
        1482         100     84.6647    0.759926
        1483         100     84.6751    0.759484
        1484         100     84.6854    0.759042
        1485         100     84.6957    0.758601
        1486         100      84.706    0.758161
        1487         100     84.7163     0.75772
        1488         100     84.7266    0.757281
        1489         100     84.7368    0.756842
        1490         100     84.7471    0.756403
        1491       92.16      84.752    0.755912
        1492       92.16      84.757    0.755422
        1493       84.64     84.7569    0.754916
        1494         100     84.7671    0.754479
        1495         100     84.7773    0.754044
        1496         100     84.7875    0.753608
        1497         100     84.7976    0.753173
        1498         100     84.8078    0.752739
        1499         100     84.8179    0.752305
        1500         100     84.8281    0.751871
        1501         100     84.8382    0.751439
        1502         100     84.8483    0.751006
        1503         100     84.8583    0.750574
        1504         100     84.8684    0.750142
        1505         100     84.8785    0.749711
        1506         100     84.8885    0.749281
        1507         100     84.8985    0.748851
        1508         100     84.9085    0.748421
        1509         100     84.9185    0.747992
        1510         100     84.9285    0.747563
        1511         100     84.9385    0.747135
        1512         100     84.9485    0.746707
        1513         100     84.9584     0.74628
        1514         100     84.9683    0.745853
        1515         100     84.9783    0.745427
        1516         100     84.9882    0.745001
        1517         100     84.9981    0.744576
        1518         100      85.008    0.744151
        1519         100     85.0178    0.743726
        1520         100     85.0277    0.743302
        1521         100     85.0375    0.742879
        1522         100     85.0474    0.742456
        1523         100     85.0572    0.742033
        1524         100      85.067    0.741611
        1525         100     85.0768    0.741189
        1526         100     85.0866    0.740768
        1527         100     85.0963    0.740348
        1528         100     85.1061    0.739927
        1529         100     85.1158    0.739507
        1530         100     85.1255    0.739088
        1531         100     85.1353    0.738669
        1532         100      85.145    0.738251
        1533         100     85.1547    0.737833
        1534       92.16     85.1592    0.737366
        1535       92.16     85.1638      0.7369
        1536       92.16     85.1683    0.736434
        1537       84.64      85.168    0.735955
        1538       77.44      85.163    0.735494
        1539       77.44     85.1579    0.735033
        1540          64     85.1442    0.734684
        1541       70.56     85.1347    0.734268
        1542       77.44     85.1298    0.733809
        1543       70.56     85.1203    0.733394
        1544       46.24     85.0951    0.733351
        1545       46.24       85.07    0.733308
        1546       51.84     85.0485    0.733148
        1547       46.24     85.0234    0.733103
        1548       51.84      85.002    0.732943
        1549       51.84     84.9806    0.732783
        1550       57.76      84.963     0.73252
        1551          64     84.9495    0.732173
        1552       57.76      84.932     0.73191
        1553       46.24      84.907    0.731863
        1554       51.84     84.8858    0.731701
        1555       51.84     84.8645    0.731539
        1556       57.76     84.8471    0.731277
        1557       46.24     84.8223    0.731227
        1558          64     84.8089     0.73088
        1559       70.56     84.7998    0.730468
        1560       70.56     84.7907    0.730057
        1561          64     84.7773    0.729711
        1562       70.56     84.7682      0.7293
        1563          64      84.755    0.728955
        1564       70.56     84.7459    0.728545
        1565       70.56     84.7368    0.728136
        1566          64     84.7236    0.727792
        1567       70.56     84.7145    0.727383
        1568       57.76     84.6973    0.727122
        1569          64     84.6842    0.726779
        1570          64      84.671    0.726435
        1571       57.76     84.6539    0.726175
        1572       51.84      84.633    0.726013
        1573       46.24     84.6086    0.725961
        1574       46.24     84.5842    0.725909
        1575          36     84.5533    0.726104
        1576          36     84.5225    0.726296
        1577       27.04     84.4861     0.72675
        1578          16     84.4427    0.727584
        1579          16     84.3993    0.728413
        1580       12.96     84.3541    0.729354
        1581          16     84.3109    0.730173
        1582       19.36     84.2698    0.730865
        1583          16     84.2267    0.731674
        1584       23.04     84.1881    0.732231
        1585       27.04      84.152    0.732657
        1586       19.36     84.1112    0.733333
        1587       19.36     84.0704    0.734005
        1588          16     84.0275    0.734793
        1589          16     83.9847    0.735577
        1590       19.36     83.9441    0.736236
        1591       23.04     83.9058    0.736768
        1592          36     83.8757    0.736919
        1593       40.96     83.8487    0.736949
        1594       31.36     83.8158    0.737222
        1595       27.04     83.7802    0.737619
        1596          36     83.7503    0.737764
        1597       40.96     83.7235    0.737788
        1598       40.96     83.6967    0.737812
        1599          36     83.6669    0.737953
        1600       31.36     83.6342    0.738216
        1601       31.36     83.6015    0.738476
        1602       31.36     83.5689    0.738735
        1603       23.04     83.5312    0.739239
        1604       31.36     83.4987    0.739493
        1605       31.36     83.4662    0.739745
        1606       31.36     83.4337    0.739996
        1607       31.36     83.4013    0.740245
        1608       31.36      83.369    0.740491
        1609          36     83.3395    0.740616
        1610       46.24     83.3165    0.740514
        1611       51.84     83.2969    0.740313
        1612       40.96     83.2707    0.740319
        1613          36     83.2414     0.74044
        1614          36     83.2121    0.740559
        1615       40.96     83.1859    0.740563
        1616          36     83.1567     0.74068
        1617       27.04      83.122    0.741034
        1618          36     83.0929    0.741149
        1619       46.24     83.0701     0.74104
        1620       46.24     83.0474    0.740931
        1621       40.96     83.0214    0.740929
        1622       46.24     82.9988    0.740819
        1623       57.76     82.9832    0.740526
        1624       57.76     82.9677    0.740233
        1625       51.84     82.9485    0.740025
        1626       51.84     82.9294    0.739817
        1627          64     82.9178    0.739454
        1628       51.84     82.8987    0.739246
        1629       70.56     82.8911    0.738831
        1630       77.44     82.8878    0.738386
        1631       70.56     82.8802    0.737972
        1632       77.44     82.8769    0.737527
        1633       70.56     82.8693    0.737114
        1634       70.56     82.8618    0.736701
        1635         100     82.8723    0.736325
        1636         100     82.8827     0.73595
        1637         100     82.8932    0.735574
        1638         100     82.9036    0.735199
        1639         100     82.9141    0.734825
        1640         100     82.9245    0.734451
        1641         100     82.9349    0.734077
        1642         100     82.9453    0.733703
        1643         100     82.9557     0.73333
        1644         100      82.966    0.732957
        1645       84.64     82.9671    0.732512
        1646       84.64     82.9681    0.732068
        1647       84.64     82.9691    0.731624
        1648       92.16     82.9747    0.731202
        1649       84.64     82.9757    0.730759
        1650       77.44     82.9723    0.730324
        1651       84.64     82.9733    0.729882
        1652       77.44       82.97    0.729448
        1653          64     82.9585    0.729097
        1654       70.56      82.951    0.728695
        1655       70.56     82.9435    0.728293
        1656       51.84     82.9247    0.728095
        1657       51.84      82.906    0.727897
        1658       57.76     82.8908    0.727616
        1659       51.84     82.8721    0.727418
        1660          36     82.8439    0.727528
        1661       51.84     82.8252    0.727329
        1662       46.24     82.8032    0.727225
        1663       46.24     82.7812     0.72712
        1664       46.24     82.7592    0.727014
        1665       46.24     82.7373    0.726909
        1666          36     82.7092    0.727013
        1667          36     82.6812    0.727117
        1668          36     82.6532    0.727219
        1669       40.96     82.6283    0.727213
        1670       40.96     82.6033    0.727205
        1671       46.24     82.5815    0.727095
        1672       46.24     82.5598    0.726985
        1673       46.24     82.5381    0.726875
        1674       51.84     82.5198    0.726672
        1675       46.24     82.4981    0.726561
        1676       51.84     82.4798    0.726358
        1677       51.84     82.4615    0.726154
        1678       46.24       82.44    0.726042
        1679       31.36     82.4095    0.726247
        1680          36     82.3819     0.72634
        1681       23.04     82.3466    0.726765
        1682       23.04     82.3113    0.727188
        1683       31.36     82.2811    0.727386
        1684       31.36     82.2508    0.727582
        1685       31.36     82.2206    0.727777
        1686       31.36     82.1905     0.72797
        1687       27.04     82.1578    0.728272
        1688       23.04     82.1227    0.728682
        1689       19.36     82.0856    0.729198
        1690          16     82.0465    0.729814
        1691       23.04     82.0116    0.730216
        1692       27.04     81.9791    0.730507
        1693       31.36     81.9492    0.730687
        1694       27.04     81.9168    0.730974
        1695       23.04     81.8821    0.731368
        1696       23.04     81.8474    0.731759
        1697          36     81.8203    0.731827
        1698          36     81.7934    0.731893
        1699       23.04     81.7588    0.732279
        1700       19.36     81.7221    0.732767
        1701       19.36     81.6854    0.733253
        1702       27.04     81.6533    0.733525
        1703       27.04     81.6212    0.733795
        1704       40.96     81.5974    0.733752
        1705       57.76     81.5834    0.733455
        1706          64     81.5731    0.733097
        1707       51.84     81.5557    0.732875
        1708       46.24      81.535    0.732737
        1709       46.24     81.5143      0.7326
        1710       40.96     81.4906    0.732555
        1711          36      81.464    0.732609
        1712       40.96     81.4404    0.732563
        1713       40.96     81.4167    0.732516
        1714       46.24     81.3962    0.732377
        1715          36     81.3697    0.732428
        1716       31.36     81.3406     0.73258
        1717       46.24     81.3202    0.732439
        1718       40.96     81.2967    0.732389
        1719       27.04     81.2651    0.732643
        1720          36     81.2388     0.73269
        1721       31.36     81.2098    0.732837
        1722       27.04     81.1784    0.733086
        1723       19.36     81.1425    0.733538
        1724       12.96     81.1029    0.734178
        1725       12.96     81.0634    0.734814
        1726        7.84      81.021    0.735612
        1727       10.24       80.98    0.736327
        1728       19.36     80.9444    0.736764
        1729       19.36     80.9087    0.737198
        1730       19.36     80.8732     0.73763
        1731       19.36     80.8376     0.73806
        1732       23.04     80.8042    0.738388
        1733       23.04     80.7709    0.738713
        1734       23.04     80.7376    0.739037
        1735       27.04     80.7067    0.739259
        1736       27.04     80.6758    0.739479
        1737       27.04     80.6449    0.739698
        1738       31.36     80.6165    0.739816
        1739       40.96     80.5937    0.739742
        1740       40.96     80.5709    0.739667
        1741          36     80.5453    0.739685
        1742          36     80.5198    0.739703
        1743       46.24     80.5001     0.73954
        1744       46.24     80.4805    0.739376
        1745       57.76     80.4674    0.739067
        1746       57.76     80.4544    0.738758
        1747          64      80.445    0.738396
        1748       51.84     80.4286    0.738154
        1749       46.24     80.4091    0.737991
        1750       31.36     80.3811    0.738102
        1751       40.96     80.3586    0.738023
        1752       51.84     80.3423    0.737782
        1753       51.84      80.326     0.73754
        1754       46.24     80.3066    0.737375
        1755       40.96     80.2842    0.737296
        1756       46.24     80.2648    0.737131
        1757       51.84     80.2486    0.736889
        1758       51.84     80.2324    0.736647
        1759       51.84     80.2163    0.736405
        1760       51.84     80.2002    0.736163
        1761       51.84     80.1841    0.735921
        1762       57.76     80.1714    0.735613
        1763       46.24     80.1521    0.735448
        1764       70.56     80.1467    0.735051
        1765       70.56     80.1412    0.734655
        1766       70.56     80.1358    0.734259
        1767          64     80.1267      0.7339
        1768          64     80.1176    0.733542
        1769       51.84     80.1016    0.733301
        1770       57.76     80.0889    0.732995
        1771          64     80.0799    0.732638
        1772          64     80.0708     0.73228
        1773          64     80.0617    0.731924
        1774       70.56     80.0564    0.731531
        1775       70.56      80.051    0.731138
        1776       46.24      80.032    0.730974
        1777       51.84     80.0161    0.730735
        1778          64     80.0071    0.730379
        1779          64     79.9981    0.730024
        1780       77.44     79.9967    0.729616
        1781       77.44     79.9952    0.729207
        1782       77.44     79.9938      0.7288
        1783          64     79.9848    0.728446
        1784          64     79.9759    0.728093
        1785       46.24      79.957     0.72793
        1786       46.24     79.9381    0.727767
        1787       51.84     79.9224     0.72753
        1788       40.96     79.9006    0.727449
        1789       57.76     79.8882    0.727148
        1790          64     79.8793    0.726796
        1791          64     79.8705    0.726444
        1792       57.76     79.8581    0.726144
        1793       57.76     79.8458    0.725843
        1794       57.76     79.8335    0.725543
        1795       40.96     79.8118    0.725462
        1796       46.24     79.7931    0.725299
        1797       57.76     79.7809    0.724999
        1798       51.84     79.7653    0.724762
        1799       51.84     79.7498    0.724525
        1800       40.96     79.7283    0.724443
        1801       40.96     79.7067    0.724361
        1802       40.96     79.6852    0.724278
        1803       51.84     79.6698    0.724041
        1804       77.44     79.6686     0.72364
        1805       70.56     79.6635    0.723257
        1806       84.64     79.6663    0.722862
        1807       92.16     79.6732    0.722495
        1808         100     79.6844    0.722183
        1809         100     79.6957    0.721871
        1810         100     79.7069    0.721559
        1811         100     79.7181    0.721248
        1812         100     79.7293    0.720937
        1813         100     79.7405    0.720626
        1814         100     79.7516    0.720315
        1815         100     79.7628    0.720005
        1816         100     79.7739    0.719694
        1817         100     79.7851    0.719384
        1818         100     79.7962    0.719074
        1819         100     79.8073    0.718765
        1820         100     79.8184    0.718456
        1821         100     79.8295    0.718147
        1822         100     79.8405    0.717838
        1823         100     79.8516    0.717529
        1824         100     79.8626    0.717221
        1825         100     79.8737    0.716913
        1826         100     79.8847    0.716605
        1827         100     79.8957    0.716297
        1828         100     79.9067     0.71599
        1829         100     79.9177    0.715683
        1830         100     79.9287    0.715376
        1831         100     79.9396    0.715069
        1832         100     79.9506    0.714762
        1833         100     79.9615    0.714456
        1834         100     79.9724     0.71415
        1835         100     79.9833    0.713844
        1836         100     79.9942    0.713539
        1837         100     80.0051    0.713233
        1838         100      80.016    0.712928
        1839         100     80.0269    0.712623
        1840         100     80.0377    0.712319
        1841         100     80.0486    0.712014
        1842         100     80.0594     0.71171
        1843         100     80.0702    0.711406
        1844         100      80.081    0.711103
        1845         100     80.0918    0.710799
        1846         100     80.1026    0.710496
        1847         100     80.1134    0.710193
        1848         100     80.1242     0.70989
        1849         100     80.1349    0.709588
        1850         100     80.1456    0.709285
        1851         100     80.1564    0.708983
        1852         100     80.1671    0.708681
        1853         100     80.1778     0.70838
        1854         100     80.1885    0.708078
        1855         100     80.1992    0.707777
        1856         100     80.2098    0.707476
        1857         100     80.2205    0.707175
        1858         100     80.2311    0.706875
        1859         100     80.2418    0.706575
        1860         100     80.2524    0.706275
        1861         100      80.263    0.705975
        1862         100     80.2736    0.705675
        1863         100     80.2842    0.705376
        1864         100     80.2948    0.705077
        1865         100     80.3053    0.704778
        1866         100     80.3159    0.704479
        1867         100     80.3264    0.704181
        1868         100      80.337    0.703883
        1869         100     80.3475    0.703585
        1870         100      80.358    0.703287
        1871         100     80.3685    0.702989
        1872         100      80.379    0.702692
        1873         100     80.3895    0.702395
        1874         100     80.3999    0.702098
        1875         100     80.4104    0.701801
        1876         100     80.4208    0.701505
        1877         100     80.4312    0.701209
        1878         100     80.4417    0.700913
        1879         100     80.4521    0.700617
        1880         100     80.4625    0.700322
        1881         100     80.4729    0.700026
        1882         100     80.4832    0.699731
        1883         100     80.4936    0.699436
        1884         100     80.5039    0.699142
        1885         100     80.5143    0.698847
        1886         100     80.5246    0.698553
        1887         100     80.5349    0.698259
        1888         100     80.5453    0.697966
        1889         100     80.5556    0.697672
        1890         100     80.5658    0.697379
        1891         100     80.5761    0.697086
        1892         100     80.5864    0.696793
        1893         100     80.5966      0.6965
        1894         100     80.6069    0.696208
        1895         100     80.6171    0.695916
        1896         100     80.6273    0.695624
        1897         100     80.6376    0.695332
        1898         100     80.6478     0.69504
        1899         100     80.6579    0.694749
        1900         100     80.6681    0.694458
        1901         100     80.6783    0.694167
        1902         100     80.6885    0.693877
        1903         100     80.6986    0.693586
        1904       92.16     80.7046    0.693248
        1905       77.44     80.7029    0.692886
        1906       70.56     80.6976    0.692543
        1907       77.44     80.6959    0.692182
        1908       77.44     80.6942    0.691821
        1909       70.56     80.6889    0.691479
        1910       77.44     80.6872    0.691119
        1911       70.56     80.6819    0.690778
        1912       70.56     80.6766    0.690437
        1913       77.44     80.6749    0.690078
        1914         100      80.685    0.689791
        1915         100     80.6951    0.689505
        1916         100     80.7051    0.689219
        1917         100     80.7152    0.688933
        1918         100     80.7253    0.688647
        1919         100     80.7353    0.688361
        1920         100     80.7453    0.688076
        1921         100     80.7554    0.687791
        1922         100     80.7654    0.687506
        1923         100     80.7754    0.687221
        1924         100     80.7854    0.686936
        1925         100     80.7953    0.686652
        1926         100     80.8053    0.686368
        1927         100     80.8153    0.686084
        1928         100     80.8252      0.6858
        1929         100     80.8352    0.685517
        1930         100     80.8451    0.685234
        1931         100      80.855    0.684951
        1932         100     80.8649    0.684668
        1933         100     80.8748    0.684385
        1934         100     80.8847    0.684103
        1935         100     80.8946     0.68382
        1936         100     80.9045    0.683538
        1937         100     80.9143    0.683257
        1938         100     80.9242    0.682975
        1939         100      80.934    0.682694
        1940         100     80.9438    0.682412
        1941         100     80.9537    0.682131
        1942         100     80.9635    0.681851
        1943         100     80.9733     0.68157
        1944         100      80.983     0.68129
        1945         100     80.9928     0.68101
        1946         100     81.0026     0.68073
        1947         100     81.0123     0.68045
        1948         100     81.0221    0.680171
        1949         100     81.0318    0.679891
        1950         100     81.0416    0.679612
        1951         100     81.0513    0.679333
        1952         100      81.061    0.679055
        1953         100     81.0707    0.678776
        1954         100     81.0804    0.678498
        1955         100       81.09     0.67822
        1956         100     81.0997    0.677942
        1957         100     81.1094    0.677664
        1958         100      81.119    0.677387
        1959         100     81.1287     0.67711
        1960         100     81.1383    0.676833
        1961         100     81.1479    0.676556
        1962         100     81.1575    0.676279
        1963         100     81.1671    0.676003
        1964         100     81.1767    0.675727
        1965       92.16     81.1823    0.675406
        1966       77.44     81.1804    0.675065
        1967       70.56      81.175    0.674744
        1968       77.44     81.1731    0.674403
        1969       57.76     81.1612    0.674166
        1970       51.84     81.1463    0.673988
        1971       51.84     81.1314     0.67381
        1972       51.84     81.1166    0.673632
        1973       70.56     81.1112    0.673312
        1974       70.56     81.1059    0.672992
        1975       77.44      81.104    0.672654
        1976       77.44     81.1022    0.672316
        1977       77.44     81.1003    0.671978
        1978          64     81.0917    0.671694
        1979       57.76     81.0799    0.671458
        1980       46.24     81.0623     0.67135
        1981       57.76     81.0505    0.671114
        1982       51.84     81.0358    0.670937
        1983       40.96     81.0156    0.670903
        1984       40.96     80.9954    0.670868
        1985       40.96     80.9752    0.670834
        1986       51.84     80.9606    0.670656
        1987       46.24     80.9431    0.670546
        1988       46.24     80.9256    0.670436
        1989       57.76      80.914      0.6702
        1990       57.76     80.9024    0.669964
        1991          64     80.8939    0.669682
        1992       51.84     80.8793    0.669504
        1993       57.76     80.8677    0.669269
        1994       57.76     80.8561    0.669034
        1995       51.84     80.8415    0.668856
        1996       51.84      80.827    0.668679
        1997       46.24     80.8097    0.668568
        1998       46.24     80.7924    0.668458
        1999          36       80.77    0.668499
        2000       40.96     80.7501    0.668461
