#     BLOCK:   ACTUAL_TE:    TE_AVE:      ERROR:
           1     -0.5288     -0.5288           0
           2     -0.6032      -0.566   0.0263044
           3     -0.6864   -0.606133    0.037166
           4     -0.6848     -0.6258    0.032666
           5      -0.764    -0.65344   0.0359736
           6     -0.7648      -0.672   0.0344346
           7     -0.7632   -0.685029    0.031885
           8     -0.7608     -0.6945   0.0292723
           9     -0.8432   -0.711022   0.0303263
          10     -0.8432    -0.72424   0.0300364
          11     -0.8448     -0.7352   0.0292371
          12      -0.844   -0.744267   0.0281714
          13     -0.8464   -0.752123   0.0270777
          14     -0.8504   -0.759143   0.0260376
          15     -0.8512    -0.76528   0.0250146
          16     -0.8512    -0.77065   0.0240207
          17      -0.852   -0.775435   0.0230794
          18     -0.8496   -0.779556    0.022162
          19     -0.8496   -0.783242      0.0213
          20     -0.8512    -0.78664   0.0205042
          21     -0.9328     -0.7936   0.0206754
          22     -0.9328   -0.799927   0.0206811
          23     -0.9304     -0.8056   0.0205452
          24     -0.9288   -0.810733   0.0203203
          25      -0.928   -0.815424   0.0200416
          26     -0.9272   -0.819723   0.0197265
          27     -0.9272   -0.823704   0.0193933
          28     -0.9264   -0.827371   0.0190444
          29     -0.9248   -0.830731   0.0186816
          30     -0.9256   -0.833893   0.0183246
          31     -0.9288   -0.836955   0.0179874
          32     -0.9272   -0.839775    0.017645
          33     -0.9288   -0.842473   0.0173153
          34     -0.9296   -0.845035   0.0169946
          35     -0.9312   -0.847497   0.0166864
          36     -0.9312   -0.849822   0.0163841
          37     -0.9328   -0.852065    0.016094
          38      -0.932   -0.854168   0.0158074
          39     -0.9288   -0.856082   0.0155175
          40      -0.928    -0.85788   0.0152333
          41     -0.9288    -0.85961   0.0149597
          42     -0.9296   -0.861276    0.014696
          43      -0.928   -0.862828   0.0144359
          44      -0.928   -0.864309   0.0141836
          45     -0.9272   -0.865707   0.0139371
          46     -0.9288   -0.867078   0.0137015
          47     -0.9304   -0.868426    0.013476
          48     -0.9288   -0.869683   0.0132538
          49     -0.9272   -0.870857   0.0130352
          50     -0.9288   -0.872016   0.0128259
          51     -0.9296   -0.873145    0.012624
          52     -0.9304   -0.874246   0.0124292
          53     -0.9312   -0.875321    0.012241
          54     -0.9296   -0.876326   0.0120556
          55     -0.9296   -0.877295   0.0118752
          56     -0.9288   -0.878214   0.0116987
          57      -0.928   -0.879088    0.011526
          58     -0.9272   -0.879917   0.0113571
          59     -0.9272   -0.880719   0.0111929
          60     -0.9272   -0.881493   0.0110331
          61     -0.9264    -0.88223   0.0108768
          62     -0.9264   -0.882942   0.0107246
          63     -0.9264   -0.883632   0.0105766
          64     -0.9264     -0.8843   0.0104324
          65     -0.9288   -0.884985   0.0102943
          66     -0.9288   -0.885648   0.0101597
          67      -0.928   -0.886281   0.0100278
          68     -0.9264   -0.886871  0.00989762
          69     -0.9264   -0.887443  0.00977075
          70     -0.9248   -0.887977  0.00964573
          71     -0.9248   -0.888496   0.0095238
          72     -0.9264   -0.889022  0.00940607
          73     -0.9264   -0.889534  0.00929114
          74     -0.9272   -0.890043  0.00917952
          75     -0.9248   -0.890507  0.00906882
          76     -0.9256   -0.890968  0.00896124
          77      -0.928   -0.891449  0.00885775
          78     -0.9288   -0.891928  0.00875713
          79     -0.9272   -0.892375  0.00865765
          80     -0.9272    -0.89281  0.00856037
          81     -0.9272   -0.893235  0.00846521
          82      -0.928   -0.893659  0.00837258
          83     -0.9296   -0.894092   0.0082829
          84     -0.9304   -0.894524  0.00819556
          85     -0.9328   -0.894974  0.00811151
          86     -0.9336   -0.895423  0.00802961
          87     -0.9352    -0.89588  0.00795032
          88     -0.9328     -0.8963  0.00787104
          89     -0.9336   -0.896719  0.00779375
          90     -0.9344   -0.897138  0.00771839
          91     -0.9352   -0.897556   0.0076449
          92     -0.9344   -0.897957  0.00757228
          93      -0.936   -0.898366   0.0075019
          94     -0.9376   -0.898783   0.0074337
          95       -1.02   -0.900059  0.00746415
          96       -1.02   -0.901308  0.00749024
          97       -1.02   -0.902532   0.0075123
          98       -1.02   -0.903731  0.00753066
          99       -1.02   -0.904905  0.00754562
         100       -1.02   -0.906056  0.00755743
         101       -1.02   -0.907184  0.00756634
         102       -1.02    -0.90829  0.00757257
         103       -1.02   -0.909375  0.00757632
         104       -1.02   -0.910438  0.00757777
         105       -1.02   -0.911482   0.0075771
         106       -1.02   -0.912506  0.00757447
         107       -1.02    -0.91351  0.00757001
         108       -1.02   -0.914496  0.00756386
         109       -1.02   -0.915464  0.00755614
         110       -1.02   -0.916415  0.00754697
         111       -1.02   -0.917348  0.00753646
         112       -1.02   -0.918264  0.00752469
         113       -1.02   -0.919165  0.00751177
         114       -1.02   -0.920049  0.00749777
         115       -1.02   -0.920918  0.00748278
         116       -1.02   -0.921772  0.00746687
         117       -1.02   -0.922612   0.0074501
         118       -1.02   -0.923437  0.00743253
         119       -1.02   -0.924249  0.00741424
         120       -1.02   -0.925047  0.00739526
         121       -1.02   -0.925831  0.00737566
         122       -1.02   -0.926603  0.00735549
         123       -1.02   -0.927363  0.00733477
         124       -1.02    -0.92811  0.00731357
         125       -1.02   -0.928845  0.00729191
         126       -1.02   -0.929568  0.00726984
         127       -1.02    -0.93028  0.00724739
         128       -1.02   -0.930981  0.00722458
         129       -1.02   -0.931671  0.00720146
         130       -1.02   -0.932351  0.00717804
         131       -1.02    -0.93302  0.00715436
         132       -1.02   -0.933679  0.00713045
         133       -1.02   -0.934328  0.00710631
         134       -1.02   -0.934967  0.00708198
         135       -1.02   -0.935597  0.00705748
         136       -1.02   -0.936218  0.00703282
         137       -1.02   -0.936829  0.00700802
         138       -1.02   -0.937432  0.00698311
         139       -1.02   -0.938026  0.00695809
         140       -1.02   -0.938611  0.00693298
         141       -1.02   -0.939189   0.0069078
         142       -1.02   -0.939758  0.00688255
         143       -1.02   -0.940319  0.00685726
         144       -1.02   -0.940872  0.00683193
         145       -1.02   -0.941418  0.00680657
         146       -1.02   -0.941956   0.0067812
         147       -1.02   -0.942487  0.00675582
         148       -1.02   -0.943011  0.00673044
         149       -1.02   -0.943528  0.00670508
         150       -1.02   -0.944037  0.00667973
         151       -1.02    -0.94454  0.00665441
         152       -1.02   -0.945037  0.00662912
         153       -1.02   -0.945527  0.00660388
         154       -1.02    -0.94601  0.00657868
         155       -1.02   -0.946488  0.00655353
         156       -1.02   -0.946959  0.00652844
         157       -1.02   -0.947424  0.00650341
         158     -0.9392   -0.947372  0.00646246
         159     -0.9392   -0.947321  0.00642202
         160     -0.9392    -0.94727  0.00638208
         161     -0.9392    -0.94722  0.00634264
         162     -0.9384   -0.947165  0.00630372
         163     -0.9376   -0.947107  0.00626532
         164     -0.9376   -0.947049  0.00622739
         165      -0.936   -0.946982     0.00619
         166     -0.9352   -0.946911  0.00615312
         167     -0.9352   -0.946841  0.00611668
         168     -0.9344   -0.946767  0.00608072
         169     -0.9336   -0.946689  0.00604523
         170     -0.8528   -0.946136  0.00603485
         171     -0.8528   -0.945591  0.00602419
         172      -0.852   -0.945047  0.00601369
         173     -0.9328   -0.944976  0.00597935
         174     -0.9328   -0.944906  0.00594539
         175      -0.932   -0.944832  0.00591187
         176     -0.9336   -0.944768  0.00587863
         177     -0.9328   -0.944701  0.00584581
         178     -0.9336   -0.944638   0.0058133
         179     -0.9312   -0.944563   0.0057813
         180      -0.932   -0.944493  0.00574961
         181     -0.9344   -0.944438  0.00571811
         182     -0.9344   -0.944382  0.00568696
         183     -0.9344   -0.944328  0.00565615
         184     -0.9344   -0.944274  0.00562566
         185      -0.932   -0.944208  0.00559564
         186      -0.932   -0.944142  0.00556595
         187      -0.932   -0.944077  0.00553656
         188      -0.932   -0.944013  0.00550748
         189     -0.9312   -0.943945  0.00547876
         190     -0.9312   -0.943878  0.00545033
         191     -0.9296   -0.943803  0.00542231
         192     -0.9312   -0.943738  0.00539447
         193     -0.9328   -0.943681  0.00536681
         194     -0.9328   -0.943625  0.00533944
         195     -0.9312   -0.943561  0.00531244
         196     -0.9304   -0.943494  0.00528576
         197     -0.9296   -0.943423   0.0052594
         198     -0.9288   -0.943349  0.00523336
         199     -0.9272   -0.943268  0.00520769
         200     -0.9272   -0.943188  0.00518227
         201      -0.928   -0.943112  0.00515704
         202      -0.928   -0.943038  0.00513205
         203     -0.9288   -0.942967  0.00510725
         204      -0.928   -0.942894  0.00508274
         205      -0.928   -0.942821  0.00505847
         206     -0.9272   -0.942746  0.00503448
         207     -0.9288   -0.942678  0.00501061
         208     -0.9288   -0.942612  0.00498696
         209     -0.9288   -0.942545  0.00496354
         210     -0.9304   -0.942488  0.00494024
         211     -0.9312   -0.942434  0.00491712
         212     -0.9312   -0.942381  0.00489421
         213     -0.9296   -0.942321   0.0048716
         214      -0.848    -0.94188  0.00486873
         215     -0.8464   -0.941436   0.0048663
         216     -0.8456   -0.940993  0.00486395
         217     -0.8464   -0.940557  0.00486103
         218     -0.8456   -0.940121  0.00485821
         219     -0.8464   -0.939693  0.00485484
         220     -0.8456   -0.939265  0.00485157
         221     -0.8448   -0.938838  0.00484842
         222     -0.8432   -0.938407  0.00484568
         223     -0.8472   -0.937998  0.00484118
         224      -0.848   -0.937596  0.00483621
         225      -0.848   -0.937198  0.00483108
         226     -0.8488   -0.936807  0.00482551
         227     -0.8512    -0.93643  0.00481897
         228     -0.8536   -0.936067  0.00481151
         229     -0.8544    -0.93571  0.00480369
         230     -0.8544   -0.935357   0.0047958
         231     -0.8544   -0.935006  0.00478783
         232     -0.8536   -0.934655  0.00478003
         233     -0.8552   -0.934314  0.00477166
         234     -0.8496   -0.933952  0.00476498
         235     -0.8504   -0.933597  0.00475795
         236     -0.8488   -0.933237  0.00475134
         237     -0.8472   -0.932874  0.00474514
         238     -0.8512   -0.932531   0.0047376
         239     -0.8512   -0.932191  0.00472998
         240     -0.8504    -0.93185  0.00472253
         241     -0.8504   -0.931512  0.00471502
         242     -0.8496   -0.931174  0.00470767
         243     -0.8512   -0.930844  0.00469978
         244     -0.8504   -0.930515  0.00469207
         245     -0.8528   -0.930198  0.00468363
         246      -0.852    -0.92988  0.00467536
         247      -0.848   -0.929548  0.00466817
         248     -0.8504   -0.929229  0.00466025
         249     -0.8496   -0.928909  0.00465249
         250      -0.848   -0.928586  0.00464512
         251     -0.8488   -0.928268  0.00463748
         252     -0.8464   -0.927943  0.00463044
         253     -0.8488    -0.92763  0.00462269
         254      -0.848   -0.927317  0.00461511
         255     -0.8504   -0.927015  0.00460686
         256     -0.8528   -0.926725  0.00459798
         257      -0.852   -0.926434  0.00458927
         258     -0.9328   -0.926459  0.00457155
         259     -0.9328   -0.926483  0.00455396
         260     -0.9336   -0.926511  0.00453653
         261     -0.9336   -0.926538  0.00451923
         262     -0.9344   -0.926568  0.00450208
         263      -0.936   -0.926604  0.00448511
         264     -0.9368   -0.926642  0.00446828
         265      -0.936   -0.926678  0.00445156
         266      -0.936   -0.926713  0.00443496
         267      -0.936   -0.926748  0.00441849
         268     -0.9368   -0.926785  0.00440216
         269     -0.9368   -0.926822  0.00438596
         270     -0.9368   -0.926859  0.00436987
         271     -0.9384   -0.926902  0.00435395
         272       -1.02   -0.927244  0.00435138
         273       -1.02   -0.927584  0.00434868
         274       -1.02   -0.927921  0.00434587
         275       -1.02   -0.928256  0.00434295
         276       -1.02   -0.928588  0.00433991
         277       -1.02   -0.928918  0.00433677
         278       -1.02   -0.929246  0.00433353
         279       -1.02   -0.929571  0.00433019
         280       -1.02   -0.929894  0.00432675
         281       -1.02   -0.930215  0.00432322
         282       -1.02   -0.930533   0.0043196
         283       -1.02   -0.930849  0.00431589
         284       -1.02   -0.931163  0.00431209
         285       -1.02   -0.931475  0.00430821
         286       -1.02   -0.931785  0.00430425
         287       -1.02   -0.932092  0.00430022
         288       -1.02   -0.932397  0.00429611
         289       -1.02     -0.9327  0.00429192
         290       -1.02   -0.933001  0.00428767
         291       -1.02     -0.9333  0.00428334
         292       -1.02   -0.933597  0.00427895
         293       -1.02   -0.933892   0.0042745
         294       -1.02   -0.934185  0.00426998
         295       -1.02   -0.934476   0.0042654
         296       -1.02   -0.934765  0.00426077
         297       -1.02   -0.935052  0.00425608
         298       -1.02   -0.935337  0.00425133
         299       -1.02    -0.93562  0.00424653
         300       -1.02   -0.935901  0.00424168
         301       -1.02   -0.936181  0.00423678
         302       -1.02   -0.936458  0.00423183
         303       -1.02   -0.936734  0.00422684
         304       -1.02   -0.937008   0.0042218
         305       -1.02    -0.93728  0.00421672
         306       -1.02    -0.93755  0.00421159
         307       -1.02   -0.937819  0.00420643
         308       -1.02   -0.938086  0.00420122
         309       -1.02   -0.938351  0.00419598
         310       -1.02   -0.938614  0.00419071
         311       -1.02   -0.938876  0.00418539
         312       -1.02   -0.939136  0.00418005
         313       -1.02   -0.939394  0.00417467
         314       -1.02   -0.939651  0.00416926
         315       -1.02   -0.939906  0.00416382
         316       -1.02   -0.940159  0.00415835
         317       -1.02   -0.940411  0.00415285
         318       -1.02   -0.940662  0.00414733
         319       -1.02    -0.94091  0.00414178
         320       -1.02   -0.941157   0.0041362
         321       -1.02   -0.941403   0.0041306
         322       -1.02   -0.941647  0.00412498
         323       -1.02    -0.94189  0.00411934
         324       -1.02   -0.942131  0.00411367
         325       -1.02    -0.94237  0.00410799
         326       -1.02   -0.942609  0.00410228
         327       -1.02   -0.942845  0.00409656
         328       -1.02    -0.94308  0.00409081
         329       -1.02   -0.943314  0.00408506
         330       -1.02   -0.943547  0.00407928
         331       -1.02   -0.943778  0.00407349
         332       -1.02   -0.944007  0.00406769
         333       -1.02   -0.944235  0.00406187
         334       -1.02   -0.944462  0.00405604
         335       -1.02   -0.944688  0.00405019
         336       -1.02   -0.944912  0.00404433
         337       -1.02   -0.945135  0.00403847
         338       -1.02   -0.945356  0.00403259
         339       -1.02   -0.945576   0.0040267
         340       -1.02   -0.945795   0.0040208
         341       -1.02   -0.946013  0.00401489
         342       -1.02   -0.946229  0.00400898
         343       -1.02   -0.946444  0.00400306
         344       -1.02   -0.946658  0.00399713
         345       -1.02   -0.946871  0.00399119
         346       -1.02   -0.947082  0.00398525
         347       -1.02   -0.947292   0.0039793
         348       -1.02   -0.947501  0.00397334
         349       -1.02   -0.947709  0.00396739
         350       -1.02   -0.947915  0.00396142
         351       -1.02   -0.948121  0.00395546
         352       -1.02   -0.948325  0.00394949
         353       -1.02   -0.948528  0.00394351
         354       -1.02    -0.94873  0.00393754
         355       -1.02   -0.948931  0.00393156
         356       -1.02    -0.94913  0.00392558
         357       -1.02   -0.949329   0.0039196
         358       -1.02   -0.949526  0.00391362
         359       -1.02   -0.949723  0.00390764
         360       -1.02   -0.949918  0.00390166
         361     -0.9392   -0.949888  0.00389097
         362     -0.9392   -0.949859  0.00388033
         363     -0.9392   -0.949829  0.00386975
         364       -1.02   -0.950022  0.00386392
         365       -1.02   -0.950214  0.00385809
         366       -1.02   -0.950404  0.00385225
         367       -1.02   -0.950594  0.00384642
         368       -1.02   -0.950783  0.00384059
         369       -1.02    -0.95097  0.00383476
         370       -1.02   -0.951157  0.00382893
         371       -1.02   -0.951342   0.0038231
         372       -1.02   -0.951527  0.00381728
         373       -1.02    -0.95171  0.00381146
         374       -1.02   -0.951893  0.00380564
         375       -1.02   -0.952075  0.00379982
         376       -1.02   -0.952255  0.00379401
         377       -1.02   -0.952435   0.0037882
         378       -1.02   -0.952614  0.00378239
         379       -1.02   -0.952792  0.00377659
         380       -1.02   -0.952968  0.00377079
         381       -1.02   -0.953144  0.00376499
         382       -1.02   -0.953319   0.0037592
         383       -1.02   -0.953493  0.00375342
         384       -1.02   -0.953667  0.00374763
         385       -1.02   -0.953839  0.00374186
         386       -1.02    -0.95401  0.00373609
         387       -1.02   -0.954181  0.00373032
         388       -1.02   -0.954351  0.00372456
         389       -1.02   -0.954519  0.00371881
         390       -1.02   -0.954687  0.00371306
         391       -1.02   -0.954854  0.00370732
         392       -1.02    -0.95502  0.00370159
         393       -1.02   -0.955186  0.00369586
         394       -1.02    -0.95535  0.00369014
         395       -1.02   -0.955514  0.00368443
         396       -1.02   -0.955677  0.00367872
         397       -1.02   -0.955839  0.00367302
         398       -1.02      -0.956  0.00366733
         399       -1.02    -0.95616  0.00366164
         400       -1.02    -0.95632  0.00365596
         401       -1.02   -0.956479  0.00365029
         402       -1.02   -0.956637  0.00364463
         403       -1.02   -0.956794  0.00363898
         404       -1.02    -0.95695  0.00363333
         405       -1.02   -0.957106  0.00362769
         406       -1.02   -0.957261  0.00362206
         407       -1.02   -0.957415  0.00361644
         408       -1.02   -0.957569  0.00361083
         409       -1.02   -0.957721  0.00360523
         410       -1.02   -0.957873  0.00359963
         411       -1.02   -0.958024  0.00359405
         412       -1.02   -0.958175  0.00358847
         413       -1.02   -0.958324   0.0035829
         414       -1.02   -0.958473  0.00357734
         415       -1.02   -0.958622   0.0035718
         416       -1.02   -0.958769  0.00356626
         417       -1.02   -0.958916  0.00356072
         418       -1.02   -0.959062   0.0035552
         419       -1.02   -0.959208  0.00354969
         420       -1.02   -0.959352  0.00354419
         421       -1.02   -0.959496   0.0035387
         422     -0.9392   -0.959448  0.00353064
         423     -0.9384   -0.959399  0.00352264
         424     -0.9392   -0.959351  0.00351466
         425     -0.9392   -0.959304  0.00350671
         426       -1.02   -0.959446  0.00350137
         427       -1.02   -0.959588  0.00349604
         428       -1.02   -0.959729  0.00349072
         429       -1.02   -0.959869  0.00348541
         430       -1.02   -0.960009  0.00348011
         431       -1.02   -0.960148  0.00347482
         432       -1.02   -0.960287  0.00346953
         433       -1.02   -0.960425  0.00346426
         434       -1.02   -0.960562    0.003459
         435       -1.02   -0.960699  0.00345374
         436       -1.02   -0.960835   0.0034485
         437       -1.02    -0.96097  0.00344326
         438       -1.02   -0.961105  0.00343804
         439       -1.02   -0.961239  0.00343282
         440       -1.02   -0.961373  0.00342762
         441       -1.02   -0.961506  0.00342242
         442       -1.02   -0.961638  0.00341724
         443       -1.02    -0.96177  0.00341206
         444       -1.02   -0.961901   0.0034069
         445       -1.02   -0.962031  0.00340174
         446       -1.02   -0.962161   0.0033966
         447       -1.02   -0.962291  0.00339146
         448       -1.02    -0.96242  0.00338634
         449       -1.02   -0.962548  0.00338122
         450       -1.02   -0.962676  0.00337612
         451       -1.02   -0.962803  0.00337102
         452       -1.02   -0.962929  0.00336594
         453       -1.02   -0.963055  0.00336087
         454     -0.9392   -0.963003  0.00335387
         455     -0.9392    -0.96295  0.00334691
         456     -0.9392   -0.962898  0.00333998
         457     -0.9376   -0.962843  0.00333313
         458     -0.9376   -0.962788  0.00332631
         459     -0.9384   -0.962735  0.00331948
         460      -0.936   -0.962677  0.00331278
         461     -0.9368    -0.96262  0.00330606
         462     -0.9368   -0.962565  0.00329938
         463     -0.9384   -0.962512  0.00329267
         464     -0.9376   -0.962459  0.00328601
         465     -0.9368   -0.962403  0.00327941
         466     -0.9392   -0.962354  0.00327275
         467       -1.02   -0.962477  0.00326807
         468       -1.02     -0.9626  0.00326339
         469       -1.02   -0.962722  0.00325873
         470       -1.02   -0.962844  0.00325407
         471       -1.02   -0.962966  0.00324943
         472       -1.02   -0.963086  0.00324479
         473       -1.02   -0.963207  0.00324016
         474       -1.02   -0.963327  0.00323554
         475       -1.02   -0.963446  0.00323092
         476       -1.02   -0.963565  0.00322632
         477       -1.02   -0.963683  0.00322173
         478       -1.02   -0.963801  0.00321714
         479       -1.02   -0.963918  0.00321256
         480       -1.02   -0.964035  0.00320799
         481       -1.02   -0.964151  0.00320343
         482       -1.02   -0.964267  0.00319888
         483       -1.02   -0.964383  0.00319434
         484       -1.02   -0.964498  0.00318981
         485       -1.02   -0.964612  0.00318528
         486       -1.02   -0.964726  0.00318076
         487       -1.02   -0.964839  0.00317626
         488       -1.02   -0.964952  0.00317176
         489       -1.02   -0.965065  0.00316727
         490       -1.02   -0.965177  0.00316279
         491       -1.02   -0.965289  0.00315832
         492       -1.02     -0.9654  0.00315386
         493       -1.02   -0.965511   0.0031494
         494       -1.02   -0.965621  0.00314496
         495       -1.02   -0.965731  0.00314052
         496       -1.02    -0.96584   0.0031361
         497       -1.02   -0.965949  0.00313168
         498       -1.02   -0.966058  0.00312727
         499       -1.02   -0.966166  0.00312287
         500       -1.02   -0.966274  0.00311848
         501       -1.02   -0.966381   0.0031141
         502       -1.02   -0.966488  0.00310973
         503       -1.02   -0.966594  0.00310537
         504       -1.02     -0.9667  0.00310101
         505       -1.02   -0.966806  0.00309667
         506       -1.02   -0.966911  0.00309233
         507       -1.02   -0.967015    0.003088
         508       -1.02    -0.96712  0.00308369
         509       -1.02   -0.967224  0.00307938
         510       -1.02   -0.967327  0.00307508
         511       -1.02    -0.96743  0.00307079
         512       -1.02   -0.967533  0.00306651
         513     -0.9392   -0.967478  0.00306102
         514       -1.02    -0.96758  0.00305677
         515       -1.02   -0.967682  0.00305253
         516       -1.02   -0.967783   0.0030483
         517       -1.02   -0.967884  0.00304408
         518       -1.02   -0.967985  0.00303986
         519       -1.02   -0.968085  0.00303566
         520       -1.02   -0.968185  0.00303146
         521       -1.02   -0.968284  0.00302727
         522       -1.02   -0.968383  0.00302309
         523     -0.9392   -0.968327  0.00301783
         524       -1.02   -0.968426  0.00301368
         525       -1.02   -0.968524  0.00300954
         526       -1.02   -0.968622  0.00300541
         527       -1.02    -0.96872  0.00300129
         528       -1.02   -0.968817  0.00299718
         529       -1.02   -0.968913  0.00299307
         530       -1.02    -0.96901  0.00298898
         531       -1.02   -0.969106  0.00298489
         532       -1.02   -0.969202  0.00298081
         533       -1.02   -0.969297  0.00297674
         534       -1.02   -0.969392  0.00297268
         535       -1.02   -0.969486  0.00296863
         536       -1.02   -0.969581  0.00296459
         537       -1.02   -0.969674  0.00296055
         538       -1.02   -0.969768  0.00295653
         539     -0.9392   -0.969711  0.00295158
         540       -1.02   -0.969804  0.00294759
         541       -1.02   -0.969897   0.0029436
         542       -1.02    -0.96999  0.00293962
         543       -1.02   -0.970082  0.00293565
         544       -1.02   -0.970174  0.00293169
         545       -1.02   -0.970265  0.00292773
         546       -1.02   -0.970356  0.00292379
         547       -1.02   -0.970447  0.00291985
         548       -1.02   -0.970537  0.00291592
         549       -1.02   -0.970627    0.002912
         550       -1.02   -0.970717  0.00290809
         551       -1.02   -0.970807  0.00290419
         552       -1.02   -0.970896  0.00290029
         553       -1.02   -0.970984  0.00289641
         554       -1.02   -0.971073  0.00289253
         555       -1.02   -0.971161  0.00288866
         556       -1.02   -0.971249   0.0028848
         557       -1.02   -0.971336  0.00288095
         558       -1.02   -0.971424  0.00287711
         559       -1.02   -0.971511  0.00287327
         560       -1.02   -0.971597  0.00286944
         561       -1.02   -0.971683  0.00286563
         562       -1.02   -0.971769  0.00286182
         563       -1.02   -0.971855  0.00285802
         564       -1.02    -0.97194  0.00285422
         565       -1.02   -0.972025  0.00285044
         566       -1.02    -0.97211  0.00284666
         567       -1.02   -0.972195  0.00284289
         568       -1.02   -0.972279  0.00283914
         569       -1.02   -0.972363  0.00283538
         570     -0.9376   -0.972302  0.00283107
         571      -0.936   -0.972238  0.00282682
         572     -0.9336   -0.972171  0.00282269
         573     -0.9336   -0.972103  0.00281856
         574      -0.932   -0.972033  0.00281452
         575     -0.9328   -0.971965  0.00281045
         576     -0.9304   -0.971893   0.0028065
         577     -0.9288   -0.971818  0.00280263
         578     -0.9288   -0.971744  0.00279877
         579     -0.9288    -0.97167  0.00279491
         580     -0.9312     -0.9716  0.00279097
         581     -0.9328   -0.971533  0.00278696
         582     -0.8496   -0.971324  0.00279004
         583     -0.8496   -0.971115  0.00279305
         584     -0.8504   -0.970908  0.00279591
         585     -0.8496   -0.970701  0.00279881
         586      -0.852   -0.970498  0.00280135
         587     -0.9336   -0.970435  0.00279729
         588     -0.9328   -0.970371  0.00279326
         589     -0.9336   -0.970309  0.00278922
         590      -0.932   -0.970244  0.00278524
         591     -0.9304   -0.970177  0.00278135
         592     -0.9296   -0.970108  0.00277749
         593     -0.9312   -0.970042  0.00277358
         594     -0.9312   -0.969977  0.00276969
         595      -0.932   -0.969913  0.00276577
         596     -0.9304   -0.969847  0.00276192
         597     -0.9312   -0.969782  0.00275805
         598      -0.932   -0.969719  0.00275416
         599     -0.9328   -0.969657  0.00275025
         600     -0.9328   -0.969596  0.00274636
         601     -0.9328   -0.969535  0.00274247
         602      -0.932   -0.969472  0.00273862
         603     -0.9328   -0.969412  0.00273476
         604      -0.932    -0.96935  0.00273093
         605     -0.9304   -0.969285  0.00272717
         606     -0.9288   -0.969218  0.00272349
         607     -0.9304   -0.969155  0.00271976
         608     -0.9312   -0.969092    0.002716
         609     -0.9296   -0.969027  0.00271231
         610      -0.928    -0.96896   0.0027087
         611     -0.9288   -0.968894  0.00270507
         612      -0.928   -0.968827  0.00270147
         613     -0.9272    -0.96876  0.00269792
         614      -0.928   -0.968693  0.00269434
         615     -0.9272   -0.968626   0.0026908
         616     -0.9264   -0.968557  0.00268731
         617     -0.9248   -0.968486  0.00268389
         618      -0.924   -0.968414  0.00268051
         619     -0.9232   -0.968341  0.00267717
         620     -0.9248   -0.968271  0.00267378
         621     -0.9264   -0.968204  0.00267032
         622     -0.9256   -0.968135  0.00266691
         623     -0.9264   -0.968068  0.00266347
         624     -0.9264   -0.968001  0.00266004
         625     -0.9272   -0.967936  0.00265658
         626     -0.9264    -0.96787  0.00265317
         627     -0.9256   -0.967802  0.00264979
         628     -0.9248   -0.967734  0.00264646
         629      -0.928   -0.967671    0.002643
         630     -0.9296    -0.96761   0.0026395
         631     -0.9296    -0.96755    0.002636
         632     -0.9296    -0.96749  0.00263252
         633     -0.9336   -0.967436   0.0026289
         634     -0.9336   -0.967383   0.0026253
         635     -0.9328   -0.967329  0.00262173
         636      -0.932   -0.967273  0.00261819
         637     -0.9336    -0.96722  0.00261462
         638     -0.9352    -0.96717    0.002611
         639      -0.936   -0.967121  0.00260737
         640      -0.936   -0.967072  0.00260375
         641     -0.9376   -0.967027  0.00260009
         642     -0.9376   -0.966981  0.00259645
         643     -0.9376   -0.966935  0.00259281
         644     -0.9392   -0.966892  0.00258914
         645     -0.9368   -0.966845  0.00258555
         646     -0.9384   -0.966801  0.00258192
         647     -0.9392   -0.966759  0.00257828
         648     -0.9384   -0.966715  0.00257467
         649       -1.02   -0.966797  0.00257202
         650       -1.02   -0.966879  0.00256936
         651       -1.02    -0.96696  0.00256671
         652       -1.02   -0.967042  0.00256406
         653       -1.02   -0.967123  0.00256142
         654       -1.02   -0.967204  0.00255878
         655       -1.02   -0.967284  0.00255614
         656       -1.02   -0.967365  0.00255351
         657       -1.02   -0.967445  0.00255088
         658       -1.02   -0.967525  0.00254825
         659       -1.02   -0.967604  0.00254563
         660       -1.02   -0.967684  0.00254301
         661       -1.02   -0.967763  0.00254039
         662       -1.02   -0.967842  0.00253778
         663       -1.02    -0.96792  0.00253517
         664       -1.02   -0.967999  0.00253257
         665       -1.02   -0.968077  0.00252996
         666       -1.02   -0.968155  0.00252737
         667       -1.02   -0.968233  0.00252477
         668       -1.02    -0.96831  0.00252218
         669       -1.02   -0.968387  0.00251959
         670       -1.02   -0.968464  0.00251701
         671       -1.02   -0.968541  0.00251443
         672       -1.02   -0.968618  0.00251186
         673       -1.02   -0.968694  0.00250928
         674       -1.02    -0.96877  0.00250671
         675       -1.02   -0.968846  0.00250415
         676       -1.02   -0.968922  0.00250159
         677       -1.02   -0.968997  0.00249903
         678       -1.02   -0.969073  0.00249648
         679       -1.02   -0.969148  0.00249393
         680       -1.02   -0.969222  0.00249138
         681       -1.02   -0.969297  0.00248884
         682       -1.02   -0.969371   0.0024863
         683       -1.02   -0.969445  0.00248376
         684       -1.02   -0.969519  0.00248123
         685       -1.02   -0.969593   0.0024787
         686       -1.02   -0.969666  0.00247618
         687       -1.02    -0.96974  0.00247366
         688       -1.02   -0.969813  0.00247114
         689       -1.02   -0.969886  0.00246863
         690     -0.9384    -0.96984  0.00246547
         691     -0.9392   -0.969796   0.0024623
         692       -1.02   -0.969868  0.00245981
         693       -1.02   -0.969941  0.00245733
         694       -1.02   -0.970013  0.00245484
         695       -1.02   -0.970085  0.00245237
         696       -1.02   -0.970156  0.00244989
         697       -1.02   -0.970228  0.00244742
         698       -1.02   -0.970299  0.00244495
         699       -1.02    -0.97037  0.00244249
         700       -1.02   -0.970441  0.00244003
         701       -1.02   -0.970512  0.00243757
         702       -1.02   -0.970582  0.00243512
         703       -1.02   -0.970653  0.00243267
         704       -1.02   -0.970723  0.00243022
         705       -1.02   -0.970793  0.00242778
         706       -1.02   -0.970862  0.00242534
         707       -1.02   -0.970932  0.00242291
         708       -1.02   -0.971001  0.00242047
         709       -1.02    -0.97107  0.00241805
         710       -1.02   -0.971139  0.00241562
         711       -1.02   -0.971208   0.0024132
         712       -1.02   -0.971276  0.00241079
         713       -1.02   -0.971345  0.00240837
         714       -1.02   -0.971413  0.00240596
         715       -1.02   -0.971481  0.00240356
         716       -1.02   -0.971549  0.00240116
         717       -1.02   -0.971616  0.00239876
         718       -1.02   -0.971684  0.00239636
         719       -1.02   -0.971751  0.00239397
         720       -1.02   -0.971818  0.00239159
         721       -1.02   -0.971885   0.0023892
         722       -1.02   -0.971951  0.00238682
         723       -1.02   -0.972018  0.00238445
         724       -1.02   -0.972084  0.00238207
         725       -1.02    -0.97215   0.0023797
         726       -1.02   -0.972216  0.00237734
         727       -1.02   -0.972282  0.00237498
         728     -0.9368   -0.972233  0.00237222
         729     -0.9368   -0.972184  0.00236946
         730     -0.9368   -0.972136  0.00236671
         731     -0.9352   -0.972085  0.00236401
         732     -0.9344   -0.972034  0.00236134
         733     -0.9328    -0.97198  0.00235873
         734     -0.9336   -0.971928  0.00235609
         735      -0.936   -0.971879  0.00235339
         736     -0.9352   -0.971829  0.00235072
         737     -0.9352    -0.97178  0.00234806
         738      -0.936   -0.971731  0.00234538
         739     -0.9344   -0.971681  0.00234275
         740     -0.9352   -0.971631   0.0023401
         741      -0.936   -0.971583  0.00233744
         742     -0.9392    -0.97154   0.0023347
         743     -0.9384   -0.971495  0.00233198
         744     -0.9392   -0.971452  0.00232925
         745       -1.02   -0.971517  0.00232703
         746       -1.02   -0.971582  0.00232482
         747       -1.02   -0.971647  0.00232261
         748       -1.02   -0.971711  0.00232041
         749       -1.02   -0.971776   0.0023182
         750       -1.02    -0.97184  0.00231601
         751       -1.02   -0.971904  0.00231381
         752       -1.02   -0.971968  0.00231162
         753       -1.02   -0.972032  0.00230943
         754       -1.02   -0.972095  0.00230724
         755       -1.02   -0.972159  0.00230506
         756       -1.02   -0.972222  0.00230287
         757       -1.02   -0.972285   0.0023007
         758       -1.02   -0.972348  0.00229852
         759       -1.02   -0.972411  0.00229635
         760       -1.02   -0.972474  0.00229418
         761       -1.02   -0.972536  0.00229202
         762       -1.02   -0.972598  0.00228986
         763       -1.02   -0.972661   0.0022877
         764       -1.02   -0.972723  0.00228554
         765       -1.02   -0.972784  0.00228339
         766       -1.02   -0.972846  0.00228124
         767       -1.02   -0.972907   0.0022791
         768       -1.02   -0.972969  0.00227695
         769       -1.02    -0.97303  0.00227481
         770       -1.02   -0.973091  0.00227268
         771       -1.02   -0.973152  0.00227054
         772       -1.02   -0.973212  0.00226841
         773       -1.02   -0.973273  0.00226629
         774       -1.02   -0.973333  0.00226416
         775       -1.02   -0.973394  0.00226204
         776       -1.02   -0.973454  0.00225992
         777       -1.02   -0.973514  0.00225781
         778       -1.02   -0.973573   0.0022557
         779       -1.02   -0.973633  0.00225359
         780       -1.02   -0.973692  0.00225148
         781       -1.02   -0.973752  0.00224938
         782       -1.02   -0.973811  0.00224728
         783       -1.02    -0.97387  0.00224519
         784       -1.02   -0.973929  0.00224309
         785       -1.02   -0.973987    0.002241
         786       -1.02   -0.974046  0.00223892
         787       -1.02   -0.974104  0.00223683
         788       -1.02   -0.974162  0.00223475
         789       -1.02   -0.974221  0.00223268
         790       -1.02   -0.974278   0.0022306
         791       -1.02   -0.974336  0.00222853
         792       -1.02   -0.974394  0.00222646
         793       -1.02   -0.974451   0.0022244
         794       -1.02   -0.974509  0.00222234
         795       -1.02   -0.974566  0.00222028
         796       -1.02   -0.974623  0.00221822
         797       -1.02    -0.97468  0.00221617
         798       -1.02   -0.974737  0.00221412
         799       -1.02   -0.974793  0.00221207
         800       -1.02    -0.97485  0.00221003
         801       -1.02   -0.974906  0.00220799
         802       -1.02   -0.974963  0.00220595
         803       -1.02   -0.975019  0.00220392
         804       -1.02   -0.975075  0.00220189
         805       -1.02    -0.97513  0.00219986
         806       -1.02   -0.975186  0.00219783
         807       -1.02   -0.975242  0.00219581
         808       -1.02   -0.975297  0.00219379
         809       -1.02   -0.975352  0.00219177
         810       -1.02   -0.975407  0.00218976
         811       -1.02   -0.975462  0.00218775
         812       -1.02   -0.975517  0.00218575
         813       -1.02   -0.975572  0.00218374
         814       -1.02   -0.975627  0.00218174
         815       -1.02   -0.975681  0.00217974
         816       -1.02   -0.975735  0.00217775
         817       -1.02   -0.975789  0.00217576
         818       -1.02   -0.975844  0.00217377
         819       -1.02   -0.975897  0.00217178
         820       -1.02   -0.975951   0.0021698
         821       -1.02   -0.976005  0.00216782
         822       -1.02   -0.976058  0.00216584
         823       -1.02   -0.976112  0.00216387
         824       -1.02   -0.976165   0.0021619
         825       -1.02   -0.976218  0.00215993
         826       -1.02   -0.976271  0.00215797
         827       -1.02   -0.976324  0.00215601
         828       -1.02   -0.976377  0.00215405
         829       -1.02   -0.976429  0.00215209
         830       -1.02   -0.976482  0.00215014
         831       -1.02   -0.976534  0.00214819
         832       -1.02   -0.976587  0.00214624
         833       -1.02   -0.976639   0.0021443
         834       -1.02   -0.976691  0.00214236
         835       -1.02   -0.976743  0.00214042
         836       -1.02   -0.976794  0.00213848
         837       -1.02   -0.976846  0.00213655
         838       -1.02   -0.976897  0.00213462
         839       -1.02   -0.976949   0.0021327
         840       -1.02      -0.977  0.00213077
         841       -1.02   -0.977051  0.00212885
         842       -1.02   -0.977102  0.00212694
         843       -1.02   -0.977153  0.00212502
         844       -1.02   -0.977204  0.00212311
         845       -1.02   -0.977254   0.0021212
         846       -1.02   -0.977305   0.0021193
         847       -1.02   -0.977355  0.00211739
         848       -1.02   -0.977406  0.00211549
         849       -1.02   -0.977456   0.0021136
         850       -1.02   -0.977506   0.0021117
         851       -1.02   -0.977556  0.00210981
         852       -1.02   -0.977606  0.00210792
         853       -1.02   -0.977655  0.00210604
         854       -1.02   -0.977705  0.00210416
         855       -1.02   -0.977754  0.00210228
         856       -1.02   -0.977804   0.0021004
         857       -1.02   -0.977853  0.00209852
         858       -1.02   -0.977902  0.00209665
         859       -1.02   -0.977951  0.00209479
         860       -1.02      -0.978  0.00209292
         861       -1.02   -0.978049  0.00209106
         862       -1.02   -0.978097   0.0020892
         863       -1.02   -0.978146  0.00208734
         864       -1.02   -0.978194  0.00208549
         865       -1.02   -0.978243  0.00208364
         866       -1.02   -0.978291  0.00208179
         867       -1.02   -0.978339  0.00207994
         868       -1.02   -0.978387   0.0020781
         869       -1.02   -0.978435  0.00207626
         870       -1.02   -0.978483  0.00207442
         871       -1.02    -0.97853  0.00207259
         872       -1.02   -0.978578  0.00207076
         873       -1.02   -0.978625  0.00206893
         874       -1.02   -0.978673   0.0020671
         875       -1.02    -0.97872  0.00206528
         876       -1.02   -0.978767  0.00206346
         877       -1.02   -0.978814  0.00206164
         878       -1.02   -0.978861  0.00205983
         879       -1.02   -0.978908  0.00205802
         880       -1.02   -0.978955  0.00205621
         881       -1.02   -0.979001   0.0020544
         882       -1.02   -0.979048   0.0020526
         883       -1.02   -0.979094   0.0020508
         884       -1.02    -0.97914    0.002049
         885       -1.02   -0.979186  0.00204721
         886       -1.02   -0.979233  0.00204541
         887       -1.02   -0.979278  0.00204362
         888       -1.02   -0.979324  0.00204184
         889       -1.02    -0.97937  0.00204005
         890       -1.02   -0.979416  0.00203827
         891       -1.02   -0.979461  0.00203649
         892       -1.02   -0.979507  0.00203472
         893       -1.02   -0.979552  0.00203294
         894       -1.02   -0.979597  0.00203117
         895       -1.02   -0.979642   0.0020294
         896       -1.02   -0.979687  0.00202764
         897       -1.02   -0.979732  0.00202588
         898       -1.02   -0.979777  0.00202412
         899       -1.02   -0.979822  0.00202236
         900       -1.02   -0.979867  0.00202061
         901       -1.02   -0.979911  0.00201885
         902       -1.02   -0.979956   0.0020171
         903       -1.02       -0.98  0.00201536
         904       -1.02   -0.980044  0.00201361
         905       -1.02   -0.980088  0.00201187
         906       -1.02   -0.980132  0.00201014
         907       -1.02   -0.980176   0.0020084
         908       -1.02    -0.98022  0.00200667
         909       -1.02   -0.980264  0.00200494
         910       -1.02   -0.980308  0.00200321
         911       -1.02   -0.980351  0.00200148
         912       -1.02   -0.980395  0.00199976
         913       -1.02   -0.980438  0.00199804
         914       -1.02   -0.980481  0.00199632
         915       -1.02   -0.980525  0.00199461
         916       -1.02   -0.980568   0.0019929
         917       -1.02   -0.980611  0.00199119
         918       -1.02   -0.980654  0.00198948
         919       -1.02   -0.980696  0.00198778
         920       -1.02   -0.980739  0.00198607
         921       -1.02   -0.980782  0.00198438
         922       -1.02   -0.980824  0.00198268
         923       -1.02   -0.980867  0.00198099
         924       -1.02   -0.980909  0.00197929
         925       -1.02   -0.980951  0.00197761
         926       -1.02   -0.980994  0.00197592
         927       -1.02   -0.981036  0.00197424
         928       -1.02   -0.981078  0.00197256
         929       -1.02   -0.981119  0.00197088
         930       -1.02   -0.981161   0.0019692
         931       -1.02   -0.981203  0.00196753
         932       -1.02   -0.981245  0.00196586
         933       -1.02   -0.981286  0.00196419
         934       -1.02   -0.981328  0.00196252
         935       -1.02   -0.981369  0.00196086
         936       -1.02    -0.98141   0.0019592
         937       -1.02   -0.981451  0.00195754
         938       -1.02   -0.981493  0.00195589
         939       -1.02   -0.981534  0.00195423
         940       -1.02   -0.981574  0.00195258
         941       -1.02   -0.981615  0.00195093
         942       -1.02   -0.981656  0.00194929
         943       -1.02   -0.981697  0.00194765
         944       -1.02   -0.981737    0.001946
         945       -1.02   -0.981778  0.00194437
         946       -1.02   -0.981818  0.00194273
         947       -1.02   -0.981859   0.0019411
         948       -1.02   -0.981899  0.00193947
         949       -1.02   -0.981939  0.00193784
         950       -1.02   -0.981979  0.00193621
         951       -1.02   -0.982019  0.00193459
         952       -1.02   -0.982059  0.00193297
         953       -1.02   -0.982099  0.00193135
         954       -1.02   -0.982138  0.00192973
         955       -1.02   -0.982178  0.00192812
         956       -1.02   -0.982218  0.00192651
         957       -1.02   -0.982257   0.0019249
         958       -1.02   -0.982296   0.0019233
         959       -1.02   -0.982336  0.00192169
         960       -1.02   -0.982375  0.00192009
         961       -1.02   -0.982414  0.00191849
         962       -1.02   -0.982453   0.0019169
         963       -1.02   -0.982492   0.0019153
         964       -1.02   -0.982531  0.00191371
         965       -1.02    -0.98257  0.00191212
         966       -1.02   -0.982609  0.00191053
         967       -1.02   -0.982647  0.00190895
         968       -1.02   -0.982686  0.00190737
         969       -1.02   -0.982724  0.00190579
         970       -1.02   -0.982763  0.00190421
         971       -1.02   -0.982801  0.00190263
         972       -1.02    -0.98284  0.00190106
         973       -1.02   -0.982878  0.00189949
         974       -1.02   -0.982916  0.00189792
         975       -1.02   -0.982954  0.00189636
         976       -1.02   -0.982992   0.0018948
         977       -1.02    -0.98303  0.00189323
         978       -1.02   -0.983067  0.00189168
         979       -1.02   -0.983105  0.00189012
         980       -1.02   -0.983143  0.00188857
         981       -1.02    -0.98318  0.00188701
         982       -1.02   -0.983218  0.00188547
         983       -1.02   -0.983255  0.00188392
         984       -1.02   -0.983293  0.00188237
         985       -1.02    -0.98333  0.00188083
         986       -1.02   -0.983367  0.00187929
         987       -1.02   -0.983404  0.00187775
         988       -1.02   -0.983441  0.00187622
         989     -0.9368   -0.983394  0.00187491
         990     -0.9376   -0.983348  0.00187359
         991      -0.936     -0.9833  0.00187231
         992     -0.9352   -0.983252  0.00187105
         993     -0.9336   -0.983202  0.00186983
         994     -0.9328   -0.983151  0.00186864
         995     -0.9336   -0.983101  0.00186743
         996     -0.9336   -0.983051  0.00186621
         997     -0.9328   -0.983001  0.00186502
         998     -0.9312   -0.982949  0.00186387
         999     -0.9304   -0.982896  0.00186275
        1000     -0.9304   -0.982844  0.00186163
        1001     -0.9304   -0.982792   0.0018605
        1002     -0.9312    -0.98274  0.00185936
        1003     -0.9328    -0.98269  0.00185817
        1004     -0.9336   -0.982641  0.00185697
        1005     -0.9344   -0.982593  0.00185574
        1006     -0.9344   -0.982546  0.00185451
        1007     -0.9344   -0.982498  0.00185329
        1008      -0.936   -0.982452  0.00185202
        1009     -0.9368   -0.982406  0.00185074
        1010     -0.9376   -0.982362  0.00184944
        1011      -0.936   -0.982316  0.00184818
        1012      -0.936    -0.98227  0.00184692
        1013     -0.9368   -0.982225  0.00184564
        1014     -0.9392   -0.982183  0.00184431
        1015     -0.9384    -0.98214  0.00184299
        1016     -0.9376   -0.982096   0.0018417
        1017       -1.02   -0.982133  0.00184027
        1018       -1.02   -0.982171  0.00183884
        1019       -1.02   -0.982208  0.00183741
        1020       -1.02   -0.982245  0.00183598
        1021       -1.02   -0.982282  0.00183455
        1022       -1.02   -0.982319  0.00183313
        1023       -1.02   -0.982355  0.00183171
        1024       -1.02   -0.982392  0.00183029
        1025       -1.02   -0.982429  0.00182887
        1026       -1.02   -0.982465  0.00182745
        1027       -1.02   -0.982502  0.00182604
        1028       -1.02   -0.982539  0.00182463
        1029       -1.02   -0.982575  0.00182322
        1030       -1.02   -0.982611  0.00182181
        1031       -1.02   -0.982648   0.0018204
        1032       -1.02   -0.982684    0.001819
        1033       -1.02    -0.98272   0.0018176
        1034       -1.02   -0.982756   0.0018162
        1035       -1.02   -0.982792   0.0018148
        1036       -1.02   -0.982828   0.0018134
        1037       -1.02   -0.982864  0.00181201
        1038       -1.02   -0.982899  0.00181061
        1039       -1.02   -0.982935  0.00180922
        1040       -1.02   -0.982971  0.00180784
        1041       -1.02   -0.983006  0.00180645
        1042       -1.02   -0.983042  0.00180506
        1043       -1.02   -0.983077  0.00180368
        1044       -1.02   -0.983113   0.0018023
        1045       -1.02   -0.983148  0.00180092
        1046       -1.02   -0.983183  0.00179954
        1047       -1.02   -0.983218  0.00179817
        1048       -1.02   -0.983253   0.0017968
        1049       -1.02   -0.983288  0.00179542
        1050       -1.02   -0.983323  0.00179405
        1051       -1.02   -0.983358  0.00179269
        1052       -1.02   -0.983393  0.00179132
        1053       -1.02   -0.983428  0.00178996
        1054       -1.02   -0.983463  0.00178859
        1055       -1.02   -0.983497  0.00178723
        1056       -1.02   -0.983532  0.00178588
        1057       -1.02   -0.983566  0.00178452
        1058       -1.02   -0.983601  0.00178317
        1059       -1.02   -0.983635  0.00178181
        1060       -1.02   -0.983669  0.00178046
        1061       -1.02   -0.983704  0.00177911
        1062       -1.02   -0.983738  0.00177777
        1063       -1.02   -0.983772  0.00177642
        1064       -1.02   -0.983806  0.00177508
        1065       -1.02    -0.98384  0.00177374
        1066       -1.02   -0.983874   0.0017724
        1067       -1.02   -0.983908  0.00177106
        1068       -1.02   -0.983942  0.00176972
        1069       -1.02   -0.983975  0.00176839
        1070       -1.02   -0.984009  0.00176706
        1071       -1.02   -0.984043  0.00176573
        1072       -1.02   -0.984076   0.0017644
        1073       -1.02    -0.98411  0.00176307
        1074       -1.02   -0.984143  0.00176175
        1075       -1.02   -0.984176  0.00176042
        1076       -1.02    -0.98421   0.0017591
        1077       -1.02   -0.984243  0.00175778
        1078       -1.02   -0.984276  0.00175647
        1079       -1.02   -0.984309  0.00175515
        1080       -1.02   -0.984342  0.00175384
        1081       -1.02   -0.984375  0.00175252
        1082       -1.02   -0.984408  0.00175121
        1083       -1.02   -0.984441   0.0017499
        1084       -1.02   -0.984474   0.0017486
        1085       -1.02   -0.984507  0.00174729
        1086       -1.02   -0.984539  0.00174599
        1087       -1.02   -0.984572  0.00174469
        1088       -1.02   -0.984604  0.00174339
        1089       -1.02   -0.984637  0.00174209
        1090       -1.02   -0.984669  0.00174079
        1091       -1.02   -0.984702   0.0017395
        1092       -1.02   -0.984734  0.00173821
        1093       -1.02   -0.984766  0.00173692
        1094       -1.02   -0.984799  0.00173563
        1095       -1.02   -0.984831  0.00173434
        1096       -1.02   -0.984863  0.00173305
        1097       -1.02   -0.984895  0.00173177
        1098       -1.02   -0.984927  0.00173049
        1099       -1.02   -0.984959  0.00172921
        1100       -1.02   -0.984991  0.00172793
        1101       -1.02   -0.985022  0.00172665
        1102       -1.02   -0.985054  0.00172538
        1103       -1.02   -0.985086   0.0017241
        1104       -1.02   -0.985117  0.00172283
        1105       -1.02   -0.985149  0.00172156
        1106       -1.02    -0.98518  0.00172029
        1107       -1.02   -0.985212  0.00171903
        1108       -1.02   -0.985243  0.00171776
        1109       -1.02   -0.985275   0.0017165
        1110       -1.02   -0.985306  0.00171524
        1111       -1.02   -0.985337  0.00171398
        1112       -1.02   -0.985368  0.00171272
        1113       -1.02   -0.985399  0.00171146
        1114       -1.02   -0.985431  0.00171021
        1115       -1.02   -0.985462  0.00170896
        1116       -1.02   -0.985492  0.00170771
        1117       -1.02   -0.985523  0.00170646
        1118       -1.02   -0.985554  0.00170521
        1119       -1.02   -0.985585  0.00170396
        1120       -1.02   -0.985616  0.00170272
        1121       -1.02   -0.985646  0.00170148
        1122       -1.02   -0.985677  0.00170023
        1123       -1.02   -0.985708  0.00169899
        1124       -1.02   -0.985738  0.00169776
        1125       -1.02   -0.985769  0.00169652
        1126     -0.9384   -0.985726  0.00169554
        1127     -0.9384   -0.985684  0.00169455
        1128     -0.9384   -0.985643  0.00169357
        1129     -0.9384   -0.985601  0.00169258
        1130     -0.9384   -0.985559   0.0016916
        1131     -0.9392   -0.985518   0.0016906
        1132     -0.9376   -0.985476  0.00168964
        1133     -0.9352   -0.985431  0.00168873
        1134      -0.936   -0.985388   0.0016878
        1135     -0.9368   -0.985345  0.00168686
        1136     -0.9384   -0.985304  0.00168588
        1137     -0.9392   -0.985263  0.00168489
        1138     -0.9392   -0.985222  0.00168389
        1139       -1.02   -0.985253  0.00168269
        1140       -1.02   -0.985284  0.00168149
        1141       -1.02   -0.985314  0.00168029
        1142       -1.02   -0.985344  0.00167909
        1143       -1.02   -0.985375   0.0016779
        1144       -1.02   -0.985405  0.00167671
        1145       -1.02   -0.985435  0.00167551
        1146       -1.02   -0.985465  0.00167432
        1147       -1.02   -0.985495  0.00167313
        1148       -1.02   -0.985525  0.00167195
        1149       -1.02   -0.985555  0.00167076
        1150       -1.02   -0.985585  0.00166958
        1151       -1.02   -0.985615  0.00166839
        1152       -1.02   -0.985645  0.00166721
        1153       -1.02   -0.985675  0.00166603
        1154       -1.02   -0.985705  0.00166485
        1155       -1.02   -0.985734  0.00166368
        1156       -1.02   -0.985764   0.0016625
        1157       -1.02   -0.985794  0.00166133
        1158       -1.02   -0.985823  0.00166016
        1159       -1.02   -0.985853  0.00165899
        1160       -1.02   -0.985882  0.00165782
        1161       -1.02   -0.985911  0.00165665
        1162       -1.02   -0.985941  0.00165548
        1163       -1.02    -0.98597  0.00165432
        1164       -1.02   -0.985999  0.00165316
        1165       -1.02   -0.986028  0.00165199
        1166       -1.02   -0.986058  0.00165083
        1167       -1.02   -0.986087  0.00164968
        1168       -1.02   -0.986116  0.00164852
        1169       -1.02   -0.986145  0.00164736
        1170       -1.02   -0.986174  0.00164621
        1171       -1.02   -0.986203  0.00164506
        1172       -1.02   -0.986231  0.00164391
        1173       -1.02    -0.98626  0.00164276
        1174       -1.02   -0.986289  0.00164161
        1175       -1.02   -0.986318  0.00164046
        1176       -1.02   -0.986346  0.00163932
        1177       -1.02   -0.986375  0.00163817
        1178       -1.02   -0.986403  0.00163703
        1179       -1.02   -0.986432  0.00163589
        1180       -1.02    -0.98646  0.00163475
        1181       -1.02   -0.986489  0.00163362
        1182       -1.02   -0.986517  0.00163248
        1183       -1.02   -0.986545  0.00163134
        1184       -1.02   -0.986574  0.00163021
        1185       -1.02   -0.986602  0.00162908
        1186       -1.02    -0.98663  0.00162795
        1187       -1.02   -0.986658  0.00162682
        1188       -1.02   -0.986686  0.00162569
        1189       -1.02   -0.986714  0.00162457
        1190       -1.02   -0.986742  0.00162344
        1191       -1.02    -0.98677  0.00162232
        1192       -1.02   -0.986798   0.0016212
        1193       -1.02   -0.986826  0.00162008
        1194       -1.02   -0.986854  0.00161896
        1195       -1.02   -0.986881  0.00161784
        1196       -1.02   -0.986909  0.00161673
        1197       -1.02   -0.986937  0.00161561
        1198       -1.02   -0.986964   0.0016145
        1199       -1.02   -0.986992  0.00161339
        1200       -1.02   -0.987019  0.00161228
        1201       -1.02   -0.987047  0.00161117
        1202       -1.02   -0.987074  0.00161006
        1203       -1.02   -0.987102  0.00160896
        1204       -1.02   -0.987129  0.00160785
        1205       -1.02   -0.987156  0.00160675
        1206       -1.02   -0.987183  0.00160565
        1207       -1.02   -0.987211  0.00160455
        1208       -1.02   -0.987238  0.00160345
        1209       -1.02   -0.987265  0.00160235
        1210       -1.02   -0.987292  0.00160126
        1211       -1.02   -0.987319  0.00160016
        1212       -1.02   -0.987346  0.00159907
        1213       -1.02   -0.987373  0.00159798
        1214       -1.02     -0.9874  0.00159689
        1215       -1.02   -0.987427   0.0015958
        1216       -1.02   -0.987453  0.00159471
        1217       -1.02    -0.98748  0.00159362
        1218       -1.02   -0.987507  0.00159254
        1219       -1.02   -0.987533  0.00159146
        1220       -1.02    -0.98756  0.00159037
        1221       -1.02   -0.987587  0.00158929
        1222       -1.02   -0.987613  0.00158821
        1223       -1.02    -0.98764  0.00158714
        1224       -1.02   -0.987666  0.00158606
        1225       -1.02   -0.987692  0.00158498
        1226       -1.02   -0.987719  0.00158391
        1227       -1.02   -0.987745  0.00158284
        1228       -1.02   -0.987771  0.00158177
        1229       -1.02   -0.987798   0.0015807
        1230       -1.02   -0.987824  0.00157963
        1231       -1.02    -0.98785  0.00157856
        1232       -1.02   -0.987876   0.0015775
        1233       -1.02   -0.987902  0.00157643
        1234       -1.02   -0.987928  0.00157537
        1235       -1.02   -0.987954  0.00157431
        1236       -1.02    -0.98798  0.00157325
        1237       -1.02   -0.988006  0.00157219
        1238       -1.02   -0.988032  0.00157113
        1239       -1.02   -0.988057  0.00157008
        1240       -1.02   -0.988083  0.00156902
        1241       -1.02   -0.988109  0.00156797
        1242       -1.02   -0.988135  0.00156691
        1243       -1.02    -0.98816  0.00156586
        1244       -1.02   -0.988186  0.00156481
        1245       -1.02   -0.988211  0.00156377
        1246       -1.02   -0.988237  0.00156272
        1247       -1.02   -0.988262  0.00156167
        1248       -1.02   -0.988288  0.00156063
        1249       -1.02   -0.988313  0.00155959
        1250       -1.02   -0.988339  0.00155854
        1251       -1.02   -0.988364   0.0015575
        1252       -1.02   -0.988389  0.00155646
        1253       -1.02   -0.988414  0.00155543
        1254       -1.02    -0.98844  0.00155439
        1255       -1.02   -0.988465  0.00155336
        1256       -1.02    -0.98849  0.00155232
        1257       -1.02   -0.988515  0.00155129
        1258       -1.02    -0.98854  0.00155026
        1259       -1.02   -0.988565  0.00154923
        1260       -1.02    -0.98859   0.0015482
        1261       -1.02   -0.988615  0.00154717
        1262       -1.02    -0.98864  0.00154615
        1263       -1.02   -0.988664  0.00154512
        1264       -1.02   -0.988689   0.0015441
        1265       -1.02   -0.988714  0.00154308
        1266       -1.02   -0.988739  0.00154205
        1267       -1.02   -0.988763  0.00154103
        1268       -1.02   -0.988788  0.00154002
        1269       -1.02   -0.988813    0.001539
        1270       -1.02   -0.988837  0.00153798
        1271       -1.02   -0.988862  0.00153697
        1272       -1.02   -0.988886  0.00153595
        1273       -1.02   -0.988911  0.00153494
        1274       -1.02   -0.988935  0.00153393
        1275       -1.02   -0.988959  0.00153292
        1276       -1.02   -0.988984  0.00153191
        1277       -1.02   -0.989008  0.00153091
        1278       -1.02   -0.989032   0.0015299
        1279       -1.02   -0.989056   0.0015289
        1280       -1.02   -0.989081  0.00152789
        1281       -1.02   -0.989105  0.00152689
        1282       -1.02   -0.989129  0.00152589
        1283       -1.02   -0.989153  0.00152489
        1284       -1.02   -0.989177  0.00152389
        1285       -1.02   -0.989201   0.0015229
        1286       -1.02   -0.989225   0.0015219
        1287       -1.02   -0.989249   0.0015209
        1288       -1.02   -0.989273  0.00151991
        1289       -1.02   -0.989297  0.00151892
        1290       -1.02    -0.98932  0.00151793
        1291       -1.02   -0.989344  0.00151694
        1292       -1.02   -0.989368  0.00151595
        1293       -1.02   -0.989391  0.00151496
        1294       -1.02   -0.989415  0.00151398
        1295       -1.02   -0.989439  0.00151299
        1296       -1.02   -0.989462  0.00151201
        1297       -1.02   -0.989486  0.00151103
        1298       -1.02   -0.989509  0.00151004
        1299       -1.02   -0.989533  0.00150906
        1300       -1.02   -0.989556  0.00150808
        1301       -1.02    -0.98958  0.00150711
        1302       -1.02   -0.989603  0.00150613
        1303       -1.02   -0.989626  0.00150516
        1304       -1.02    -0.98965  0.00150418
        1305       -1.02   -0.989673  0.00150321
        1306       -1.02   -0.989696  0.00150224
        1307       -1.02   -0.989719  0.00150127
        1308       -1.02   -0.989743   0.0015003
        1309       -1.02   -0.989766  0.00149933
        1310       -1.02   -0.989789  0.00149836
        1311       -1.02   -0.989812   0.0014974
        1312       -1.02   -0.989835  0.00149643
        1313       -1.02   -0.989858  0.00149547
        1314       -1.02   -0.989881  0.00149451
        1315       -1.02   -0.989904  0.00149355
        1316     -0.9392   -0.989865  0.00149291
        1317       -1.02   -0.989888  0.00149195
        1318       -1.02   -0.989911  0.00149099
        1319       -1.02   -0.989934  0.00149004
        1320       -1.02   -0.989956  0.00148908
        1321       -1.02   -0.989979  0.00148813
        1322       -1.02   -0.990002  0.00148718
        1323       -1.02   -0.990024  0.00148622
        1324       -1.02   -0.990047  0.00148527
        1325       -1.02    -0.99007  0.00148433
        1326       -1.02   -0.990092  0.00148338
        1327       -1.02   -0.990115  0.00148243
        1328       -1.02   -0.990137  0.00148149
        1329       -1.02    -0.99016  0.00148054
        1330       -1.02   -0.990182   0.0014796
        1331       -1.02   -0.990205  0.00147866
        1332       -1.02   -0.990227  0.00147771
        1333       -1.02   -0.990249  0.00147678
        1334       -1.02   -0.990272  0.00147584
        1335       -1.02   -0.990294   0.0014749
        1336       -1.02   -0.990316  0.00147396
        1337       -1.02   -0.990338  0.00147303
        1338       -1.02   -0.990361  0.00147209
        1339       -1.02   -0.990383  0.00147116
        1340       -1.02   -0.990405  0.00147023
        1341       -1.02   -0.990427   0.0014693
        1342       -1.02   -0.990449  0.00146837
        1343       -1.02   -0.990471  0.00146744
        1344       -1.02   -0.990493  0.00146651
        1345       -1.02   -0.990515  0.00146559
        1346       -1.02   -0.990537  0.00146466
        1347     -0.9384   -0.990498  0.00146408
        1348     -0.9376   -0.990459  0.00146352
        1349     -0.8568    -0.99036  0.00146579
        1350     -0.8544   -0.990259  0.00146816
        1351     -0.8552   -0.990159  0.00147047
        1352      -0.852   -0.990057  0.00147293
        1353     -0.8528   -0.989955  0.00147533
        1354      -0.936   -0.989916  0.00147478
        1355     -0.9352   -0.989875  0.00147424
        1356     -0.9368   -0.989836  0.00147368
        1357     -0.9384   -0.989798  0.00147308
        1358     -0.9392   -0.989761  0.00147246
        1359       -1.02   -0.989783  0.00147155
        1360       -1.02   -0.989805  0.00147064
        1361       -1.02   -0.989827  0.00146972
        1362       -1.02    -0.98985  0.00146881
        1363       -1.02   -0.989872   0.0014679
        1364       -1.02   -0.989894  0.00146699
        1365       -1.02   -0.989916  0.00146608
        1366       -1.02   -0.989938  0.00146517
        1367       -1.02    -0.98996  0.00146427
        1368       -1.02   -0.989982  0.00146336
        1369       -1.02   -0.990004  0.00146245
        1370       -1.02   -0.990026  0.00146155
        1371       -1.02   -0.990048  0.00146065
        1372       -1.02   -0.990069  0.00145975
        1373       -1.02   -0.990091  0.00145885
        1374       -1.02   -0.990113  0.00145795
        1375       -1.02   -0.990135  0.00145705
        1376       -1.02   -0.990156  0.00145615
        1377       -1.02   -0.990178  0.00145526
        1378       -1.02     -0.9902  0.00145436
        1379       -1.02   -0.990221  0.00145347
        1380       -1.02   -0.990243  0.00145257
        1381       -1.02   -0.990264  0.00145168
        1382       -1.02   -0.990286  0.00145079
        1383       -1.02   -0.990307   0.0014499
        1384       -1.02   -0.990329  0.00144901
        1385       -1.02    -0.99035  0.00144812
        1386       -1.02   -0.990372  0.00144724
        1387       -1.02   -0.990393  0.00144635
        1388       -1.02   -0.990414  0.00144547
        1389       -1.02   -0.990436  0.00144458
        1390       -1.02   -0.990457   0.0014437
        1391       -1.02   -0.990478  0.00144282
        1392       -1.02   -0.990499  0.00144194
        1393       -1.02   -0.990521  0.00144106
        1394       -1.02   -0.990542  0.00144018
        1395       -1.02   -0.990563   0.0014393
        1396       -1.02   -0.990584  0.00143843
        1397       -1.02   -0.990605  0.00143755
        1398       -1.02   -0.990626  0.00143668
        1399       -1.02   -0.990647   0.0014358
        1400       -1.02   -0.990668  0.00143493
        1401       -1.02   -0.990689  0.00143406
        1402     -0.9392   -0.990652   0.0014335
        1403       -1.02   -0.990673  0.00143264
        1404       -1.02   -0.990694  0.00143177
        1405       -1.02   -0.990715   0.0014309
        1406       -1.02   -0.990736  0.00143003
        1407       -1.02   -0.990757  0.00142917
        1408       -1.02   -0.990777  0.00142831
        1409       -1.02   -0.990798  0.00142744
        1410       -1.02   -0.990819  0.00142658
        1411       -1.02   -0.990839  0.00142572
        1412       -1.02    -0.99086  0.00142486
        1413       -1.02   -0.990881    0.001424
        1414       -1.02   -0.990901  0.00142314
        1415       -1.02   -0.990922  0.00142228
        1416       -1.02   -0.990942  0.00142143
        1417       -1.02   -0.990963  0.00142057
        1418       -1.02   -0.990983  0.00141972
        1419       -1.02   -0.991004  0.00141887
        1420       -1.02   -0.991024  0.00141801
        1421       -1.02   -0.991045  0.00141716
        1422     -0.9392   -0.991008  0.00141663
        1423       -1.02   -0.991029  0.00141578
        1424       -1.02   -0.991049  0.00141494
        1425       -1.02   -0.991069  0.00141409
        1426       -1.02   -0.991089  0.00141324
        1427       -1.02    -0.99111   0.0014124
        1428       -1.02    -0.99113  0.00141155
        1429       -1.02    -0.99115  0.00141071
        1430       -1.02    -0.99117  0.00140987
        1431       -1.02    -0.99119  0.00140903
        1432       -1.02   -0.991211  0.00140819
        1433       -1.02   -0.991231  0.00140735
        1434       -1.02   -0.991251  0.00140651
        1435       -1.02   -0.991271  0.00140567
        1436       -1.02   -0.991291  0.00140484
        1437       -1.02   -0.991311    0.001404
        1438       -1.02   -0.991331  0.00140317
        1439       -1.02   -0.991351  0.00140233
        1440       -1.02   -0.991371   0.0014015
        1441       -1.02    -0.99139  0.00140067
        1442       -1.02    -0.99141  0.00139984
        1443       -1.02    -0.99143  0.00139901
        1444       -1.02    -0.99145  0.00139818
        1445       -1.02    -0.99147  0.00139735
        1446       -1.02   -0.991489  0.00139652
        1447       -1.02   -0.991509   0.0013957
        1448       -1.02   -0.991529  0.00139487
        1449       -1.02   -0.991548  0.00139405
        1450       -1.02   -0.991568  0.00139322
        1451       -1.02   -0.991588   0.0013924
        1452       -1.02   -0.991607  0.00139158
        1453       -1.02   -0.991627  0.00139076
        1454       -1.02   -0.991646  0.00138994
        1455       -1.02   -0.991666  0.00138912
        1456       -1.02   -0.991685   0.0013883
        1457       -1.02   -0.991705  0.00138749
        1458       -1.02   -0.991724  0.00138667
        1459       -1.02   -0.991743  0.00138586
        1460       -1.02   -0.991763  0.00138504
        1461       -1.02   -0.991782  0.00138423
        1462       -1.02   -0.991801  0.00138342
        1463       -1.02   -0.991821   0.0013826
        1464       -1.02    -0.99184  0.00138179
        1465       -1.02   -0.991859  0.00138098
        1466       -1.02   -0.991878  0.00138018
        1467       -1.02   -0.991897  0.00137937
        1468       -1.02   -0.991917  0.00137856
        1469       -1.02   -0.991936  0.00137776
        1470       -1.02   -0.991955  0.00137695
        1471       -1.02   -0.991974  0.00137615
        1472       -1.02   -0.991993  0.00137534
        1473       -1.02   -0.992012  0.00137454
        1474       -1.02   -0.992031  0.00137374
        1475       -1.02    -0.99205  0.00137294
        1476       -1.02   -0.992069  0.00137214
        1477       -1.02   -0.992088  0.00137134
        1478       -1.02   -0.992107  0.00137054
        1479       -1.02   -0.992125  0.00136975
        1480       -1.02   -0.992144  0.00136895
        1481       -1.02   -0.992163  0.00136816
        1482       -1.02   -0.992182  0.00136736
        1483       -1.02   -0.992201  0.00136657
        1484       -1.02   -0.992219  0.00136577
        1485       -1.02   -0.992238  0.00136498
        1486       -1.02   -0.992257  0.00136419
        1487       -1.02   -0.992275   0.0013634
        1488       -1.02   -0.992294  0.00136261
        1489       -1.02   -0.992313  0.00136183
        1490       -1.02   -0.992331  0.00136104
        1491     -0.9392   -0.992296  0.00136059
        1492     -0.9392    -0.99226  0.00136015
        1493     -0.9384   -0.992224  0.00135971
        1494       -1.02   -0.992243  0.00135893
        1495       -1.02   -0.992261  0.00135815
        1496       -1.02    -0.99228  0.00135737
        1497       -1.02   -0.992298  0.00135659
        1498       -1.02   -0.992317  0.00135581
        1499       -1.02   -0.992335  0.00135503
        1500       -1.02   -0.992354  0.00135425
        1501       -1.02   -0.992372  0.00135347
        1502       -1.02    -0.99239   0.0013527
        1503       -1.02   -0.992409  0.00135192
        1504       -1.02   -0.992427  0.00135115
        1505       -1.02   -0.992445  0.00135037
        1506       -1.02   -0.992464   0.0013496
        1507       -1.02   -0.992482  0.00134883
        1508       -1.02     -0.9925  0.00134806
        1509       -1.02   -0.992518  0.00134729
        1510       -1.02   -0.992537  0.00134652
        1511       -1.02   -0.992555  0.00134575
        1512       -1.02   -0.992573  0.00134498
        1513       -1.02   -0.992591  0.00134422
        1514       -1.02   -0.992609  0.00134345
        1515       -1.02   -0.992627  0.00134268
        1516       -1.02   -0.992645  0.00134192
        1517       -1.02   -0.992663  0.00134116
        1518       -1.02   -0.992681  0.00134039
        1519       -1.02   -0.992699  0.00133963
        1520       -1.02   -0.992717  0.00133887
        1521       -1.02   -0.992735  0.00133811
        1522       -1.02   -0.992753  0.00133735
        1523       -1.02   -0.992771  0.00133659
        1524       -1.02   -0.992789  0.00133584
        1525       -1.02   -0.992807  0.00133508
        1526       -1.02   -0.992825  0.00133432
        1527       -1.02   -0.992842  0.00133357
        1528       -1.02    -0.99286  0.00133281
        1529       -1.02   -0.992878  0.00133206
        1530       -1.02   -0.992896  0.00133131
        1531       -1.02   -0.992913  0.00133056
        1532       -1.02   -0.992931   0.0013298
        1533       -1.02   -0.992949  0.00132905
        1534     -0.9392   -0.992914  0.00132865
        1535     -0.9392   -0.992879  0.00132824
        1536     -0.9392   -0.992844  0.00132784
        1537     -0.9384   -0.992808  0.00132745
        1538     -0.9376   -0.992772  0.00132707
        1539     -0.9376   -0.992737  0.00132669
        1540      -0.936     -0.9927  0.00132634
        1541     -0.9368   -0.992663  0.00132598
        1542     -0.9376   -0.992628   0.0013256
        1543     -0.9368   -0.992592  0.00132523
        1544     -0.9336   -0.992553  0.00132493
        1545     -0.9336   -0.992515  0.00132462
        1546     -0.9344   -0.992478  0.00132429
        1547     -0.9336    -0.99244  0.00132398
        1548     -0.9344   -0.992402  0.00132366
        1549     -0.9344   -0.992365  0.00132333
        1550     -0.9352   -0.992328  0.00132299
        1551      -0.936   -0.992291  0.00132264
        1552     -0.9352   -0.992255   0.0013223
        1553     -0.9336   -0.992217  0.00132199
        1554     -0.9344    -0.99218  0.00132166
        1555     -0.9344   -0.992143  0.00132133
        1556     -0.9352   -0.992106  0.00132099
        1557     -0.9336   -0.992068  0.00132068
        1558      -0.936   -0.992032  0.00132032
        1559     -0.9368   -0.991997  0.00131995
        1560     -0.9368   -0.991962  0.00131957
        1561      -0.936   -0.991926  0.00131922
        1562     -0.9368    -0.99189  0.00131884
        1563      -0.936   -0.991855  0.00131848
        1564     -0.9368   -0.991819  0.00131811
        1565     -0.9368   -0.991784  0.00131774
        1566      -0.936   -0.991749  0.00131738
        1567     -0.9368   -0.991714    0.001317
        1568     -0.9352   -0.991678  0.00131666
        1569      -0.936   -0.991642   0.0013163
        1570      -0.936   -0.991607  0.00131593
        1571     -0.9352   -0.991571  0.00131559
        1572     -0.9344   -0.991534  0.00131525
        1573     -0.9336   -0.991498  0.00131493
        1574     -0.9336   -0.991461  0.00131461
        1575      -0.932   -0.991423  0.00131432
        1576      -0.932   -0.991385  0.00131402
        1577     -0.9304   -0.991347  0.00131376
        1578      -0.928   -0.991306  0.00131354
        1579      -0.928   -0.991266  0.00131332
        1580     -0.9272   -0.991226  0.00131312
        1581      -0.928   -0.991186  0.00131289
        1582     -0.9288   -0.991146  0.00131266
        1583      -0.928   -0.991107  0.00131243
        1584     -0.9296   -0.991068  0.00131218
        1585     -0.9304   -0.991029  0.00131191
        1586     -0.9288    -0.99099  0.00131167
        1587     -0.9288   -0.990951  0.00131143
        1588      -0.928   -0.990911   0.0013112
        1589      -0.928   -0.990872  0.00131097
        1590     -0.9288   -0.990833  0.00131073
        1591     -0.9296   -0.990794  0.00131047
        1592      -0.932   -0.990757  0.00131017
        1593     -0.9328   -0.990721  0.00130985
        1594     -0.9312   -0.990684  0.00130956
        1595     -0.9304   -0.990646  0.00130928
        1596      -0.932   -0.990609  0.00130898
        1597     -0.9328   -0.990573  0.00130866
        1598     -0.9328   -0.990537  0.00130834
        1599      -0.932     -0.9905  0.00130803
        1600     -0.9312   -0.990463  0.00130774
        1601     -0.9312   -0.990426  0.00130745
        1602     -0.9312   -0.990389  0.00130716
        1603     -0.9296   -0.990351  0.00130689
        1604     -0.9312   -0.990314   0.0013066
        1605     -0.9312   -0.990277   0.0013063
        1606     -0.9312   -0.990241    0.001306
        1607     -0.9312   -0.990204  0.00130571
        1608     -0.9312   -0.990167  0.00130541
        1609      -0.932   -0.990131   0.0013051
        1610     -0.9336   -0.990096  0.00130476
        1611     -0.9344   -0.990061  0.00130441
        1612     -0.9328   -0.990026  0.00130409
        1613      -0.932    -0.98999  0.00130377
        1614      -0.932   -0.989954  0.00130346
        1615     -0.9328   -0.989919  0.00130313
        1616      -0.932   -0.989883  0.00130282
        1617     -0.9304   -0.989846  0.00130253
        1618      -0.932    -0.98981  0.00130222
        1619     -0.9336   -0.989775  0.00130188
        1620     -0.9336   -0.989741  0.00130154
        1621     -0.9328   -0.989706  0.00130121
        1622     -0.9336   -0.989671  0.00130086
        1623     -0.9352   -0.989637   0.0013005
        1624     -0.9352   -0.989604  0.00130013
        1625     -0.9344    -0.98957  0.00129977
        1626     -0.9344   -0.989536  0.00129941
        1627      -0.936   -0.989503  0.00129903
        1628     -0.9344   -0.989469  0.00129867
        1629     -0.9368   -0.989437  0.00129828
        1630     -0.9376   -0.989405  0.00129787
        1631     -0.9368   -0.989373  0.00129748
        1632     -0.9376   -0.989341  0.00129707
        1633     -0.9368   -0.989309  0.00129667
        1634     -0.9368   -0.989277  0.00129628
        1635       -1.02   -0.989296  0.00129562
        1636       -1.02   -0.989314  0.00129497
        1637       -1.02   -0.989333  0.00129431
        1638       -1.02   -0.989352  0.00129366
        1639       -1.02   -0.989371    0.001293
        1640       -1.02   -0.989389  0.00129235
        1641       -1.02   -0.989408   0.0012917
        1642       -1.02   -0.989427  0.00129104
        1643       -1.02   -0.989445  0.00129039
        1644       -1.02   -0.989464  0.00128974
        1645     -0.9384   -0.989433  0.00128933
        1646     -0.9384   -0.989402  0.00128892
        1647     -0.9384   -0.989371  0.00128851
        1648     -0.9392    -0.98934  0.00128809
        1649     -0.9384   -0.989309  0.00128768
        1650     -0.9376   -0.989278  0.00128728
        1651     -0.9384   -0.989247  0.00128687
        1652     -0.9376   -0.989216  0.00128647
        1653      -0.936   -0.989184  0.00128609
        1654     -0.9368   -0.989152   0.0012857
        1655     -0.9368    -0.98912  0.00128532
        1656     -0.9344   -0.989087  0.00128496
        1657     -0.9344   -0.989054  0.00128461
        1658     -0.9352   -0.989022  0.00128425
        1659     -0.9344   -0.988989   0.0012839
        1660      -0.932   -0.988955  0.00128358
        1661     -0.9344   -0.988922  0.00128323
        1662     -0.9336   -0.988889  0.00128289
        1663     -0.9336   -0.988855  0.00128255
        1664     -0.9336   -0.988822  0.00128221
        1665     -0.9336   -0.988789  0.00128187
        1666      -0.932   -0.988755  0.00128155
        1667      -0.932   -0.988721  0.00128123
        1668      -0.932   -0.988687  0.00128092
        1669     -0.9328   -0.988653  0.00128059
        1670     -0.9328    -0.98862  0.00128026
        1671     -0.9336   -0.988587  0.00127991
        1672     -0.9336   -0.988554  0.00127957
        1673     -0.9336   -0.988521  0.00127923
        1674     -0.9344   -0.988489  0.00127887
        1675     -0.9336   -0.988456  0.00127853
        1676     -0.9344   -0.988424  0.00127817
        1677     -0.9344   -0.988392  0.00127781
        1678     -0.9336   -0.988359  0.00127747
        1679     -0.9312   -0.988325  0.00127716
        1680      -0.932   -0.988291  0.00127684
        1681     -0.9296   -0.988257  0.00127656
        1682     -0.9296   -0.988222  0.00127628
        1683     -0.9312   -0.988188  0.00127597
        1684     -0.9312   -0.988154  0.00127566
        1685     -0.9312    -0.98812  0.00127535
        1686     -0.9312   -0.988086  0.00127504
        1687     -0.9304   -0.988052  0.00127474
        1688     -0.9296   -0.988018  0.00127446
        1689     -0.9288   -0.987982  0.00127419
        1690      -0.928   -0.987947  0.00127393
        1691     -0.9296   -0.987912  0.00127364
        1692     -0.9304   -0.987878  0.00127334
        1693     -0.9312   -0.987845  0.00127303
        1694     -0.9304   -0.987811  0.00127273
        1695     -0.9296   -0.987777  0.00127244
        1696     -0.9296   -0.987742  0.00127215
        1697      -0.932    -0.98771  0.00127183
        1698      -0.932   -0.987677   0.0012715
        1699     -0.9296   -0.987643  0.00127121
        1700     -0.9288   -0.987608  0.00127094
        1701     -0.9288   -0.987573  0.00127066
        1702     -0.9304    -0.98754  0.00127036
        1703     -0.9304   -0.987506  0.00127005
        1704     -0.9328   -0.987474  0.00126971
        1705     -0.9352   -0.987444  0.00126934
        1706      -0.936   -0.987413  0.00126895
        1707     -0.9344   -0.987382  0.00126859
        1708     -0.9336   -0.987351  0.00126824
        1709     -0.9336   -0.987319  0.00126789
        1710     -0.9328   -0.987287  0.00126755
        1711      -0.932   -0.987255  0.00126722
        1712     -0.9328   -0.987223  0.00126688
        1713     -0.9328   -0.987192  0.00126653
        1714     -0.9336    -0.98716  0.00126618
        1715      -0.932   -0.987128  0.00126585
        1716     -0.9312   -0.987096  0.00126553
        1717     -0.9336   -0.987064  0.00126518
        1718     -0.9328   -0.987033  0.00126484
        1719     -0.9304      -0.987  0.00126453
        1720      -0.932   -0.986968   0.0012642
        1721     -0.9312   -0.986936  0.00126388
        1722     -0.9304   -0.986903  0.00126357
        1723     -0.9288   -0.986869  0.00126329
        1724     -0.9272   -0.986834  0.00126303
        1725     -0.9272     -0.9868  0.00126277
        1726     -0.9256   -0.986764  0.00126254
        1727     -0.9264   -0.986729  0.00126229
        1728     -0.9288   -0.986696    0.001262
        1729     -0.9288   -0.986662  0.00126172
        1730     -0.9288   -0.986629  0.00126143
        1731     -0.9288   -0.986595  0.00126115
        1732     -0.9296   -0.986563  0.00126085
        1733     -0.9296    -0.98653  0.00126055
        1734     -0.9296   -0.986497  0.00126025
        1735     -0.9304   -0.986465  0.00125994
        1736     -0.9304   -0.986432  0.00125963
        1737     -0.9304     -0.9864  0.00125931
        1738     -0.9312   -0.986368  0.00125899
        1739     -0.9328   -0.986337  0.00125864
        1740     -0.9328   -0.986307  0.00125829
        1741      -0.932   -0.986275  0.00125796
        1742      -0.932   -0.986244  0.00125762
        1743     -0.9336   -0.986214  0.00125726
        1744     -0.9336   -0.986184   0.0012569
        1745     -0.9352   -0.986155  0.00125652
        1746     -0.9352   -0.986126  0.00125614
        1747      -0.936   -0.986097  0.00125575
        1748     -0.9344   -0.986067  0.00125538
        1749     -0.9336   -0.986037  0.00125502
        1750     -0.9312   -0.986006   0.0012547
        1751     -0.9328   -0.985976  0.00125435
        1752     -0.9344   -0.985946  0.00125398
        1753     -0.9344   -0.985917  0.00125361
        1754     -0.9336   -0.985887  0.00125325
        1755     -0.9328   -0.985857   0.0012529
        1756     -0.9336   -0.985827  0.00125254
        1757     -0.9344   -0.985798  0.00125217
        1758     -0.9344   -0.985768  0.00125179
        1759     -0.9344   -0.985739  0.00125142
        1760     -0.9344    -0.98571  0.00125105
        1761     -0.9344   -0.985681  0.00125068
        1762     -0.9352   -0.985652   0.0012503
        1763     -0.8536   -0.985577  0.00125183
        1764     -0.9368    -0.98555  0.00125143
        1765     -0.9368   -0.985522  0.00125102
        1766     -0.9368   -0.985494  0.00125062
        1767      -0.936   -0.985466  0.00125023
        1768      -0.936   -0.985438  0.00124983
        1769     -0.9344    -0.98541  0.00124946
        1770     -0.9352   -0.985381  0.00124907
        1771      -0.936   -0.985353  0.00124868
        1772      -0.936   -0.985326  0.00124829
        1773      -0.936   -0.985298  0.00124789
        1774     -0.9368    -0.98527  0.00124749
        1775     -0.9368   -0.985243  0.00124708
        1776     -0.9336   -0.985214  0.00124672
        1777     -0.9344   -0.985185  0.00124635
        1778      -0.856   -0.985113  0.00124776
        1779      -0.856    -0.98504  0.00124917
        1780     -0.8576   -0.984969  0.00125052
        1781     -0.9376   -0.984942   0.0012501
        1782     -0.9376   -0.984915  0.00124968
        1783      -0.936   -0.984888  0.00124928
        1784      -0.936   -0.984861  0.00124888
        1785     -0.8536   -0.984787  0.00125034
        1786     -0.8536   -0.984714   0.0012518
        1787     -0.8544   -0.984641  0.00125322
        1788     -0.9328   -0.984612  0.00125285
        1789     -0.9352   -0.984584  0.00125246
        1790      -0.936   -0.984557  0.00125205
        1791      -0.936    -0.98453  0.00125165
        1792     -0.9352   -0.984502  0.00125125
        1793     -0.9352   -0.984475  0.00125086
        1794     -0.9352   -0.984447  0.00125046
        1795     -0.9328   -0.984418  0.00125009
        1796     -0.9336    -0.98439  0.00124972
        1797     -0.9352   -0.984363  0.00124932
        1798     -0.9344   -0.984335  0.00124894
        1799     -0.9344   -0.984307  0.00124855
        1800     -0.9328   -0.984279  0.00124819
        1801     -0.9328    -0.98425  0.00124782
        1802     -0.9328   -0.984222  0.00124745
        1803     -0.9344   -0.984194  0.00124707
        1804     -0.9376   -0.984168  0.00124664
        1805     -0.9368   -0.984142  0.00124623
        1806     -0.9384   -0.984117   0.0012458
        1807     -0.9392   -0.984092  0.00124536
        1808       -1.02   -0.984112  0.00124482
        1809       -1.02   -0.984131  0.00124429
        1810       -1.02   -0.984151  0.00124377
        1811       -1.02   -0.984171  0.00124324
        1812       -1.02   -0.984191  0.00124271
        1813       -1.02    -0.98421  0.00124218
        1814       -1.02    -0.98423  0.00124165
        1815       -1.02    -0.98425  0.00124112
        1816       -1.02    -0.98427   0.0012406
        1817       -1.02   -0.984289  0.00124007
        1818       -1.02   -0.984309  0.00123954
        1819       -1.02   -0.984329  0.00123902
        1820       -1.02   -0.984348  0.00123849
        1821       -1.02   -0.984368  0.00123796
        1822       -1.02   -0.984387  0.00123744
        1823       -1.02   -0.984407  0.00123691
        1824       -1.02   -0.984426  0.00123639
        1825       -1.02   -0.984446  0.00123587
        1826       -1.02   -0.984465  0.00123534
        1827       -1.02   -0.984485  0.00123482
        1828       -1.02   -0.984504   0.0012343
        1829       -1.02   -0.984524  0.00123378
        1830       -1.02   -0.984543  0.00123325
        1831       -1.02   -0.984562  0.00123273
        1832       -1.02   -0.984582  0.00123221
        1833       -1.02   -0.984601  0.00123169
        1834       -1.02    -0.98462  0.00123117
        1835       -1.02    -0.98464  0.00123065
        1836       -1.02   -0.984659  0.00123013
        1837       -1.02   -0.984678  0.00122961
        1838       -1.02   -0.984697  0.00122909
        1839       -1.02   -0.984716  0.00122857
        1840       -1.02   -0.984736  0.00122806
        1841       -1.02   -0.984755  0.00122754
        1842       -1.02   -0.984774  0.00122702
        1843       -1.02   -0.984793   0.0012265
        1844       -1.02   -0.984812  0.00122599
        1845       -1.02   -0.984831  0.00122547
        1846       -1.02    -0.98485  0.00122496
        1847       -1.02   -0.984869  0.00122444
        1848       -1.02   -0.984888  0.00122392
        1849       -1.02   -0.984907  0.00122341
        1850       -1.02   -0.984926   0.0012229
        1851       -1.02   -0.984945  0.00122238
        1852       -1.02   -0.984964  0.00122187
        1853       -1.02   -0.984983  0.00122136
        1854       -1.02   -0.985002  0.00122084
        1855       -1.02   -0.985021  0.00122033
        1856       -1.02    -0.98504  0.00121982
        1857       -1.02   -0.985058  0.00121931
        1858       -1.02   -0.985077   0.0012188
        1859       -1.02   -0.985096  0.00121828
        1860       -1.02   -0.985115  0.00121777
        1861       -1.02   -0.985134  0.00121726
        1862       -1.02   -0.985152  0.00121675
        1863       -1.02   -0.985171  0.00121625
        1864       -1.02    -0.98519  0.00121574
        1865       -1.02   -0.985208  0.00121523
        1866       -1.02   -0.985227  0.00121472
        1867       -1.02   -0.985246  0.00121421
        1868       -1.02   -0.985264   0.0012137
        1869       -1.02   -0.985283   0.0012132
        1870       -1.02   -0.985301  0.00121269
        1871       -1.02    -0.98532  0.00121218
        1872       -1.02   -0.985338  0.00121168
        1873       -1.02   -0.985357  0.00121117
        1874       -1.02   -0.985375  0.00121067
        1875       -1.02   -0.985394  0.00121016
        1876       -1.02   -0.985412  0.00120966
        1877       -1.02   -0.985431  0.00120915
        1878       -1.02   -0.985449  0.00120865
        1879       -1.02   -0.985468  0.00120815
        1880       -1.02   -0.985486  0.00120764
        1881       -1.02   -0.985504  0.00120714
        1882       -1.02   -0.985523  0.00120664
        1883       -1.02   -0.985541  0.00120614
        1884       -1.02   -0.985559  0.00120564
        1885       -1.02   -0.985578  0.00120513
        1886       -1.02   -0.985596  0.00120463
        1887       -1.02   -0.985614  0.00120413
        1888       -1.02   -0.985632  0.00120363
        1889       -1.02    -0.98565  0.00120313
        1890       -1.02   -0.985669  0.00120263
        1891       -1.02   -0.985687  0.00120213
        1892       -1.02   -0.985705  0.00120164
        1893       -1.02   -0.985723  0.00120114
        1894       -1.02   -0.985741  0.00120064
        1895       -1.02   -0.985759  0.00120014
        1896       -1.02   -0.985777  0.00119965
        1897       -1.02   -0.985795  0.00119915
        1898       -1.02   -0.985813  0.00119865
        1899       -1.02   -0.985831  0.00119816
        1900       -1.02   -0.985849  0.00119766
        1901       -1.02   -0.985867  0.00119717
        1902       -1.02   -0.985885  0.00119667
        1903       -1.02   -0.985903  0.00119618
        1904     -0.9392   -0.985879   0.0011958
        1905     -0.9376   -0.985853  0.00119544
        1906     -0.9368   -0.985827  0.00119509
        1907     -0.9376   -0.985802  0.00119473
        1908     -0.9376   -0.985777  0.00119437
        1909     -0.9368   -0.985751  0.00119402
        1910     -0.9376   -0.985726  0.00119366
        1911     -0.9368     -0.9857  0.00119331
        1912     -0.9368   -0.985675  0.00119296
        1913     -0.9376    -0.98565   0.0011926
        1914       -1.02   -0.985668  0.00119212
        1915       -1.02   -0.985686  0.00119163
        1916       -1.02   -0.985704  0.00119114
        1917       -1.02   -0.985721  0.00119065
        1918       -1.02   -0.985739  0.00119017
        1919       -1.02   -0.985757  0.00118968
        1920       -1.02   -0.985775  0.00118919
        1921       -1.02   -0.985793  0.00118871
        1922       -1.02   -0.985811  0.00118822
        1923       -1.02   -0.985828  0.00118774
        1924       -1.02   -0.985846  0.00118725
        1925       -1.02   -0.985864  0.00118677
        1926       -1.02   -0.985882  0.00118629
        1927       -1.02   -0.985899   0.0011858
        1928       -1.02   -0.985917  0.00118532
        1929       -1.02   -0.985935  0.00118484
        1930       -1.02   -0.985952  0.00118435
        1931       -1.02    -0.98597  0.00118387
        1932       -1.02   -0.985988  0.00118339
        1933       -1.02   -0.986005  0.00118291
        1934       -1.02   -0.986023  0.00118243
        1935       -1.02    -0.98604  0.00118195
        1936       -1.02   -0.986058  0.00118147
        1937       -1.02   -0.986075  0.00118099
        1938       -1.02   -0.986093  0.00118051
        1939       -1.02    -0.98611  0.00118003
        1940       -1.02   -0.986128  0.00117955
        1941       -1.02   -0.986145  0.00117907
        1942       -1.02   -0.986163  0.00117859
        1943       -1.02    -0.98618  0.00117811
        1944       -1.02   -0.986198  0.00117764
        1945       -1.02   -0.986215  0.00117716
        1946       -1.02   -0.986232  0.00117668
        1947       -1.02    -0.98625  0.00117621
        1948       -1.02   -0.986267  0.00117573
        1949       -1.02   -0.986284  0.00117525
        1950       -1.02   -0.986302  0.00117478
        1951       -1.02   -0.986319   0.0011743
        1952       -1.02   -0.986336  0.00117383
        1953       -1.02   -0.986353  0.00117335
        1954       -1.02   -0.986371  0.00117288
        1955       -1.02   -0.986388  0.00117241
        1956       -1.02   -0.986405  0.00117193
        1957       -1.02   -0.986422  0.00117146
        1958       -1.02   -0.986439  0.00117099
        1959       -1.02   -0.986456  0.00117051
        1960       -1.02   -0.986473  0.00117004
        1961       -1.02   -0.986491  0.00116957
        1962       -1.02   -0.986508   0.0011691
        1963       -1.02   -0.986525  0.00116863
        1964       -1.02   -0.986542  0.00116816
        1965     -0.9392   -0.986518  0.00116781
        1966     -0.9376   -0.986493  0.00116748
        1967     -0.9368   -0.986468  0.00116716
        1968     -0.9376   -0.986443  0.00116683
        1969     -0.9352   -0.986417  0.00116653
        1970     -0.9344    -0.98639  0.00116624
        1971     -0.9344   -0.986364  0.00116594
        1972     -0.9344   -0.986338  0.00116565
        1973     -0.9368   -0.986312  0.00116533
        1974     -0.9368   -0.986287  0.00116501
        1975     -0.9376   -0.986263  0.00116468
        1976     -0.9376   -0.986238  0.00116435
        1977     -0.9376   -0.986213  0.00116402
        1978      -0.936   -0.986188  0.00116371
        1979     -0.9352   -0.986162  0.00116341
        1980     -0.9336   -0.986136  0.00116312
        1981     -0.9352    -0.98611  0.00116282
        1982     -0.9344   -0.986084  0.00116253
        1983     -0.9328   -0.986057  0.00116225
        1984     -0.9328    -0.98603  0.00116197
        1985     -0.9328   -0.986003   0.0011617
        1986     -0.9344   -0.985977   0.0011614
        1987     -0.9336   -0.985951  0.00116112
        1988     -0.9336   -0.985925  0.00116083
        1989     -0.9352   -0.985899  0.00116053
        1990     -0.9352   -0.985874  0.00116023
        1991      -0.936   -0.985849  0.00115991
        1992     -0.9344   -0.985823  0.00115962
        1993     -0.9352   -0.985797  0.00115931
        1994     -0.9352   -0.985772  0.00115901
        1995     -0.9344   -0.985746  0.00115872
        1996     -0.9344   -0.985721  0.00115842
        1997     -0.9336   -0.985695  0.00115813
        1998     -0.9336   -0.985668  0.00115785
        1999      -0.932   -0.985642  0.00115758
        2000     -0.9328   -0.985615   0.0011573
