#      	 GEN:      LENGTH:
            1      419.356
            2      414.009
            3      404.907
            4      395.834
            5      388.548
            6      379.624
            7       375.59
            8       365.11
            9      361.714
           10      357.833
           11      354.908
           12       352.98
           13      348.833
           14      342.204
           15      341.618
           16      331.619
           17      329.662
           18      328.385
           19      326.064
           20      321.517
           21      319.073
           22      310.058
           23      305.428
           24      302.893
           25      299.506
           26      295.415
           27      291.895
           28      289.151
           29      290.456
           30      286.136
           31      279.032
           32      278.873
           33      273.803
           34      269.315
           35      266.518
           36      266.015
           37      261.892
           38      259.807
           39      262.347
           40      260.836
           41      257.919
           42      257.919
           43       257.76
           44      253.981
           45      251.945
           46      251.074
           47      245.949
           48      243.288
           49      240.457
           50      237.177
           51      231.724
           52      231.119
           53       230.19
           54      230.143
           55      228.606
           56       225.68
           57      222.849
           58      221.852
           59      222.399
           60      219.788
           61      220.957
           62      217.795
           63      215.314
           64      212.527
           65      210.046
           66      208.403
           67      207.695
           68       207.94
           69      207.653
           70      204.681
           71      204.462
           72      202.526
           73      203.203
           74      196.372
           75      196.655
           76      195.791
           77      192.323
           78       189.95
           79      192.256
           80       189.19
           81      185.906
           82      186.343
           83      184.508
           84      183.847
           85      183.178
           86      182.638
           87      182.092
           88      181.445
           89      180.947
           90      177.606
           91      177.327
           92      175.852
           93      175.311
           94      171.512
           95      169.825
           96      168.307
           97      166.275
           98      166.302
           99      164.415
          100      163.039
          101      162.632
          102      163.427
          103      162.267
          104       161.44
          105      160.521
          106        160.2
          107      159.281
          108      159.905
          109      158.986
          110      157.914
          111      156.872
          112      157.459
          113       155.72
          114      153.449
          115      153.254
          116      152.083
          117      151.158
          118      150.617
          119      150.061
          120      149.414
          121      149.417
          122       148.68
          123      148.032
          124      147.477
          125      148.877
          126      146.937
          127      146.954
          128      145.584
          129      145.948
          130      145.854
          131      145.117
          132      143.988
          133      144.131
          134      143.142
          135      143.142
          136       141.62
          137       141.62
          138       141.62
          139      141.113
          140      140.904
          141      141.175
          142       140.57
          143      141.389
          144      140.468
          145      140.468
          146      140.107
          147      138.506
          148      137.898
          149      139.803
          150      139.441
          151      134.009
          152      133.344
          153      133.344
          154      133.344
          155      132.599
          156      132.599
          157      132.505
          158       132.05
          159      132.672
          160      127.841
          161      127.096
          162      126.213
          163      124.409
          164      123.526
          165      123.097
          166      123.364
          167      122.354
          168      121.956
          169      121.499
          170      120.724
          171      120.724
          172      119.506
          173      119.431
          174      119.395
          175      118.517
          176      117.891
          177       117.92
          178      117.013
          179      116.337
          180      115.459
          181      115.459
          182      115.967
          183      114.455
          184      114.888
          185      114.418
          186      114.418
          187      113.644
          188      112.565
          189      112.422
          190      112.422
          191      111.616
          192      111.616
          193      111.385
          194      111.385
          195      110.776
          196      110.545
          197      111.014
          198      110.248
          199      108.908
          200      108.067
          201      108.067
          202      107.614
          203      106.983
          204      106.529
          205      106.299
          206      105.832
          207      105.601
          208      105.111
          209      105.275
          210       104.88
          211      104.522
          212      104.522
          213      104.522
          214      102.306
          215      101.793
          216      101.793
          217      100.938
          218      101.161
          219      100.456
          220      100.456
          221      98.8761
          222      98.6635
          223      98.6591
          224      98.5701
          225      98.5701
          226      98.1596
          227      98.0706
          228      98.1265
          229      97.4297
          230      97.0668
          231      96.4259
          232      95.7068
          233       93.683
          234       93.683
          235      92.8381
          236      92.6501
          237      92.1165
          238      91.8858
          239      91.6258
          240      91.5514
          241      91.3207
          242      91.0607
          243      91.0607
          244      89.9491
          245      90.0976
          246      89.4934
          247      89.4934
          248      89.2133
          249       88.362
          250       88.362
          251      87.3495
          252      87.1944
          253      87.1944
          254      87.1944
          255      86.5354
          256      86.5354
          257      86.5349
          258      85.9852
          259      85.9416
          260      85.5854
          261      85.5849
          262      85.3489
          263      85.3489
          264      84.9927
          265       84.706
          266       84.706
          267       84.706
          268       84.706
          269      84.5574
          270      84.5574
          271      84.5574
          272      84.1927
          273      83.8397
          274      83.8397
          275      83.8397
          276       84.221
          277       84.221
          278       84.221
          279      83.2514
          280      83.2449
          281      83.2449
          282      83.2449
          283      83.2449
          284      83.2449
          285      83.2449
          286      83.2449
          287      82.7666
          288      82.7666
          289      82.2503
          290       81.772
          291       81.772
          292       81.772
          293       81.772
          294       81.772
          295       81.772
          296      81.5165
          297      81.1156
          298      81.1156
          299        80.86
          300        80.86
          301        80.86
          302      80.8331
          303      80.8331
          304      80.7671
          305      80.7671
          306      80.7671
          307      80.7671
          308      80.7671
          309      80.7671
          310      80.7671
          311      80.7671
          312      80.7671
          313      80.7098
          314      80.3959
          315      80.3386
          316      80.3386
          317      79.9075
          318      79.9075
          319      79.9075
          320      79.9075
          321      79.9075
          322      79.9075
          323      79.9075
          324      78.9058
          325      78.9058
          326      78.9058
          327      78.8877
          328      78.9291
          329      78.9291
          330      78.1711
          331      78.1711
          332      78.1272
          333      78.1945
          334      78.1945
          335      77.8483
          336      77.4453
          337      77.4453
          338      77.4453
          339      77.4453
          340      77.4453
          341      77.4014
          342      77.4014
          343      77.4014
          344      77.1589
          345      77.0707
          346      77.0707
          347      77.0731
          348      76.7424
          349      76.7424
          350      76.7424
          351      76.7424
          352      76.4866
          353      76.1583
          354      76.0871
          355      76.0871
          356      76.0871
          357      76.0871
          358      76.0871
          359      76.0871
          360      76.0871
          361      76.0871
          362      76.0871
          363      76.0871
          364      76.0871
          365      76.0871
          366      76.0871
          367      76.0871
          368      76.0871
          369      76.0871
          370      75.7284
          371      75.7284
          372      75.7284
          373      75.7284
          374      75.7284
          375      75.7284
          376      75.7284
          377      75.7284
          378      75.7284
          379      75.7284
          380      75.7284
          381      75.7284
          382      75.6463
          383      75.6463
          384      75.6463
          385       75.415
          386       75.415
          387       75.415
          388       75.415
          389       75.415
          390       75.415
          391       75.415
          392       75.415
          393       75.415
          394       75.415
          395       75.415
          396       75.415
          397       75.415
          398       75.415
          399       75.415
          400       75.415
          401       75.415
          402       75.415
          403       75.415
          404       75.415
          405       75.415
          406       75.415
          407      75.2839
          408      75.2839
          409      75.2839
          410      75.2839
          411      75.2839
          412      74.8669
          413      74.8669
          414      74.8669
          415      74.8669
          416      74.8669
          417      74.8669
          418      74.8669
          419      74.8669
          420      74.8669
          421      74.8669
          422      74.8669
          423      74.8669
          424      74.7945
          425      73.4866
          426      73.4866
          427      73.4228
          428      73.4228
          429      73.4757
          430      73.4119
          431      73.4119
          432       73.051
          433       73.051
          434      72.8533
          435      72.8533
          436      72.8533
          437      72.8533
          438      72.8533
          439      72.8533
          440      72.8533
          441      72.8533
          442      72.8533
          443      72.8533
          444      72.8533
          445      72.8533
          446      72.8533
          447      72.8533
          448      72.8533
          449      72.3135
          450      72.3135
          451      72.3135
          452      72.3135
          453      72.3135
          454      72.3135
          455      72.3135
          456      72.3135
          457      72.3135
          458      72.3135
          459      72.3135
          460      72.3135
          461      72.3135
          462      72.3135
          463      72.3135
          464      72.3135
          465      72.3135
          466      72.3135
          467      72.3135
          468      72.3135
          469      72.3135
          470      72.3135
          471      72.3135
          472      72.3135
          473      72.3135
          474      72.3135
          475      72.3135
          476      72.3135
          477      72.3135
          478      72.3135
          479      72.3135
          480      72.3135
          481      72.3135
          482      72.3135
          483      72.3135
          484      72.3135
          485      72.3135
          486      72.3135
          487      72.3135
          488      72.3135
          489      72.3135
          490      71.5985
          491      71.5985
          492      71.5985
          493      71.5985
          494      71.5985
          495      71.5985
          496      71.5985
          497       71.119
          498       71.119
          499       71.119
          500       71.119
          501       71.119
          502       71.119
          503       71.119
          504       71.119
          505       71.119
          506      69.7958
          507      69.7958
          508      69.7958
          509      69.7958
          510      69.7958
          511      69.7958
          512      69.7958
          513      69.7958
          514      69.7958
          515      69.7958
          516      69.7958
          517      69.7958
          518      69.7958
          519      69.7958
          520      69.7958
          521      69.7958
          522      69.7958
          523      69.7958
          524      69.7958
          525      69.4823
          526      69.4823
          527      69.4823
          528      69.4823
          529      69.4823
          530      69.4823
          531      69.4823
          532      69.4823
          533      69.4823
          534      69.4823
          535      69.4823
          536      69.4823
          537      69.4823
          538      69.4823
          539      69.4823
          540      69.4823
          541      69.4823
          542      69.4823
          543      69.4823
          544      69.4823
          545      69.4823
          546      69.4823
          547      69.4823
          548      69.4823
          549      69.4823
          550      69.4823
          551      69.4823
          552      69.4823
          553      69.4823
          554      69.4823
          555      69.4823
          556      69.4823
          557      69.4823
          558      69.4823
          559      69.4823
          560      69.4823
          561      69.4823
          562      69.4823
          563      69.4823
          564      69.4823
          565      69.4823
          566      69.4823
          567      69.4823
          568      69.4823
          569      69.4823
          570      69.4823
          571      69.4823
          572      69.4823
          573      69.4823
          574      69.4823
          575      69.4823
          576      69.4823
          577      69.4823
          578      69.4823
          579      69.4823
          580      69.4823
          581      69.4823
          582      69.4823
          583      69.4823
          584      69.4823
          585      69.4823
          586      69.4823
          587      69.4823
          588      69.4823
          589      69.4823
          590      69.4823
          591      69.4823
          592      69.4823
          593      69.4823
          594      69.4823
          595      69.4823
          596      69.4823
          597       69.471
          598       69.471
          599       69.471
          600       69.471
          601       69.471
          602       69.471
          603       69.471
          604       69.471
          605       69.471
          606       69.471
          607       69.471
          608       69.471
          609       69.471
          610       69.471
          611       69.471
          612       69.471
          613       69.471
          614       69.471
          615       69.471
          616       69.471
          617       69.471
          618       69.471
          619       69.471
          620       69.471
          621       69.471
          622       69.471
          623       69.471
          624       69.471
          625       69.471
          626       69.471
          627       69.471
          628       69.471
          629       69.471
          630       69.471
          631       69.471
          632       69.471
          633       69.471
          634       69.471
          635       69.471
          636       69.471
          637       69.471
          638       69.471
          639       69.471
          640       69.471
          641       69.471
          642       69.471
          643       69.471
          644       69.471
          645       69.471
          646       69.471
          647       69.471
          648       69.471
          649       69.471
          650       69.471
          651       69.471
          652       69.471
          653       69.471
          654       69.471
          655       69.471
          656       69.471
          657       69.471
          658       69.471
          659       69.471
          660       69.471
          661       69.471
          662       69.471
          663       69.471
          664       69.471
          665       69.471
          666       69.471
          667       69.471
          668       69.471
          669       69.471
          670       69.471
          671       69.471
          672       69.471
          673       69.471
          674       69.471
          675       69.471
          676       69.471
          677       69.471
          678       69.471
          679       69.471
          680       69.471
          681       69.471
          682       69.471
          683       69.471
          684       69.471
          685       69.471
          686       69.471
          687       69.471
          688       69.471
          689       69.471
          690       69.471
          691       69.471
          692       69.471
          693       69.471
          694       69.471
          695       69.471
          696       69.471
          697       69.471
          698       69.471
          699       69.471
          700      68.7851
          701      68.7851
          702      68.7851
          703      68.7851
          704      68.7851
          705      68.7851
          706      68.7851
          707      68.7851
          708      68.7851
          709      68.7851
          710      68.7851
          711      68.7851
          712      68.7851
          713      68.7851
          714      68.7851
          715      68.7851
          716      68.7851
          717      68.7851
          718      68.7851
          719      68.7851
          720      68.7851
          721      68.7851
          722      68.7851
          723      68.7851
          724      68.7851
          725      68.7851
          726      68.7851
          727      68.7851
          728      68.7851
          729      68.7851
          730      68.7851
          731      68.7851
          732      68.7851
          733      68.7851
          734      68.7851
          735      68.7851
          736      68.7851
          737      68.7851
          738      68.7851
          739      68.7851
          740      68.7851
          741      68.7851
          742      68.7851
          743      68.7851
          744      68.7851
          745      68.7851
          746      68.7851
          747      68.7851
          748      68.7851
          749      68.7851
          750      68.7851
          751      68.7851
          752      68.7851
          753      68.7851
          754      68.7851
          755      68.7851
          756      68.7851
          757      68.7851
          758      68.7851
          759      68.7851
          760      68.4698
          761      68.4698
          762      68.4698
          763      68.4698
          764      68.4698
          765      68.4698
          766      68.4698
          767      68.4698
          768      68.4698
          769      68.4698
          770      68.4698
          771      68.4698
          772      68.4698
          773      68.4698
          774      68.4698
          775      68.4698
          776      68.4698
          777      68.4698
          778      68.4698
          779      68.4698
          780      68.4698
          781      68.4698
          782      68.4698
          783      68.4698
          784      68.4698
          785      68.4698
          786      68.4698
          787      68.4698
          788      68.4698
          789      68.4698
          790      68.4698
          791      68.4698
          792      68.4698
          793      68.4698
          794      68.4698
          795      68.4698
          796      68.4698
          797      68.4698
          798      68.4698
          799      68.4698
          800      68.4698
          801      68.4698
          802      68.4698
          803      68.4698
          804      68.4698
          805      68.4698
          806      68.4698
          807      68.4698
          808      68.4698
          809      68.4698
          810      68.4698
          811      68.4698
          812      68.4698
          813      68.4698
          814      68.4698
          815      68.4698
          816      68.4698
          817      68.4698
          818      68.4698
          819      68.4698
          820      68.4698
          821      68.4698
          822      68.4698
          823      68.4698
          824      68.4698
          825      68.4698
          826      68.4698
          827      68.4698
          828      68.4698
          829      68.4698
          830      68.4698
          831      68.4698
          832      68.4698
          833      68.4698
          834      68.4698
          835      68.4698
          836      68.4698
          837      68.4698
          838      68.4698
          839      68.3944
          840      68.3944
          841      68.3944
          842      68.3944
          843      68.3944
          844      68.3944
          845      68.3944
          846      68.3944
          847      68.3944
          848      68.3944
          849      68.3944
          850      68.3944
          851      68.3944
          852      68.3944
          853      68.3944
          854      68.3944
          855      68.3944
          856      68.3944
          857      68.3944
          858      68.3944
          859      68.3944
          860      68.3944
          861      68.3944
          862      68.3944
          863      68.3944
          864      68.3944
          865      68.3944
          866      68.3944
          867      68.3944
          868      68.3944
          869      68.3944
          870      68.3944
          871      68.3944
          872      68.3944
          873      68.3944
          874      68.3944
          875      68.3944
          876      68.3944
          877      68.3944
          878      68.3944
          879      68.3944
          880      68.3944
          881      68.3944
          882      68.3944
          883      68.3944
          884      68.3944
          885      68.3944
          886      68.3944
          887      68.3944
          888      68.3944
          889      68.3944
          890      68.3944
          891      68.3944
          892      68.3944
          893      68.3944
          894      68.3944
          895      68.3944
          896      68.3944
          897      68.3944
          898      68.3944
          899      68.3944
          900      68.3944
          901      68.3944
          902      68.3944
          903      68.3944
          904      68.3944
          905      68.3944
          906      68.3944
          907      68.3944
          908      68.3944
          909      68.3944
          910      68.3944
          911      68.3944
          912      68.3944
          913      68.3944
          914      68.3944
          915      68.3944
          916      68.3944
          917      68.3944
          918      68.3944
          919      68.3944
          920      68.3944
          921      68.3944
          922      68.3944
          923      68.3944
          924      68.3944
          925      68.3944
          926      68.3944
          927      68.3944
          928      68.3944
          929      68.3944
          930      68.3944
          931      68.3944
          932      68.3944
          933      68.3944
          934      68.3944
          935      68.3944
          936      68.3944
          937      68.3944
          938      68.3944
          939      68.3944
          940      68.3944
          941      68.3944
          942      68.3944
          943      68.3944
          944      68.3944
          945      68.3944
          946      68.3944
          947      68.3944
          948      68.3944
          949      68.3944
          950      68.3944
          951      68.3944
          952      68.3944
          953      68.3944
          954      68.3944
          955      68.3944
          956      68.3944
          957      68.3944
          958      68.3944
          959      68.3944
          960      68.3944
          961      68.3944
          962      68.3944
          963      68.3944
          964      68.3944
          965      68.3944
          966      68.3944
          967      68.3944
          968      68.3944
          969      68.3944
          970      68.3944
          971      68.3944
          972      68.3944
          973      68.3944
          974      68.3944
          975      68.3944
          976      68.3944
          977      68.3944
          978      68.3944
          979      68.3944
          980      68.3944
          981      68.3944
          982      68.3944
          983      68.3944
          984      68.3944
          985      68.3944
          986      68.3944
          987      68.3944
          988      68.3944
          989      68.3944
          990      68.3944
          991      68.3944
          992      68.3944
          993      68.3944
          994      68.3944
          995      68.3944
          996      68.3944
          997      68.3944
          998      68.3944
          999      68.3944
         1000      68.3944
         1001      68.3944
         1002      68.3944
         1003      68.3944
         1004      68.3944
         1005      68.3944
         1006      68.3944
         1007      68.3944
         1008      68.3944
         1009      68.3944
         1010      68.3944
         1011      68.3944
         1012      68.3944
         1013      68.3944
         1014      68.3944
         1015      68.3944
         1016      68.3944
         1017      68.3944
         1018      68.3944
         1019      68.3944
         1020      68.3944
         1021      68.3944
         1022      68.3944
         1023      68.3944
         1024      68.3944
         1025      68.3944
         1026      68.3944
         1027      68.3944
         1028      68.3944
         1029      68.3944
         1030      68.3944
         1031      68.3944
         1032      68.3944
         1033      68.3944
         1034      68.3944
         1035      68.3944
         1036      68.3944
         1037      68.3944
         1038      68.3944
         1039      68.3944
         1040      68.3944
         1041      68.3944
         1042      68.3944
         1043      68.3944
         1044      68.3944
         1045      68.3944
         1046      68.3944
         1047      68.3944
         1048      68.3944
         1049      68.3944
         1050      68.3944
         1051      68.3944
         1052      68.3944
         1053      68.3944
         1054      68.3944
         1055      68.3944
         1056      68.3944
         1057      68.3944
         1058      68.3944
         1059      68.3944
         1060      68.3944
         1061      68.3944
         1062      68.3944
         1063      68.3944
         1064      68.3944
         1065      68.3944
         1066      68.3944
         1067      68.3944
         1068      68.3944
         1069      68.3944
         1070      68.3944
         1071      68.3944
         1072      68.3944
         1073      68.3944
         1074      68.3944
         1075      68.3944
         1076      68.3944
         1077      68.3944
         1078      68.3944
         1079      68.3944
         1080      68.3944
         1081      68.3944
         1082      68.3944
         1083      68.3944
         1084      68.3944
         1085      68.3944
         1086      68.3944
         1087      68.3944
         1088      68.3944
         1089      68.3944
         1090      68.3944
         1091      68.3944
         1092      68.3944
         1093      68.3944
         1094      68.3944
         1095      68.3944
         1096      68.3944
         1097      68.3944
         1098      68.3944
         1099      68.3944
         1100      68.3944
         1101      68.1104
         1102      68.1104
         1103      68.1104
         1104      68.1104
         1105      68.1104
         1106      68.1104
         1107      68.1104
         1108      68.1104
         1109      68.1104
         1110      68.1104
         1111      68.1104
         1112      68.1104
         1113      67.7912
         1114      67.7912
         1115      67.7912
         1116      67.7912
         1117      67.7912
         1118      67.7912
         1119      67.7912
         1120      67.7912
         1121      67.7912
         1122      67.7912
         1123      67.7912
         1124      67.7912
         1125      67.7912
         1126      67.7912
         1127      67.7912
         1128      67.7912
         1129      67.7912
         1130      67.7912
         1131      67.7912
         1132      67.7912
         1133      67.7912
         1134      67.7912
         1135      67.7912
         1136      67.7912
         1137      67.7912
         1138      67.7912
         1139      67.7912
         1140      67.7912
         1141      67.7912
         1142      67.7912
         1143      67.7912
         1144      67.7912
         1145      67.7912
         1146      67.7912
         1147      67.7912
         1148      67.7912
         1149      67.7912
         1150      67.7912
         1151      67.7912
         1152      67.7912
         1153      67.7912
         1154      67.7912
         1155      67.7912
         1156      67.7149
         1157      67.7149
         1158      67.7149
         1159      67.7149
         1160      67.4664
         1161      67.4664
         1162      67.4664
         1163      67.3817
         1164      67.3817
         1165      67.3817
         1166      67.3817
         1167      67.3817
         1168      67.3817
         1169      67.3817
         1170      67.3817
         1171      67.3817
         1172      67.3817
         1173      67.3817
         1174      67.3817
         1175      67.3817
         1176      66.8026
         1177      66.8026
         1178      66.8026
         1179      66.8026
         1180      66.8026
         1181      66.8026
         1182      66.8026
         1183      66.8026
         1184      66.8026
         1185      66.8026
         1186      66.8026
         1187      66.8026
         1188      66.8026
         1189      66.8026
         1190      66.8026
         1191      66.8026
         1192      66.8026
         1193      66.8026
         1194      66.8026
         1195      66.5969
         1196      66.5969
         1197      66.5969
         1198      66.5969
         1199      66.5969
         1200      66.5969
         1201      66.5969
         1202      66.5969
         1203      66.5969
         1204      66.5969
         1205      66.5969
         1206      66.5969
         1207      66.5969
         1208      66.5969
         1209      66.5969
         1210      66.5969
         1211      66.5969
         1212      66.5969
         1213      66.5969
         1214      66.5969
         1215      66.5969
         1216      66.5969
         1217      66.5969
         1218      66.5969
         1219      66.5969
         1220      66.5969
         1221      66.5969
         1222      66.5969
         1223      66.5969
         1224      66.5969
         1225      66.5969
         1226      66.5969
         1227      66.5969
         1228      66.5969
         1229      66.5969
         1230      66.5969
         1231      66.5969
         1232      66.5969
         1233      66.5969
         1234      66.5969
         1235      66.5969
         1236      66.5969
         1237      66.5969
         1238      66.5969
         1239      66.5969
         1240      66.5969
         1241      66.5969
         1242      66.5969
         1243      66.5969
         1244      66.5969
         1245      66.5969
         1246      66.5969
         1247      66.5969
         1248      66.5969
         1249      66.5969
         1250      66.5969
         1251      66.5969
         1252      66.5969
         1253      66.5969
         1254      66.5969
         1255      66.5969
         1256      66.5969
         1257      66.5969
         1258      66.5969
         1259      66.5969
         1260      66.5969
         1261      66.5969
         1262      66.5969
         1263      66.5969
         1264      66.5969
         1265      66.5969
         1266      66.5969
         1267      66.5969
         1268      66.5969
         1269      66.5969
         1270      66.5969
         1271      66.5969
         1272      66.5969
         1273      66.5969
         1274      66.5969
         1275      66.5969
         1276      66.5969
         1277      66.5969
         1278      66.5969
         1279      66.5969
         1280      66.5969
         1281      66.5969
         1282      66.5969
         1283      66.5969
         1284      66.5969
         1285      66.5969
         1286      66.5969
         1287      66.5969
         1288      66.5969
         1289      66.5969
         1290      66.5969
         1291      66.5969
         1292      66.5969
         1293      66.5969
         1294      66.5969
         1295      66.5969
         1296      66.5969
         1297      66.5969
         1298      66.5969
         1299      66.5969
         1300      66.5969
         1301      66.5969
         1302      66.5969
         1303      66.5969
         1304      66.5969
         1305      66.5969
         1306      66.5969
         1307      66.5969
         1308      66.5969
         1309      66.5969
         1310      66.5969
         1311      66.5969
         1312      66.5969
         1313      66.5969
         1314      66.5969
         1315      66.5969
         1316      66.5969
         1317      66.5969
         1318      66.5969
         1319      66.5969
         1320      66.5969
         1321      66.5969
         1322      66.5969
         1323      66.5969
         1324      66.5969
         1325      66.5969
         1326      66.5969
         1327      66.5969
         1328      66.5969
         1329      66.5969
         1330      66.5969
         1331      66.5969
         1332      66.5969
         1333      66.5969
         1334      66.5969
         1335      66.5969
         1336      66.5969
         1337      66.5969
         1338      66.5969
         1339      66.5969
         1340      66.5969
         1341      66.5969
         1342      66.5969
         1343      66.5969
         1344      66.5969
         1345      66.5969
         1346      66.5969
         1347      66.5969
         1348      66.5969
         1349      66.5969
         1350      66.5969
         1351      66.5969
         1352      66.5969
         1353      66.5969
         1354      66.5969
         1355      66.5969
         1356      66.5969
         1357      66.5969
         1358      66.5969
         1359      66.5969
         1360      66.5969
         1361      66.5969
         1362      66.5969
         1363      66.5969
         1364      66.5969
         1365      66.5969
         1366      66.5969
         1367      66.5969
         1368      66.5969
         1369      66.5969
         1370      66.5969
         1371      66.5969
         1372      66.5969
         1373      66.5969
         1374      66.5969
         1375      66.5969
         1376      66.5969
         1377      66.5969
         1378      66.5969
         1379      66.5969
         1380      66.5969
         1381      66.5969
         1382      66.5969
         1383      66.5969
         1384      66.5969
         1385      66.5969
         1386      66.5969
         1387      66.5969
         1388      66.5969
         1389      66.5969
         1390      66.5969
         1391      66.5969
         1392      66.5969
         1393      66.5969
         1394      66.5969
         1395      66.5969
         1396      66.5969
         1397      66.5969
         1398      66.5969
         1399      66.5969
         1400      66.5969
         1401      66.5969
         1402      66.5969
         1403      66.5969
         1404      66.5969
         1405      66.5969
         1406      66.5969
         1407      66.5969
         1408      66.5969
         1409      66.5969
         1410      66.5969
         1411      66.5969
         1412      66.5969
         1413      66.5969
         1414      66.5969
         1415      66.5969
         1416      66.5969
         1417      66.5969
         1418      66.5969
         1419      66.5969
         1420      66.5969
         1421      66.5969
         1422      66.5969
         1423      66.5969
         1424      66.5969
         1425      66.5969
         1426      66.5969
         1427      66.5969
         1428      66.5969
         1429      66.5969
         1430      66.5969
         1431      66.5969
         1432      66.5969
         1433      66.5969
         1434      66.5969
         1435      66.5969
         1436      66.5969
         1437      66.5969
         1438      66.5969
         1439      66.5969
         1440      66.5969
         1441      66.5969
         1442      66.5969
         1443      66.5969
         1444      66.5969
         1445      66.5969
         1446      66.5969
         1447      66.5969
         1448      66.5969
         1449      66.5969
         1450      66.5969
         1451      66.5969
         1452      66.5969
         1453      66.5969
         1454      66.5969
         1455      66.5969
         1456      66.5969
         1457      66.5969
         1458      66.5969
         1459      66.5969
         1460      66.5969
         1461      66.5969
         1462      66.5969
         1463      66.5969
         1464      66.5969
         1465      66.5969
         1466      66.5969
         1467      66.5969
         1468      66.5969
         1469      66.5969
         1470      66.5969
         1471      66.5969
         1472      66.5969
         1473      66.5969
         1474      66.5969
         1475      66.5969
         1476      66.5969
         1477      66.5969
         1478      66.5969
         1479      66.5969
         1480      66.5969
         1481      66.5969
         1482      66.5969
         1483      66.5969
         1484      66.5969
         1485      66.5969
         1486      66.5969
         1487      66.5969
         1488      66.5969
         1489      66.5969
         1490      66.5969
         1491      66.5969
         1492      66.5969
         1493      66.5969
         1494      66.5969
         1495      66.5969
         1496      66.5969
         1497      66.5969
         1498      66.5969
         1499      66.5969
         1500      66.5969
         1501      66.5969
         1502      66.5969
         1503      66.5969
         1504      66.5969
         1505      66.5969
         1506      66.5969
         1507      66.5969
         1508      66.5969
         1509      66.5969
         1510      66.5969
         1511      66.5969
         1512      66.5142
         1513      66.5142
         1514      66.5142
         1515      66.5142
         1516      66.5142
         1517      66.5142
         1518      66.5142
         1519      66.5142
         1520      66.5142
         1521      66.5142
         1522      66.5142
         1523      66.5142
         1524      66.5142
         1525      66.5142
         1526      66.5142
         1527      66.5142
         1528      66.5142
         1529      66.5142
         1530      66.5142
         1531      66.5142
         1532      66.5142
         1533      66.5142
         1534      66.5142
         1535      66.5142
         1536      66.5142
         1537      66.5142
         1538      66.5142
         1539      66.5142
         1540      66.5142
         1541      66.5142
         1542      66.5142
         1543      66.5142
         1544      66.5142
         1545      66.5142
         1546      66.5142
         1547      66.5142
         1548      66.5142
         1549      66.5142
         1550      66.5142
         1551      66.5142
         1552      66.5142
         1553      66.5142
         1554      66.5142
         1555      66.5142
         1556      66.5142
         1557      66.5142
         1558      66.5142
         1559      66.5142
         1560      66.5142
         1561      66.5142
         1562      66.5142
         1563      66.5142
         1564      66.5142
         1565      66.5142
         1566      66.5142
         1567      66.5142
         1568      66.5142
         1569      66.5142
         1570      66.5142
         1571      66.5142
         1572      66.5142
         1573      66.5142
         1574      66.5142
         1575      66.5142
         1576      66.5142
         1577      66.5142
         1578      66.5142
         1579      66.5142
         1580      66.5142
         1581      66.5142
         1582      66.5142
         1583      66.5142
         1584      66.5142
         1585      66.5142
         1586      66.5142
         1587      66.5142
         1588      66.5142
         1589      66.5142
         1590      66.5142
         1591      66.5142
         1592      66.5142
         1593      66.5142
         1594      66.5142
         1595      66.5142
         1596      66.5142
         1597      66.5142
         1598      66.5142
         1599      66.5142
         1600      66.5142
         1601      66.5142
         1602      66.5142
         1603      66.5142
         1604      66.5142
         1605      66.5142
         1606      66.5142
         1607      66.5142
         1608      66.5142
         1609      66.5142
         1610      66.5142
         1611      66.5142
         1612      66.5142
         1613      66.5142
         1614      66.5142
         1615      66.5142
         1616      66.5142
         1617      66.5142
         1618      66.5142
         1619      66.5142
         1620      66.5142
         1621      66.5142
         1622      66.5142
         1623      66.5142
         1624      66.5142
         1625      66.5142
         1626      66.5142
         1627      66.5142
         1628      66.5142
         1629      66.5142
         1630      66.5142
         1631      66.5142
         1632      66.5142
         1633      66.5142
         1634      66.5142
         1635      66.5142
         1636      66.5142
         1637      66.5142
         1638      66.5142
         1639      66.5142
         1640      66.5142
         1641      66.5142
         1642      66.5142
         1643      66.5142
         1644      66.5142
         1645      66.5142
         1646      66.5142
         1647      66.5142
         1648      66.5142
         1649      66.5142
         1650      66.5142
         1651      66.5142
         1652      66.5142
         1653      66.5142
         1654      66.5142
         1655      66.5142
         1656      66.5142
         1657      66.5142
         1658      66.5142
         1659      66.5142
         1660      66.5142
         1661      66.5142
         1662      66.5142
         1663      66.5142
         1664      66.5142
         1665      66.5142
         1666      66.5142
         1667      66.5142
         1668      66.5142
         1669      66.5142
         1670      66.5142
         1671      66.5142
         1672      66.5142
         1673      66.5142
         1674      66.5142
         1675      66.5142
         1676      66.5142
         1677      66.5142
         1678      66.5142
         1679      66.5142
         1680      66.5142
         1681      66.5142
         1682      66.5142
         1683      66.5142
         1684      66.5142
         1685      66.5142
         1686      66.5142
         1687      66.5142
         1688      66.5142
         1689      66.5142
         1690      66.5142
         1691      66.5142
         1692      66.5142
         1693      66.5142
         1694      66.5142
         1695      66.5142
         1696      66.5142
         1697      66.5142
         1698      66.5142
         1699      66.5142
         1700      66.5142
         1701      66.5142
         1702      66.5142
         1703      66.5142
         1704      66.5142
         1705      66.5142
         1706      66.5142
         1707      66.5142
         1708      66.5142
         1709      66.5142
         1710      66.5142
         1711      66.5142
         1712      66.5142
         1713      66.5142
         1714      66.5142
         1715      66.5142
         1716      66.5142
         1717      66.5142
         1718      66.5142
         1719      66.5142
         1720      66.5142
         1721      66.5142
         1722      66.5142
         1723      66.5142
         1724      66.5142
         1725      66.5142
         1726      66.5142
         1727      66.5142
         1728      66.5142
         1729      66.5142
         1730      66.5142
         1731      66.5142
         1732      66.5142
         1733      66.5142
         1734      66.5142
         1735      66.5142
         1736      66.5142
         1737      66.5142
         1738      66.5142
         1739      66.5142
         1740      66.5142
         1741      66.5142
         1742      66.5142
         1743      66.5142
         1744      66.5142
         1745      66.5142
         1746      66.5142
         1747      66.5142
         1748      66.5142
         1749      66.5142
         1750      66.5142
         1751      66.5142
         1752      66.5142
         1753      66.5142
         1754      66.5142
         1755      66.5142
         1756      66.5142
         1757      66.5142
         1758      66.5142
         1759      66.5142
         1760      66.5142
         1761      66.5142
         1762      66.5142
         1763      66.5142
         1764      66.5142
         1765      66.5142
         1766      66.5142
         1767      66.5142
         1768      66.5142
         1769      66.5142
         1770      66.5142
         1771      66.5142
         1772      66.5142
         1773      66.5142
         1774      66.5142
         1775      66.5142
         1776      66.5142
         1777      66.5142
         1778      66.5142
         1779      66.5142
         1780      66.5142
         1781      66.5142
         1782      66.5142
         1783      66.5142
         1784      66.5142
         1785      66.5142
         1786      66.5142
         1787      66.5142
         1788      66.5142
         1789      66.5142
         1790      66.5142
         1791      66.5142
         1792      66.5142
         1793      66.5142
         1794      66.5142
         1795      66.5142
         1796      66.5142
         1797      66.5142
         1798      66.5142
         1799      66.5142
         1800      66.5142
         1801      66.5142
         1802      66.5142
         1803      66.5142
         1804      66.5142
         1805      66.5142
         1806      66.5142
         1807      66.5142
         1808      66.5142
         1809      66.5142
         1810      66.5142
         1811      66.5142
         1812      66.5142
         1813      66.5142
         1814      66.5142
         1815      66.5142
         1816      66.5142
         1817      66.5142
         1818      66.5142
         1819      66.5142
         1820      66.5142
         1821      66.5142
         1822      66.5142
         1823      66.5142
         1824      66.5142
         1825      66.5142
         1826      66.5142
         1827      66.5142
         1828      66.5142
         1829      66.5142
         1830      66.5142
         1831      66.5142
         1832      66.5142
         1833      66.5142
         1834      66.5142
         1835      66.5142
         1836      66.5142
         1837      66.5142
         1838      66.5142
         1839      66.5142
         1840      66.5142
         1841      66.5142
         1842      66.5142
         1843      66.5142
         1844      66.5142
         1845      66.5142
         1846      66.5142
         1847      66.5142
         1848      66.5142
         1849      66.5142
         1850      66.5142
         1851      66.5142
         1852      66.5142
         1853      66.5142
         1854      66.5142
         1855      66.5142
         1856      66.5142
         1857      66.5142
         1858      66.5142
         1859      66.5142
         1860      66.5142
         1861      66.5142
         1862      66.5142
         1863      66.5142
         1864      66.5142
         1865      66.5142
         1866      66.5142
         1867      66.5142
         1868      66.5142
         1869      66.5142
         1870      66.5142
         1871      66.5142
         1872      66.5142
         1873      66.5142
         1874      66.5142
         1875      66.5142
         1876      66.5142
         1877      66.5142
         1878      66.5142
         1879      66.5142
         1880      66.5142
         1881      66.5142
         1882      66.5142
         1883      66.5142
         1884      66.5142
         1885      66.5142
         1886      66.5142
         1887      66.5142
         1888      66.5142
         1889      66.5142
         1890      66.5142
         1891      66.5142
         1892      66.5142
         1893      66.5142
         1894      66.5142
         1895      66.5142
         1896      66.5142
         1897      66.5142
         1898      66.5142
         1899      66.5142
         1900      66.5142
         1901      66.5142
         1902      66.5142
         1903      66.5142
         1904      66.5142
         1905      66.5142
         1906      66.5142
         1907      66.5142
         1908      66.5142
         1909      66.5142
         1910      66.5142
         1911      66.5142
         1912      66.5142
         1913      66.5142
         1914      66.5142
         1915      66.5142
         1916      66.5142
         1917      66.5142
         1918      66.5142
         1919      66.5142
         1920      66.5142
         1921      66.5142
         1922      66.5142
         1923      66.5142
         1924      66.5142
         1925      66.5142
         1926      66.5142
         1927      66.5142
         1928      66.5142
         1929      66.5142
         1930      66.5142
         1931      66.5142
         1932      66.5142
         1933      66.5142
         1934      66.5142
         1935      66.5142
         1936      66.5142
         1937      66.5142
         1938      66.5142
         1939      66.5142
         1940      66.5142
         1941      66.5142
         1942      66.5142
         1943      66.5142
         1944      66.5142
         1945      66.5142
         1946      66.5142
         1947      66.5142
         1948      66.5142
         1949      66.5142
         1950      66.5142
         1951      66.5142
         1952      66.5142
         1953      66.5142
         1954      66.5142
         1955      66.5142
         1956      66.5142
         1957      66.5142
         1958      66.5142
         1959      66.5142
         1960      66.5142
         1961      66.5142
         1962      66.5142
         1963      66.5142
         1964      66.5142
         1965      66.5142
         1966      66.5142
         1967      66.5142
         1968      66.5142
         1969      66.5142
         1970      66.5142
         1971      66.5142
         1972      66.5142
         1973      66.5142
         1974      66.5142
         1975      66.5142
         1976      66.5142
         1977      66.5142
         1978      66.5142
         1979      66.5142
         1980      66.5142
         1981      66.5142
         1982      66.5142
         1983      66.5142
         1984      66.5142
         1985      66.5142
         1986      66.5142
         1987      66.5142
         1988      66.5142
         1989      66.5142
         1990      66.5142
         1991      66.5142
         1992      66.5142
         1993      66.5142
         1994      66.5142
         1995      66.5142
         1996      66.5142
         1997      66.5142
         1998      66.5142
         1999      66.5142
         2000      66.5142
