#      	 GEN:      LENGTH:
            1       476.99
            2      458.275
            3      441.782
            4       424.41
            5      412.614
            6      404.091
            7      397.495
            8      390.412
            9      384.557
           10      378.317
           11      371.962
           12      365.117
           13      358.672
           14       350.86
           15      344.851
           16      338.872
           17      333.463
           18       328.92
           19      325.194
           20      321.531
           21       318.24
           22      314.847
           23      310.096
           24      304.464
           25       299.28
           26      295.301
           27      291.386
           28       287.12
           29      282.927
           30      278.301
           31      273.048
           32      267.944
           33       263.53
           34      260.426
           35      257.643
           36      254.879
           37       252.12
           38      249.714
           39      246.719
           40      243.341
           41      239.922
           42      237.347
           43      234.867
           44      232.024
           45      230.156
           46      228.046
           47      226.407
           48      225.089
           49      223.193
           50      220.796
           51      218.144
           52      215.603
           53      213.563
           54      211.785
           55      209.595
           56      207.171
           57      205.079
           58      202.455
           59      200.562
           60      198.442
           61      196.857
           62      195.095
           63      193.454
           64      191.316
           65      189.159
           66      187.042
           67      186.052
           68      184.539
           69      183.308
           70      182.664
           71      182.277
           72      181.554
           73      180.452
           74      179.104
           75      178.166
           76      177.423
           77      176.624
           78      175.927
           79      174.967
           80       173.88
           81      172.311
           82      170.312
           83      168.833
           84      167.286
           85      165.962
           86      164.238
           87      162.842
           88      161.101
           89       160.01
           90      159.066
           91       158.26
           92      157.291
           93      156.484
           94      155.524
           95       154.55
           96      153.856
           97      153.241
           98      152.282
           99      151.273
          100       150.21
          101      148.951
          102      147.878
          103      146.717
          104      145.835
          105      144.826
          106      143.659
          107      142.355
          108      141.072
          109      140.204
          110      139.353
          111      138.393
          112      137.673
          113      136.868
          114      136.384
          115      135.879
          116      135.106
          117       134.12
          118      133.097
          119      132.178
          120      131.249
          121      130.538
          122      129.826
          123      129.288
          124      128.627
          125      127.888
          126       127.26
          127      126.676
          128      126.113
          129      125.498
          130      125.109
          131      124.807
          132      124.563
          133      124.094
          134      123.642
          135      123.291
          136      123.145
          137      123.208
          138      123.222
          139      122.571
          140      121.413
          141      120.692
          142      119.673
          143      119.178
          144      118.778
          145      118.641
          146      118.081
          147       117.75
          148       117.55
          149      117.285
          150      116.849
          151      115.999
          152      115.108
          153      114.325
          154      113.788
          155      113.397
          156       113.01
          157      112.568
          158      112.067
          159      111.722
          160       111.44
          161      111.206
          162      110.976
          163      110.665
          164      110.326
          165      109.823
          166      109.533
          167      109.265
          168      109.048
          169      108.824
          170       108.63
          171      108.463
          172       108.47
          173      108.438
          174       108.66
          175      109.183
          176      109.863
          177      109.609
          178      109.506
          179      108.457
          180      107.505
          181      106.938
          182      106.524
          183      106.428
          184      106.352
          185      106.163
          186      105.907
          187      105.367
          188      104.991
          189      104.332
          190      103.751
          191      103.345
          192      103.054
          193      103.038
          194       102.89
          195       102.74
          196      102.556
          197      102.408
          198      102.216
          199       101.98
          200       101.98
          201       101.75
          202      101.568
          203      101.312
          204      100.912
          205       100.39
          206      99.9019
          207      99.4873
          208      99.3464
          209      99.1587
          210      98.9462
          211      98.8295
          212      98.7404
          213      98.6838
          214      98.6351
          215       98.477
          216      98.3303
          217      98.1851
          218      98.1578
          219      98.1654
          220      98.1513
          221      98.1206
          222      98.1856
          223       98.384
          224      98.5582
          225      98.5899
          226      98.8189
          227      98.3651
          228      98.1893
          229       98.474
          230      98.0451
          231       97.513
          232       96.449
          233      95.2947
          234      93.7618
          235      92.8323
          236      92.2776
          237      91.9198
          238      91.5268
          239      91.2824
          240      91.0906
          241      90.8975
          242      90.7835
          243      90.6899
          244      90.6248
          245      90.5691
          246      90.5402
          247      90.5386
          248      90.7756
          249      90.5091
          250      90.0671
          251      89.6411
          252      89.0381
          253      88.5934
          254       88.232
          255      87.9604
          256      87.9033
          257      87.8611
          258      87.8437
          259      87.8105
          260      87.7464
          261      87.6335
          262      87.4984
          263      87.4195
          264      87.4445
          265      87.2623
          266      87.0807
          267      87.0348
          268       86.951
          269      86.7851
          270      86.5455
          271      86.0303
          272      85.4482
          273      85.1131
          274      84.8985
          275      84.8066
          276      84.8556
          277      85.4771
          278      85.8729
          279      85.7169
          280      85.0989
          281      84.4486
          282      83.9673
          283      83.5017
          284      83.2181
          285      83.0427
          286      82.8887
          287      82.7638
          288      82.6657
          289      82.6061
          290      82.5741
          291      82.5581
          292      82.5428
          293        82.53
          294      82.5241
          295      82.5241
          296      82.5241
          297      82.5241
          298      82.5241
          299      82.5204
          300      82.4787
          301      82.3685
          302      82.3521
          303      82.6143
          304       82.656
          305      82.2751
          306      81.5007
          307      81.0404
          308      80.7923
          309      80.5665
          310      80.3899
          311      80.1588
          312      79.9533
          313      79.7593
          314      79.4817
          315      79.2721
          316      79.1443
          317      78.9813
          318      78.7858
          319      78.6171
          320      78.5328
          321      78.4499
          322       78.327
          323      78.2021
          324      77.9862
          325      77.8636
          326      77.7612
          327      77.7956
          328      77.7594
          329      77.6715
          330      77.5804
          331       77.512
          332      77.4844
          333      77.4844
          334      77.4841
          335      77.4782
          336      77.4642
          337      77.5373
          338      77.8986
          339      77.8498
          340      77.7804
          341      77.4939
          342       77.327
          343      77.3116
          344      77.2866
          345      77.2608
          346      77.2177
          347      77.1862
          348      77.1523
          349      77.1238
          350      77.1208
          351      77.1208
          352      77.1206
          353      77.1087
          354      77.0751
          355      77.0364
          356      77.0145
          357      76.9701
          358      76.8907
          359      76.7315
          360      76.5144
          361       76.342
          362      76.2518
          363      76.2068
          364      76.1945
          365      76.3169
          366      76.3449
          367       76.302
          368      76.1638
          369      76.1434
          370      76.1234
          371      76.1079
          372      76.0951
          373      76.0908
          374      76.0918
          375      76.0979
          376      76.1188
          377      76.1486
          378      76.1635
          379      76.1496
          380      76.0968
          381      76.0133
          382      75.8603
          383       75.693
          384      75.5509
          385      75.4393
          386      75.4176
          387      75.4107
          388      75.3975
          389      75.3451
          390      75.2804
          391      75.2188
          392      75.1846
          393      75.1568
          394      75.1568
          395      75.1568
          396      75.1568
          397      75.1568
          398      75.1568
          399      75.1568
          400      75.1568
          401      75.1568
          402      75.1561
          403      75.1493
          404      75.1073
          405      75.0348
          406      74.9437
          407      74.8053
          408       74.634
          409      74.4901
          410      74.3991
          411      74.3537
          412      74.3381
          413      74.4941
          414      74.6533
          415      74.8366
          416      74.3839
          417       74.101
          418      73.8995
          419      73.7573
          420      73.7573
          421      73.7573
          422      73.7573
          423      73.7573
          424      73.7573
          425      73.7573
          426      73.7573
          427      73.7573
          428      73.7564
          429      73.7355
          430      73.6491
          431      73.5089
          432      73.4069
          433      73.3352
          434      73.3026
          435      73.2994
          436      73.2903
          437       73.299
          438      73.8884
          439      74.0527
          440      74.1726
          441      74.6783
          442      74.3543
          443      73.5968
          444      73.1322
          445      72.9832
          446      72.7936
          447      72.7015
          448      72.6774
          449      72.6774
          450      72.6774
          451      72.6774
          452      72.6774
          453      72.6775
          454      72.6791
          455      72.6863
          456      72.7039
          457      72.7302
          458      72.7457
          459      72.7057
          460      72.6512
          461      72.6323
          462      72.5258
          463      72.4781
          464      72.4875
          465      72.4875
          466      72.4875
          467      72.4875
          468      72.4875
          469      72.4875
          470      72.4875
          471      72.4871
          472      72.4831
          473      72.4642
          474      72.4221
          475      72.4474
          476      72.4903
          477      72.4313
          478      72.3075
          479       72.264
          480      72.3127
          481      72.3591
          482      72.1315
          483      72.0214
          484      71.9889
          485      71.9889
          486      71.9889
          487      71.9889
          488      71.9889
          489      71.9889
          490      71.9889
          491      71.9889
          492      71.9889
          493      71.9889
          494      71.9889
          495      71.9889
          496      71.9889
          497      71.9889
          498      71.9889
          499      71.9889
          500      71.9889
          501      71.9889
          502      71.9889
          503      71.9889
          504      71.9889
          505      71.9889
          506      71.9889
          507      71.9889
          508      71.9889
          509      71.9889
          510      71.9889
          511      71.9889
          512      71.9889
          513      71.9889
          514      71.9889
          515      71.9889
          516      71.9889
          517      71.9889
          518      71.9889
          519      71.9886
          520      71.9859
          521      71.9746
          522      71.9447
          523      71.9439
          524      71.9038
          525      71.8318
          526      71.6951
          527      71.6486
          528      71.6486
          529      71.6486
          530      71.6486
          531      71.6486
          532      71.6486
          533      71.6486
          534      71.6486
          535      71.6486
          536      71.6486
          537      71.6486
          538      71.6486
          539      71.6486
          540      71.6486
          541      71.6486
          542      71.6486
          543      71.6486
          544      71.6486
          545      71.6486
          546      71.6486
          547      71.6484
          548      71.6456
          549       71.636
          550      71.6181
          551      71.7427
          552      71.6459
          553      71.5706
          554       71.565
          555       71.565
          556       71.565
          557       71.565
          558       71.565
          559       71.565
          560       71.565
          561       71.565
          562       71.565
          563      71.5645
          564      71.5617
          565      71.5445
          566      71.5704
          567      71.8249
          568      72.1377
          569        72.06
          570      72.0595
          571      71.6644
          572      71.4101
          573      71.3265
          574      71.3265
          575      71.3265
          576      71.3265
          577      71.3265
          578      71.3265
          579      71.3265
          580      71.3265
          581      71.3265
          582      71.3254
          583      71.3103
          584      71.2358
          585      71.1073
          586      70.9594
          587      70.8348
          588      70.7869
          589      70.7876
          590      70.7891
          591      70.7904
          592      70.8462
          593      70.7931
          594       70.793
          595       70.793
          596       70.793
          597       70.793
          598       70.793
          599       70.793
          600       70.793
          601       70.793
          602       70.793
          603       70.793
          604      70.7929
          605      70.7903
          606      70.7827
          607      70.7701
          608      70.7551
          609      70.7496
          610      70.8548
          611      70.9205
          612      71.0036
          613      70.7698
          614      70.6822
          615      70.6545
          616      70.6545
          617      70.6545
          618      70.6545
          619      70.6545
          620      70.6545
          621      70.6545
          622      70.6545
          623      70.6545
          624      70.6545
          625      70.6545
          626      70.6545
          627      70.6545
          628      70.6545
          629      70.6545
          630      70.6545
          631      70.6545
          632      70.6545
          633      70.6545
          634      70.6545
          635      70.6545
          636      70.6545
          637      70.6545
          638      70.6545
          639      70.6545
          640      70.6545
          641      70.6545
          642      70.6545
          643      70.6545
          644      70.6545
          645      70.6545
          646      70.6545
          647      70.6545
          648      70.6545
          649      70.6545
          650      70.6545
          651      70.6545
          652      70.6545
          653      70.6545
          654      70.6545
          655      70.6545
          656      70.6545
          657      70.6545
          658      70.6545
          659      70.6545
          660      70.6545
          661      70.6545
          662      70.6545
          663      70.6545
          664      70.6545
          665      70.6545
          666      70.6545
          667      70.6545
          668      70.6545
          669      70.6545
          670      70.6545
          671      70.6545
          672      70.6545
          673      70.6545
          674      70.6545
          675      70.6545
          676      70.6545
          677      70.6545
          678      70.6545
          679      70.6545
          680      70.6545
          681      70.6545
          682      70.6545
          683      70.6545
          684      70.6541
          685      70.6477
          686      70.6273
          687      70.5778
          688      70.5295
          689       70.553
          690      70.4654
          691      70.4436
          692      70.4411
          693      70.4411
          694      70.4411
          695      70.4411
          696      70.4411
          697      70.4405
          698      70.4265
          699       70.369
          700      70.2825
          701      70.2168
          702      70.1657
          703      70.1506
          704      70.1506
          705      70.1506
          706      70.1506
          707      70.1506
          708      70.1506
          709      70.1506
          710      70.1506
          711      70.1506
          712      70.1506
          713      70.1506
          714      70.1506
          715      70.1506
          716      70.1506
          717      70.1506
          718      70.1506
          719      70.1506
          720      70.1506
          721      70.1506
          722      70.1506
          723      70.1506
          724      70.1506
          725      70.1506
          726      70.1503
          727      70.1454
          728      70.1291
          729      70.1152
          730      70.2581
          731      70.1672
          732      70.0522
          733      70.0339
          734      70.0339
          735      70.0339
          736      70.0339
          737      70.0339
          738      70.0339
          739      70.0339
          740      70.0339
          741      70.0339
          742      70.0339
          743      70.0339
          744      70.0339
          745      70.0339
          746      70.0339
          747      70.0339
          748      70.0339
          749      70.0339
          750      70.0339
          751      70.0339
          752      70.0339
          753      70.0339
          754      70.0339
          755      70.0339
          756      70.0339
          757      70.0339
          758      70.0336
          759      70.0244
          760      69.9948
          761      69.9518
          762      69.9037
          763      69.8813
          764      69.8807
          765      69.8643
          766      69.8112
          767      69.7232
          768      69.6453
          769      69.5788
          770      69.5659
          771      69.5659
          772      69.5659
          773      69.5658
          774      69.5638
          775      69.5524
          776      69.5369
          777      69.5218
          778      69.5103
          779      69.5087
          780      69.5087
          781      69.5087
          782      69.5087
          783      69.5087
          784      69.5087
          785       69.507
          786      69.5011
          787      69.4926
          788      69.4825
          789      69.4752
          790      69.4702
          791      69.4702
          792      69.4702
          793      69.4702
          794      69.4702
          795      69.4702
          796      69.4702
          797      69.4702
          798      69.4702
          799      69.4702
          800      69.4702
          801      69.4702
          802      69.4702
          803      69.4702
          804      69.4702
          805      69.4702
          806      69.4702
          807      69.4702
          808      69.4702
          809      69.4702
          810      69.4702
          811      69.4702
          812      69.4702
          813      69.4702
          814      69.4702
          815      69.4702
          816      69.4702
          817      69.4702
          818      69.4702
          819      69.4702
          820      69.4702
          821      69.4702
          822      69.4702
          823      69.4702
          824      69.4702
          825      69.4701
          826      69.4669
          827      69.4528
          828      69.4285
          829      69.4068
          830       69.385
          831      69.3829
          832      69.3829
          833      69.3829
          834      69.3829
          835      69.3829
          836      69.3829
          837      69.3829
          838      69.3829
          839      69.3829
          840      69.3829
          841      69.3829
          842      69.3829
          843      69.3829
          844      69.3829
          845      69.3829
          846      69.3829
          847      69.3829
          848      69.3829
          849      69.3829
          850      69.3829
          851      69.3829
          852      69.3829
          853      69.3829
          854      69.3829
          855      69.3829
          856      69.3829
          857      69.3829
          858      69.3829
          859      69.3829
          860      69.3829
          861      69.3829
          862      69.3829
          863      69.3829
          864      69.3829
          865      69.3829
          866      69.3829
          867      69.3829
          868      69.3829
          869      69.3829
          870      69.3829
          871      69.3829
          872      69.3829
          873      69.3829
          874      69.3829
          875      69.3829
          876      69.3829
          877      69.3829
          878      69.3829
          879      69.3829
          880      69.3829
          881      69.3827
          882      69.3785
          883      69.3624
          884       69.336
          885      69.3124
          886      69.2808
          887      69.2383
          888      69.1895
          889      69.1525
          890      69.1219
          891      69.1217
          892      69.1185
          893      69.1055
          894      69.0764
          895      69.0255
          896      68.9775
          897      68.9132
          898      68.7327
          899       68.495
          900      68.4278
          901      68.3198
          902      68.3196
          903      68.3196
          904      68.3196
          905      68.3196
          906      68.3196
          907      68.3196
          908      68.3196
          909      68.3196
          910      68.3196
          911      68.3196
          912      68.3196
          913      68.3196
          914      68.3196
          915      68.3196
          916      68.3196
          917      68.3196
          918      68.3196
          919      68.3196
          920      68.3196
          921      68.3196
          922      68.3196
          923      68.3196
          924      68.3196
          925      68.3196
          926      68.3196
          927      68.3196
          928      68.3196
          929      68.3196
          930      68.3196
          931      68.3196
          932      68.3196
          933      68.3196
          934      68.3196
          935      68.3196
          936      68.3196
          937      68.3196
          938      68.3196
          939      68.3196
          940      68.3196
          941      68.3196
          942      68.3196
          943      68.3188
          944      68.3083
          945      68.2888
          946      68.6476
          947      68.7645
          948      68.7746
          949      68.6833
          950      68.1913
          951      68.0148
          952      67.9542
          953      67.9542
          954      67.9542
          955      67.9542
          956      67.9542
          957      67.9542
          958      67.9542
          959      67.9542
          960      67.9542
          961      67.9542
          962      67.9542
          963      67.9542
          964      67.9542
          965      67.9542
          966      67.9542
          967      67.9542
          968      67.9542
          969      67.9542
          970      67.9542
          971      67.9542
          972      67.9542
          973      67.9542
          974      67.9542
          975      67.9542
          976      67.9542
          977      67.9542
          978      67.9542
          979      67.9542
          980      67.9536
          981      67.9389
          982      67.8693
          983      67.7711
          984      67.7041
          985      67.6403
          986       67.635
          987       67.635
          988       67.635
          989       67.635
          990       67.635
          991       67.635
          992       67.635
          993       67.635
          994       67.635
          995       67.635
          996       67.635
          997       67.635
          998       67.635
          999       67.635
         1000       67.635
         1001       67.635
         1002      67.6341
         1003      67.6168
         1004       67.535
         1005      67.3992
         1006       67.289
         1007      67.1869
         1008      67.1556
         1009      67.1556
         1010      67.1556
         1011      67.1556
         1012      67.1556
         1013      67.1556
         1014      67.1556
         1015      67.1556
         1016      67.1556
         1017      67.1556
         1018      67.1556
         1019      67.1556
         1020      67.1556
         1021      67.1556
         1022      67.1556
         1023      67.1556
         1024      67.1556
         1025      67.1556
         1026      67.1556
         1027      67.1556
         1028      67.1555
         1029      67.1538
         1030       67.146
         1031        67.13
         1032      67.1157
         1033      67.1028
         1034      67.1017
         1035      67.1017
         1036      67.1017
         1037      67.1017
         1038      67.1017
         1039      67.1017
         1040      67.1017
         1041      67.1017
         1042      67.1017
         1043      67.1017
         1044      67.1017
         1045      67.1017
         1046      67.1017
         1047      67.1017
         1048      67.1017
         1049      67.1017
         1050      67.1017
         1051      67.1017
         1052      67.1017
         1053      67.1017
         1054      67.1017
         1055      67.1017
         1056      67.1017
         1057      67.1017
         1058      67.1017
         1059      67.1017
         1060      67.1017
         1061      67.1017
         1062      67.1017
         1063      67.1017
         1064      67.1017
         1065      67.1017
         1066      67.1017
         1067      67.1017
         1068      67.1017
         1069      67.1017
         1070      67.1017
         1071      67.1017
         1072      67.1017
         1073      67.1017
         1074      67.1017
         1075      67.1017
         1076      67.1017
         1077      67.1017
         1078      67.1017
         1079      67.1017
         1080      67.1017
         1081      67.1017
         1082      67.1017
         1083      67.1017
         1084      67.1017
         1085      67.1017
         1086      67.1017
         1087      67.1017
         1088      67.1017
         1089      67.1017
         1090      67.1017
         1091      67.1017
         1092      67.1017
         1093      67.1017
         1094      67.1017
         1095      67.1017
         1096      67.1017
         1097      67.1017
         1098      67.1017
         1099      67.1017
         1100      67.1017
         1101      67.1017
         1102      67.1017
         1103      67.1017
         1104      67.1017
         1105      67.1017
         1106      67.1017
         1107      67.1017
         1108      67.1017
         1109      67.1017
         1110      67.1017
         1111      67.1017
         1112      67.1017
         1113      67.1017
         1114      67.1017
         1115      67.1017
         1116      67.1017
         1117      67.1017
         1118      67.1017
         1119      67.1017
         1120      67.1017
         1121      67.1017
         1122      67.1017
         1123      67.1017
         1124      67.1017
         1125      67.1017
         1126      67.1017
         1127      67.1017
         1128      67.1017
         1129      67.1017
         1130      67.1017
         1131      67.1017
         1132      67.1017
         1133      67.1017
         1134      67.1017
         1135      67.1017
         1136      67.1017
         1137      67.1017
         1138      67.1017
         1139      67.1017
         1140      67.1017
         1141      67.1017
         1142      67.1017
         1143      67.1017
         1144      67.1017
         1145      67.1017
         1146      67.1017
         1147      67.1017
         1148      67.1017
         1149      67.1017
         1150      67.1017
         1151      67.1017
         1152      67.1017
         1153      67.1017
         1154      67.1017
         1155      67.1017
         1156      67.1017
         1157      67.1017
         1158      67.1017
         1159      67.1017
         1160      67.1017
         1161      67.1017
         1162      67.1017
         1163      67.1017
         1164      67.1017
         1165      67.1017
         1166      67.1017
         1167      67.1017
         1168      67.1017
         1169      67.2694
         1170        67.85
         1171      68.6344
         1172      69.0376
         1173        69.34
         1174      68.4511
         1175      68.1222
         1176      67.4408
         1177      67.2667
         1178      67.1283
         1179      67.1017
         1180      67.1017
         1181      67.1017
         1182      67.1017
         1183      67.1017
         1184      67.1017
         1185      67.1017
         1186      67.1017
         1187      67.1017
         1188      67.1017
         1189      67.1017
         1190      67.1017
         1191      67.1017
         1192      67.1017
         1193      67.1017
         1194      67.1017
         1195      67.1017
         1196      67.1017
         1197      67.1017
         1198      67.1017
         1199      67.1017
         1200      67.1017
         1201      67.1017
         1202      67.1017
         1203      67.1017
         1204      67.1017
         1205      67.1017
         1206      67.1017
         1207      67.1017
         1208      67.1017
         1209      67.1017
         1210      67.1017
         1211      67.1017
         1212      67.1017
         1213      67.1017
         1214      67.1017
         1215      67.1017
         1216      67.1017
         1217      67.1017
         1218      67.1017
         1219      67.1017
         1220      67.1017
         1221      67.1017
         1222      67.1017
         1223      67.1017
         1224      67.1017
         1225      67.1017
         1226      67.1017
         1227      67.1017
         1228      67.1017
         1229      67.1017
         1230      67.1017
         1231      67.1017
         1232      67.1017
         1233      67.1017
         1234      67.1017
         1235      67.1017
         1236      67.1017
         1237      67.1017
         1238      67.1017
         1239      67.1017
         1240      67.1017
         1241      67.1017
         1242      67.1017
         1243      67.1017
         1244      67.1017
         1245      67.1017
         1246      67.1017
         1247      67.1017
         1248      67.1017
         1249      67.1017
         1250      67.1017
         1251      67.1017
         1252      67.1017
         1253      67.1017
         1254      67.1017
         1255      67.1017
         1256      67.1017
         1257      67.1017
         1258      67.1017
         1259      67.1017
         1260      67.1017
         1261      67.1017
         1262      67.1017
         1263      67.1017
         1264      67.1017
         1265      67.1017
         1266      67.1017
         1267      67.1017
         1268      67.1017
         1269      67.1017
         1270      67.1017
         1271      67.1017
         1272      67.1017
         1273      67.1017
         1274      67.1017
         1275      67.1017
         1276      67.1017
         1277      67.1017
         1278      67.1017
         1279      67.1017
         1280      67.1017
         1281      67.1017
         1282      67.1017
         1283      67.1017
         1284      67.1017
         1285      67.1017
         1286      67.1017
         1287      67.1017
         1288      67.1017
         1289      67.1017
         1290      67.1017
         1291      67.1017
         1292      67.1017
         1293      67.1017
         1294      67.1017
         1295      67.1017
         1296      67.1017
         1297      67.1017
         1298      67.1017
         1299      67.1017
         1300      67.1017
         1301      67.1017
         1302      67.1017
         1303      67.1017
         1304      67.1017
         1305      67.1017
         1306      67.1017
         1307      67.1017
         1308      67.1017
         1309      67.1017
         1310      67.1017
         1311      67.1017
         1312      67.1017
         1313      67.1017
         1314      67.1017
         1315      67.1017
         1316      67.1017
         1317      67.1017
         1318      67.1017
         1319      67.1017
         1320      67.1017
         1321      67.1017
         1322      67.1017
         1323      67.1017
         1324      67.1017
         1325      67.1017
         1326      67.1017
         1327      67.1017
         1328      67.1017
         1329      67.1017
         1330      67.1017
         1331      67.1017
         1332      67.1017
         1333      67.1017
         1334      67.1017
         1335      67.1017
         1336      67.1017
         1337      67.1017
         1338      67.1017
         1339      67.1017
         1340      67.1017
         1341      67.1017
         1342      67.1017
         1343      67.1017
         1344      67.1017
         1345      67.1017
         1346      67.1017
         1347      67.1017
         1348      67.1017
         1349      67.1017
         1350      67.1017
         1351      67.1017
         1352      67.1017
         1353      67.1017
         1354      67.1017
         1355      67.1017
         1356      67.1017
         1357      67.1017
         1358      67.1017
         1359      67.1017
         1360      67.1017
         1361      67.1017
         1362      67.1017
         1363      67.1017
         1364      67.1017
         1365      67.1017
         1366      67.1017
         1367      67.1017
         1368      67.1017
         1369      67.1017
         1370      67.1017
         1371      67.1017
         1372      67.1017
         1373      67.1017
         1374      67.1017
         1375      67.1017
         1376      67.1017
         1377      67.1017
         1378      67.1017
         1379      67.1017
         1380      67.1017
         1381      67.1017
         1382      67.1017
         1383      67.1017
         1384      67.1017
         1385      67.1017
         1386      67.1017
         1387      67.1017
         1388      67.1017
         1389      67.1017
         1390      67.1017
         1391      67.1017
         1392      67.1017
         1393      67.1017
         1394      67.1017
         1395      67.1017
         1396      67.1017
         1397      67.1017
         1398      67.1017
         1399      67.1017
         1400      67.1017
         1401      67.1017
         1402      67.1017
         1403      67.1017
         1404      67.1017
         1405      67.1017
         1406      67.1017
         1407      67.1017
         1408      67.1017
         1409      67.1017
         1410      67.1017
         1411      67.1017
         1412      67.1017
         1413      67.1017
         1414      67.1017
         1415      67.1017
         1416      67.1017
         1417      67.1017
         1418      67.1017
         1419      67.1017
         1420      67.1017
         1421      67.1017
         1422      67.1017
         1423      67.1017
         1424      67.1017
         1425      67.1017
         1426      67.1017
         1427      67.1017
         1428      67.1017
         1429      67.1017
         1430      67.1017
         1431      67.1017
         1432      67.1017
         1433      67.1017
         1434      67.1017
         1435      67.1017
         1436      67.1017
         1437      67.1017
         1438      67.1017
         1439      67.1017
         1440      67.1017
         1441      67.1017
         1442      67.1017
         1443      67.1017
         1444      67.1017
         1445      67.1017
         1446      67.1017
         1447      67.1017
         1448      67.1017
         1449      67.1017
         1450      67.1017
         1451      67.1017
         1452      67.1017
         1453      67.1017
         1454      67.1017
         1455      67.1017
         1456      67.1017
         1457      67.1017
         1458      67.1017
         1459      67.1017
         1460      67.1017
         1461      67.1017
         1462      67.1017
         1463      67.1017
         1464      67.1017
         1465      67.1017
         1466      67.1017
         1467      67.1017
         1468      67.1017
         1469      67.1017
         1470      67.1017
         1471      67.1017
         1472      67.1017
         1473      67.1017
         1474      67.1017
         1475      67.1017
         1476      67.1017
         1477      67.1017
         1478      67.1017
         1479      67.1017
         1480      67.1017
         1481      67.1017
         1482      67.1017
         1483      67.1017
         1484      67.1017
         1485      67.1017
         1486      67.1017
         1487      67.1017
         1488      67.1017
         1489      67.1017
         1490      67.1017
         1491      67.1017
         1492      67.1017
         1493      67.1017
         1494      67.1017
         1495      67.1017
         1496      67.1017
         1497      67.1017
         1498      67.1017
         1499      67.1017
         1500      67.1017
         1501      67.1017
         1502      67.1017
         1503      67.1017
         1504      67.1017
         1505      67.1017
         1506      67.1017
         1507      67.1017
         1508      67.1017
         1509      67.1017
         1510      67.1017
         1511      67.1017
         1512      67.1017
         1513      67.1017
         1514      67.1017
         1515      67.1017
         1516      67.1017
         1517      67.1017
         1518      67.1017
         1519      67.1017
         1520      67.1017
         1521      67.1017
         1522      67.1017
         1523      67.1017
         1524      67.1017
         1525      67.1017
         1526      67.1017
         1527      67.1017
         1528      67.1017
         1529      67.1017
         1530      67.1017
         1531      67.1017
         1532      67.1017
         1533      67.1017
         1534      67.1017
         1535      67.1017
         1536      67.1017
         1537      67.1017
         1538      67.1017
         1539      67.1017
         1540      67.1017
         1541      67.1017
         1542      67.1017
         1543      67.1017
         1544      67.1017
         1545      67.1017
         1546      67.1017
         1547      67.1017
         1548      67.1017
         1549      67.1017
         1550      67.1017
         1551      67.1017
         1552      67.1017
         1553      67.1017
         1554      67.1017
         1555      67.1017
         1556      67.1017
         1557      67.1017
         1558      67.1017
         1559      67.1017
         1560      67.1017
         1561      67.1017
         1562      67.1017
         1563      67.1017
         1564      67.1017
         1565      67.1017
         1566      67.1017
         1567      67.1017
         1568      67.1017
         1569      67.1017
         1570      67.1017
         1571      67.1017
         1572      67.1017
         1573      67.1017
         1574      67.1017
         1575      67.1017
         1576      67.1017
         1577      67.1017
         1578      67.1017
         1579      67.1017
         1580      67.1017
         1581      67.1017
         1582      67.1017
         1583      67.1017
         1584      67.1017
         1585      67.1017
         1586      67.1017
         1587      67.1017
         1588      67.1017
         1589      67.1017
         1590      67.1017
         1591      67.1017
         1592      67.1017
         1593      67.1017
         1594      67.1017
         1595      67.1017
         1596      67.1017
         1597      67.1017
         1598      67.1017
         1599      67.1017
         1600      67.1017
         1601      67.1017
         1602      67.1017
         1603      67.1017
         1604      67.1017
         1605      67.1017
         1606      67.1017
         1607      67.1017
         1608      67.1017
         1609      67.1017
         1610      67.1017
         1611      67.1017
         1612      67.1017
         1613      67.1017
         1614      67.1017
         1615      67.1017
         1616      67.1017
         1617      67.1017
         1618      67.1017
         1619      67.1017
         1620      67.1017
         1621      67.1017
         1622      67.1017
         1623      67.1017
         1624      67.1017
         1625      67.1017
         1626      67.1017
         1627      67.1017
         1628      67.1017
         1629      67.1017
         1630      67.1017
         1631      67.1017
         1632      67.1017
         1633      67.1017
         1634      67.1017
         1635      67.1017
         1636      67.1017
         1637      67.1017
         1638      67.1017
         1639      67.1017
         1640      67.1017
         1641      67.1017
         1642      67.1017
         1643      67.1017
         1644      67.1017
         1645      67.1017
         1646      67.1017
         1647      67.1017
         1648      67.1017
         1649      67.1017
         1650      67.1017
         1651      67.1017
         1652      67.1017
         1653      67.1017
         1654      67.1017
         1655      67.1017
         1656      67.1017
         1657      67.1017
         1658      67.1017
         1659      67.1017
         1660      67.1017
         1661      67.1017
         1662      67.1017
         1663      67.1017
         1664      67.1017
         1665      67.1017
         1666      67.1017
         1667      67.1017
         1668      67.1017
         1669      67.1017
         1670      67.1017
         1671      67.1017
         1672      67.1017
         1673      67.1017
         1674      67.1017
         1675      67.1017
         1676      67.1017
         1677      67.1017
         1678      67.1017
         1679      67.1017
         1680      67.1017
         1681      67.1017
         1682      67.1017
         1683      67.1017
         1684      67.1017
         1685      67.1017
         1686      67.1017
         1687      67.1017
         1688      67.1017
         1689      67.1017
         1690      67.1017
         1691      67.1017
         1692      67.1017
         1693      67.1017
         1694      67.1017
         1695      67.1017
         1696      67.1017
         1697      67.1017
         1698      67.1017
         1699      67.1017
         1700      67.1017
         1701      67.1017
         1702      67.1017
         1703      67.1017
         1704      67.1017
         1705      67.1017
         1706      67.1017
         1707      67.1017
         1708      67.1017
         1709      67.1017
         1710      67.1017
         1711      67.1017
         1712      67.1017
         1713      67.1017
         1714      67.1017
         1715      67.1017
         1716      67.1017
         1717      67.1017
         1718      67.1017
         1719      67.1017
         1720      67.1017
         1721      67.1017
         1722      67.1017
         1723      67.1017
         1724      67.1017
         1725      67.1017
         1726      67.1017
         1727      67.1017
         1728      67.1017
         1729      67.1017
         1730      67.1017
         1731      67.1017
         1732      67.1017
         1733      67.1017
         1734      67.1017
         1735      67.1017
         1736      67.1017
         1737      67.1017
         1738      67.1017
         1739      67.1017
         1740      67.1017
         1741      67.1017
         1742      67.1017
         1743      67.1017
         1744      67.1017
         1745      67.1017
         1746      67.1017
         1747      67.1017
         1748      67.1017
         1749      67.1017
         1750      67.1017
         1751      67.1017
         1752      67.1017
         1753      67.1017
         1754      67.1017
         1755      67.1017
         1756      67.1017
         1757      67.1017
         1758      67.1017
         1759      67.1017
         1760      67.1017
         1761      67.1017
         1762      67.1017
         1763      67.1017
         1764      67.1017
         1765      67.1017
         1766      67.1017
         1767      67.1017
         1768      67.1017
         1769      67.1017
         1770      67.1017
         1771      67.1017
         1772      67.1017
         1773      67.1017
         1774      67.1017
         1775      67.1017
         1776      67.1017
         1777      67.1014
         1778       67.097
         1779      67.0717
         1780      66.9876
         1781      66.8307
         1782      66.6385
         1783      66.4598
         1784       66.388
         1785       66.388
         1786       66.388
         1787       66.388
         1788       66.388
         1789       66.388
         1790       66.388
         1791       66.388
         1792       66.388
         1793       66.388
         1794       66.388
         1795       66.388
         1796       66.388
         1797       66.388
         1798       66.388
         1799       66.388
         1800       66.388
         1801       66.388
         1802       66.388
         1803       66.388
         1804       66.388
         1805       66.388
         1806       66.388
         1807       66.388
         1808       66.388
         1809       66.388
         1810       66.388
         1811       66.388
         1812       66.388
         1813       66.388
         1814       66.388
         1815       66.388
         1816       66.388
         1817       66.388
         1818       66.388
         1819       66.388
         1820       66.388
         1821       66.388
         1822       66.388
         1823       66.388
         1824       66.388
         1825       66.388
         1826       66.388
         1827       66.388
         1828       66.388
         1829       66.388
         1830       66.388
         1831       66.388
         1832       66.388
         1833       66.388
         1834       66.388
         1835       66.388
         1836       66.388
         1837       66.388
         1838       66.388
         1839       66.388
         1840       66.388
         1841       66.388
         1842       66.388
         1843       66.388
         1844       66.388
         1845       66.388
         1846       66.388
         1847       66.388
         1848       66.388
         1849       66.388
         1850       66.388
         1851       66.388
         1852       66.388
         1853       66.388
         1854       66.388
         1855       66.388
         1856       66.388
         1857       66.388
         1858       66.388
         1859       66.388
         1860       66.388
         1861       66.388
         1862       66.388
         1863       66.388
         1864       66.388
         1865       66.388
         1866       66.388
         1867       66.388
         1868       66.388
         1869       66.388
         1870       66.388
         1871       66.388
         1872       66.388
         1873       66.388
         1874       66.388
         1875       66.388
         1876       66.388
         1877       66.388
         1878       66.388
         1879       66.388
         1880       66.388
         1881       66.388
         1882       66.388
         1883       66.388
         1884       66.388
         1885       66.388
         1886       66.388
         1887       66.388
         1888       66.388
         1889       66.388
         1890       66.388
         1891       66.388
         1892       66.388
         1893       66.388
         1894       66.388
         1895       66.388
         1896       66.388
         1897       66.388
         1898       66.388
         1899       66.388
         1900       66.388
         1901       66.388
         1902       66.388
         1903       66.388
         1904       66.388
         1905       66.388
         1906       66.388
         1907       66.388
         1908       66.388
         1909       66.388
         1910       66.388
         1911       66.388
         1912       66.388
         1913       66.388
         1914       66.388
         1915       66.388
         1916       66.388
         1917       66.388
         1918       66.388
         1919       66.388
         1920       66.388
         1921       66.388
         1922       66.388
         1923       66.388
         1924       66.388
         1925       66.388
         1926       66.388
         1927       66.388
         1928       66.388
         1929       66.388
         1930       66.388
         1931       66.388
         1932       66.388
         1933       66.388
         1934       66.388
         1935       66.388
         1936       66.388
         1937       66.388
         1938       66.388
         1939       66.388
         1940       66.388
         1941       66.388
         1942       66.388
         1943       66.388
         1944       66.388
         1945       66.388
         1946       66.388
         1947       66.388
         1948       66.388
         1949       66.388
         1950       66.388
         1951       66.388
         1952       66.388
         1953       66.388
         1954       66.388
         1955       66.388
         1956       66.388
         1957       66.388
         1958       66.388
         1959       66.388
         1960       66.388
         1961       66.388
         1962       66.388
         1963       66.388
         1964       66.388
         1965       66.388
         1966       66.388
         1967       66.388
         1968       66.388
         1969       66.388
         1970       66.388
         1971       66.388
         1972       66.388
         1973       66.388
         1974       66.388
         1975       66.388
         1976       66.388
         1977       66.388
         1978       66.388
         1979       66.388
         1980       66.388
         1981       66.388
         1982       66.388
         1983       66.388
         1984       66.388
         1985       66.388
         1986       66.388
         1987       66.388
         1988       66.388
         1989       66.388
         1990       66.388
         1991       66.388
         1992       66.388
         1993       66.388
         1994       66.388
         1995       66.388
         1996       66.388
         1997       66.388
         1998       66.388
         1999       66.388
         2000       66.388
