#      	 GEN:      LENGTH:
            1      414.735
            2      410.557
            3      404.781
            4      390.648
            5      391.805
            6       388.08
            7      372.339
            8      369.107
            9      361.948
           10      354.114
           11      351.655
           12      339.607
           13       338.87
           14      331.773
           15      328.976
           16      322.589
           17       320.81
           18      317.232
           19      315.746
           20      312.815
           21      300.419
           22      299.153
           23      295.354
           24      286.647
           25      284.033
           26      276.789
           27      275.544
           28      270.688
           29      262.971
           30      261.137
           31      255.736
           32       257.61
           33        254.8
           34        244.7
           35       250.99
           36      242.471
           37      238.975
           38      238.039
           39      231.811
           40        230.1
           41        230.1
           42      229.373
           43      227.182
           44      225.253
           45      223.766
           46      224.956
           47      218.168
           48      216.452
           49      211.465
           50      210.419
           51      212.894
           52      205.488
           53      204.116
           54      204.116
           55      199.803
           56      199.803
           57       198.01
           58      196.918
           59       193.57
           60      192.101
           61      191.243
           62      186.477
           63      184.507
           64      184.507
           65      184.111
           66      182.077
           67      181.681
           68      181.681
           69      182.106
           70      180.329
           71      177.538
           72      176.917
           73      176.618
           74       175.93
           75      174.312
           76      172.654
           77      171.613
           78      171.051
           79      170.935
           80      167.316
           81      167.138
           82      164.415
           83      163.146
           84      161.423
           85       159.97
           86      159.357
           87      158.207
           88       157.06
           89       157.06
           90      156.112
           91      154.831
           92      154.143
           93       153.37
           94      152.279
           95      153.278
           96      151.239
           97       148.39
           98       148.26
           99      147.285
          100       146.57
          101      145.859
          102      144.742
          103      142.182
          104      141.109
          105      139.613
          106      139.613
          107      137.955
          108      137.238
          109      137.849
          110      136.401
          111      135.671
          112      135.021
          113      135.297
          114        133.2
          115      132.287
          116      131.786
          117      130.873
          118       129.33
          119      129.196
          120      130.016
          121      128.144
          122      126.781
          123      127.467
          124      126.232
          125      126.232
          126      125.281
          127      124.805
          128      124.805
          129      124.656
          130      123.229
          131      123.061
          132      123.061
          133      122.381
          134       122.08
          135      121.996
          136      121.446
          137      120.069
          138      120.251
          139      118.492
          140      118.492
          141      118.492
          142      118.815
          143       117.66
          144      117.788
          145      116.956
          146      117.911
          147      117.078
          148      114.684
          149       114.39
          150      114.054
          151      113.647
          152      112.677
          153       112.25
          154       112.25
          155      111.488
          156      111.488
          157      111.488
          158      111.109
          159      110.108
          160      110.108
          161      109.469
          162      109.469
          163      109.469
          164      108.938
          165      108.881
          166      108.584
          167      108.351
          168      108.161
          169      108.161
          170      108.267
          171      108.267
          172      107.996
          173      107.542
          174      107.328
          175       106.32
          176       106.32
          177      106.329
          178      106.329
          179      106.295
          180      105.399
          181      105.399
          182      104.749
          183      104.749
          184      104.332
          185      104.171
          186      103.131
          187      103.131
          188      103.019
          189      103.019
          190      102.799
          191      102.799
          192      102.832
          193       102.18
          194       102.18
          195      102.733
          196        101.7
          197      101.504
          198      101.504
          199      101.294
          200      101.294
          201      100.888
          202      99.7362
          203      99.5395
          204      99.3693
          205      99.1595
          206      99.0609
          207      98.7255
          208      98.7255
          209      98.7255
          210      98.7181
          211      98.5076
          212      98.0595
          213      98.0595
          214      98.0595
          215      98.0595
          216      98.3546
          217      98.3546
          218      98.0784
          219      98.0784
          220      97.3353
          221      97.3353
          222      97.2554
          223      97.3542
          224      96.5628
          225      96.5312
          226      96.0676
          227      95.7375
          228      95.7375
          229      95.1794
          230      92.3719
          231      92.3719
          232      92.1402
          233      92.1402
          234      91.8798
          235      91.0938
          236      91.0938
          237      90.9882
          238      90.7583
          239      90.7583
          240      90.5203
          241      90.5203
          242      90.5203
          243      90.5203
          244      89.9135
          245      89.9135
          246      89.9135
          247      89.2924
          248      89.2378
          249      89.2378
          250      88.0099
          251      88.0099
          252      87.8305
          253      87.8305
          254      87.8305
          255      87.8562
          256      87.8562
          257      87.7031
          258      87.7288
          259       87.088
          260       87.088
          261       87.088
          262       87.088
          263       87.088
          264       87.088
          265      86.8376
          266      86.8376
          267      86.8376
          268      84.7233
          269      84.4728
          270      84.4728
          271      84.4728
          272      84.3934
          273      84.2315
          274      84.2315
          275      84.2315
          276      84.2315
          277      84.1467
          278      84.1467
          279      83.2635
          280      83.1787
          281      82.9763
          282      82.9763
          283      82.9763
          284      82.5851
          285      82.5851
          286      82.5851
          287      82.5851
          288      82.5241
          289      82.5241
          290      82.5241
          291      82.5241
          292      82.5241
          293      82.5241
          294      82.5241
          295      82.5241
          296      82.5241
          297      82.5241
          298      82.5241
          299      81.1853
          300      81.1853
          301      81.1853
          302      80.9732
          303      80.8046
          304      81.0204
          305      80.4398
          306      80.4398
          307      80.2367
          308      80.2367
          309      79.6995
          310      79.5347
          311      79.3882
          312      79.2234
          313      79.0113
          314      78.8957
          315      78.7078
          316      78.4364
          317      78.3209
          318      78.6139
          319      78.1255
          320      78.1255
          321      77.5039
          322      77.7969
          323      77.7969
          324      77.8474
          325      77.8474
          326      77.4844
          327      77.4844
          328      77.4844
          329      77.4844
          330      77.4844
          331      77.4844
          332      77.4844
          333      77.4844
          334      77.3208
          335      77.3208
          336      77.3208
          337      77.3208
          338      77.3208
          339      77.3208
          340      77.4005
          341      77.1792
          342      77.2589
          343      77.2589
          344      77.1208
          345      77.1208
          346      77.1208
          347      77.1208
          348      77.1208
          349      77.1208
          350      77.1208
          351      77.1341
          352       76.996
          353       76.996
          354       76.996
          355       76.996
          356      76.3394
          357      76.2013
          358      76.2013
          359      76.2013
          360      76.2013
          361      76.2013
          362      76.1546
          363      76.1546
          364      76.1546
          365      76.1546
          366      76.1546
          367      76.0908
          368      76.0908
          369      76.0908
          370      76.0908
          371      76.0908
          372      76.0908
          373      76.0908
          374       76.191
          375       76.191
          376      76.1599
          377      76.0214
          378      76.0214
          379      75.5808
          380      75.5808
          381      75.4112
          382      75.4112
          383      75.4112
          384      75.4112
          385      75.4112
          386      75.4112
          387      75.1568
          388      75.1568
          389      75.1568
          390      75.1568
          391      75.1568
          392      75.1568
          393      75.1568
          394      75.1568
          395      75.1568
          396      75.1568
          397      75.1568
          398      75.1568
          399      75.1568
          400      75.1568
          401      75.1568
          402      74.8163
          403      74.8163
          404      74.8163
          405      74.3765
          406      74.3765
          407      74.3765
          408      74.3765
          409      74.3765
          410      73.7573
          411      73.7573
          412      73.7573
          413      73.7573
          414      73.7573
          415      73.7573
          416      73.7573
          417      73.7573
          418      73.7573
          419      73.7573
          420      73.7573
          421      73.7573
          422      73.7573
          423      73.7573
          424      73.7573
          425      73.7573
          426      73.7573
          427      73.7573
          428      73.3028
          429      73.3028
          430      73.3028
          431      73.3028
          432      73.3028
          433      73.3028
          434       73.198
          435       73.198
          436       73.198
          437       73.198
          438      72.9066
          439      72.9066
          440      72.9066
          441      72.6774
          442      72.6774
          443      72.6774
          444      72.6774
          445      72.6774
          446      72.6774
          447      72.6774
          448      72.6774
          449      72.6774
          450      72.6774
          451      72.6774
          452      72.6774
          453      72.7254
          454      72.7254
          455      72.8298
          456      72.8779
          457       72.335
          458      72.4875
          459      72.4875
          460      72.4875
          461      72.4875
          462      72.4875
          463      72.4875
          464      72.4875
          465      72.4875
          466      72.4875
          467      72.4875
          468      72.4875
          469      72.4875
          470      72.4875
          471      72.3028
          472      72.3028
          473      72.3028
          474      72.3028
          475      72.3028
          476      72.3028
          477      71.9889
          478      71.9889
          479      71.9889
          480      71.9889
          481      71.9889
          482      71.9889
          483      71.9889
          484      71.9889
          485      71.9889
          486      71.9889
          487      71.9889
          488      71.9889
          489      71.9889
          490      71.9889
          491      71.9889
          492      71.9889
          493      71.9889
          494      71.9889
          495      71.9889
          496      71.9889
          497      71.9889
          498      71.9889
          499      71.9889
          500      71.9889
          501      71.9889
          502      71.9889
          503      71.9889
          504      71.9889
          505      71.9889
          506      71.9889
          507      71.9889
          508      71.9889
          509      71.9889
          510      71.9889
          511      71.9889
          512      71.9889
          513      71.9889
          514      71.9889
          515      71.9889
          516      71.9889
          517      71.9889
          518      71.9889
          519      71.8651
          520      71.8651
          521      71.6486
          522      71.6486
          523      71.6486
          524      71.6486
          525      71.6486
          526      71.6486
          527      71.6486
          528      71.6486
          529      71.6486
          530      71.6486
          531      71.6486
          532      71.6486
          533      71.6486
          534      71.6486
          535      71.6486
          536      71.6486
          537      71.6486
          538      71.6486
          539      71.6486
          540      71.6486
          541      71.6486
          542      71.6486
          543      71.6486
          544      71.6486
          545      71.6486
          546      71.6486
          547       71.565
          548       71.565
          549       71.565
          550       71.565
          551       71.565
          552       71.565
          553       71.565
          554       71.565
          555       71.565
          556       71.565
          557       71.565
          558       71.565
          559       71.565
          560       71.565
          561       71.565
          562       71.565
          563      71.3265
          564      71.3265
          565      71.3265
          566      71.3265
          567      71.3265
          568      71.3265
          569      71.3265
          570      71.3265
          571      71.3265
          572      71.3265
          573      71.3265
          574      71.3265
          575      71.3265
          576      71.3265
          577      71.3265
          578      71.3265
          579      71.3265
          580      71.3265
          581      71.3265
          582      70.7867
          583      70.7867
          584      70.7867
          585      70.7867
          586      70.7867
          587       70.793
          588       70.793
          589       70.793
          590       70.793
          591       70.793
          592       70.793
          593       70.793
          594       70.793
          595       70.793
          596       70.793
          597       70.793
          598       70.793
          599       70.793
          600       70.793
          601       70.793
          602       70.793
          603       70.793
          604      70.7502
          605      70.7502
          606      70.7502
          607      70.6545
          608      70.6545
          609      70.6545
          610      70.6545
          611      70.6545
          612      70.6545
          613      70.6545
          614      70.6545
          615      70.6545
          616      70.6545
          617      70.6545
          618      70.6545
          619      70.6545
          620      70.6545
          621      70.6545
          622      70.6545
          623      70.6545
          624      70.6545
          625      70.6545
          626      70.6545
          627      70.6545
          628      70.6545
          629      70.6545
          630      70.6545
          631      70.6545
          632      70.6545
          633      70.6545
          634      70.6545
          635      70.6545
          636      70.6545
          637      70.6545
          638      70.6545
          639      70.6545
          640      70.6545
          641      70.6545
          642      70.6545
          643      70.6545
          644      70.6545
          645      70.6545
          646      70.6545
          647      70.6545
          648      70.6545
          649      70.6545
          650      70.6545
          651      70.6545
          652      70.6545
          653      70.6545
          654      70.6545
          655      70.6545
          656      70.6545
          657      70.6545
          658      70.6545
          659      70.6545
          660      70.6545
          661      70.6545
          662      70.6545
          663      70.6545
          664      70.6545
          665      70.6545
          666      70.6545
          667      70.6545
          668      70.6545
          669      70.6545
          670      70.6545
          671      70.6545
          672      70.6545
          673      70.6545
          674      70.6545
          675      70.6545
          676      70.6545
          677      70.6545
          678      70.6545
          679      70.6545
          680      70.6545
          681      70.6545
          682      70.6545
          683      70.6545
          684      70.4411
          685      70.4411
          686      70.4411
          687      70.4411
          688      70.4411
          689      70.4411
          690      70.4411
          691      70.4411
          692      70.4411
          693      70.4411
          694      70.4411
          695      70.4411
          696      70.4411
          697      70.1506
          698      70.1506
          699      70.1506
          700      70.1506
          701      70.1506
          702      70.1506
          703      70.1506
          704      70.1506
          705      70.1506
          706      70.1506
          707      70.1506
          708      70.1506
          709      70.1506
          710      70.1506
          711      70.1506
          712      70.1506
          713      70.1506
          714      70.1506
          715      70.1506
          716      70.1506
          717      70.1506
          718      70.1506
          719      70.1506
          720      70.1506
          721      70.1506
          722      70.1506
          723      70.1506
          724      70.1506
          725      70.1506
          726      70.0339
          727      70.0339
          728      70.0339
          729      70.0339
          730      70.0339
          731      70.0339
          732      70.0339
          733      70.0339
          734      70.0339
          735      70.0339
          736      70.0339
          737      70.0339
          738      70.0339
          739      70.0339
          740      70.0339
          741      70.0339
          742      70.0339
          743      70.0339
          744      70.0339
          745      70.0339
          746      70.0339
          747      70.0339
          748      70.0339
          749      70.0339
          750      70.0339
          751      70.0339
          752      70.0339
          753      70.0339
          754      70.0339
          755      70.0339
          756      70.0339
          757      70.0339
          758      69.8813
          759      69.8813
          760      69.8813
          761      69.8813
          762      69.8813
          763      69.8813
          764      69.5659
          765      69.5659
          766      69.5659
          767      69.5659
          768      69.5659
          769      69.5659
          770      69.5659
          771      69.5659
          772      69.5659
          773      69.5087
          774      69.5087
          775      69.5087
          776      69.5087
          777      69.5087
          778      69.5087
          779      69.5087
          780      69.5087
          781      69.5087
          782      69.5087
          783      69.5087
          784      69.4702
          785      69.4702
          786      69.4702
          787      69.4702
          788      69.4702
          789      69.4702
          790      69.4702
          791      69.4702
          792      69.4702
          793      69.4702
          794      69.4702
          795      69.4702
          796      69.4702
          797      69.4702
          798      69.4702
          799      69.4702
          800      69.4702
          801      69.4702
          802      69.4702
          803      69.4702
          804      69.4702
          805      69.4702
          806      69.4702
          807      69.4702
          808      69.4702
          809      69.4702
          810      69.4702
          811      69.4702
          812      69.4702
          813      69.4702
          814      69.4702
          815      69.4702
          816      69.4702
          817      69.4702
          818      69.4702
          819      69.4702
          820      69.4702
          821      69.4702
          822      69.4702
          823      69.4702
          824      69.4702
          825      69.3829
          826      69.3829
          827      69.3829
          828      69.3829
          829      69.3829
          830      69.3829
          831      69.3829
          832      69.3829
          833      69.3829
          834      69.3829
          835      69.3829
          836      69.3829
          837      69.3829
          838      69.3829
          839      69.3829
          840      69.3829
          841      69.3829
          842      69.3829
          843      69.3829
          844      69.3829
          845      69.3829
          846      69.3829
          847      69.3829
          848      69.3829
          849      69.3829
          850      69.3829
          851      69.3829
          852      69.3829
          853      69.3829
          854      69.3829
          855      69.3829
          856      69.3829
          857      69.3829
          858      69.3829
          859      69.3829
          860      69.3829
          861      69.3829
          862      69.3829
          863      69.3829
          864      69.3829
          865      69.3829
          866      69.3829
          867      69.3829
          868      69.3829
          869      69.3829
          870      69.3829
          871      69.3829
          872      69.3829
          873      69.3829
          874      69.3829
          875      69.3829
          876      69.3829
          877      69.3829
          878      69.3829
          879      69.3829
          880      69.3829
          881      69.2872
          882      69.2872
          883      69.2872
          884      69.2872
          885      69.1219
          886      69.1219
          887      69.1219
          888      69.1219
          889      69.1219
          890      69.1219
          891      69.0083
          892      69.0083
          893      69.0083
          894      68.3196
          895      68.3196
          896      68.3196
          897      68.3196
          898      68.3196
          899      68.3196
          900      68.3196
          901      68.3196
          902      68.3196
          903      68.3196
          904      68.3196
          905      68.3196
          906      68.3196
          907      68.3196
          908      68.3196
          909      68.3196
          910      68.3196
          911      68.3196
          912      68.3196
          913      68.3196
          914      68.3196
          915      68.3196
          916      68.3196
          917      68.3196
          918      68.3196
          919      68.3196
          920      68.3196
          921      68.3196
          922      68.3196
          923      68.3196
          924      68.3196
          925      68.3196
          926      68.3196
          927      68.3196
          928      68.3196
          929      68.3196
          930      68.3196
          931      68.3196
          932      68.3196
          933      68.3196
          934      68.3196
          935      68.3196
          936      68.3196
          937      68.3196
          938      68.3196
          939      68.3196
          940      68.3196
          941      68.3196
          942      68.3196
          943      67.9542
          944      67.9542
          945      67.9542
          946      67.9542
          947      67.9542
          948      67.9542
          949      67.9542
          950      67.9542
          951      67.9542
          952      67.9542
          953      67.9542
          954      67.9542
          955      67.9542
          956      67.9542
          957      67.9542
          958      67.9542
          959      67.9542
          960      67.9542
          961      67.9542
          962      67.9542
          963      67.9542
          964      67.9542
          965      67.9542
          966      67.9542
          967      67.9542
          968      67.9542
          969      67.9542
          970      67.9542
          971      67.9542
          972      67.9542
          973      67.9542
          974      67.9542
          975      67.9542
          976      67.9542
          977      67.9542
          978      67.9542
          979      67.9542
          980       67.635
          981       67.635
          982       67.635
          983       67.635
          984       67.635
          985       67.635
          986       67.635
          987       67.635
          988       67.635
          989       67.635
          990       67.635
          991       67.635
          992       67.635
          993       67.635
          994       67.635
          995       67.635
          996       67.635
          997       67.635
          998       67.635
          999       67.635
         1000       67.635
         1001       67.635
         1002      67.1556
         1003      67.1556
         1004      67.1556
         1005      67.1556
         1006      67.1556
         1007      67.1556
         1008      67.1556
         1009      67.1556
         1010      67.1556
         1011      67.1556
         1012      67.1556
         1013      67.1556
         1014      67.1556
         1015      67.1556
         1016      67.1556
         1017      67.1556
         1018      67.1556
         1019      67.1556
         1020      67.1556
         1021      67.1556
         1022      67.1556
         1023      67.1556
         1024      67.1556
         1025      67.1556
         1026      67.1556
         1027      67.1556
         1028      67.1017
         1029      67.1017
         1030      67.1017
         1031      67.1017
         1032      67.1017
         1033      67.1017
         1034      67.1017
         1035      67.1017
         1036      67.1017
         1037      67.1017
         1038      67.1017
         1039      67.1017
         1040      67.1017
         1041      67.1017
         1042      67.1017
         1043      67.1017
         1044      67.1017
         1045      67.1017
         1046      67.1017
         1047      67.1017
         1048      67.1017
         1049      67.1017
         1050      67.1017
         1051      67.1017
         1052      67.1017
         1053      67.1017
         1054      67.1017
         1055      67.1017
         1056      67.1017
         1057      67.1017
         1058      67.1017
         1059      67.1017
         1060      67.1017
         1061      67.1017
         1062      67.1017
         1063      67.1017
         1064      67.1017
         1065      67.1017
         1066      67.1017
         1067      67.1017
         1068      67.1017
         1069      67.1017
         1070      67.1017
         1071      67.1017
         1072      67.1017
         1073      67.1017
         1074      67.1017
         1075      67.1017
         1076      67.1017
         1077      67.1017
         1078      67.1017
         1079      67.1017
         1080      67.1017
         1081      67.1017
         1082      67.1017
         1083      67.1017
         1084      67.1017
         1085      67.1017
         1086      67.1017
         1087      67.1017
         1088      67.1017
         1089      67.1017
         1090      67.1017
         1091      67.1017
         1092      67.1017
         1093      67.1017
         1094      67.1017
         1095      67.1017
         1096      67.1017
         1097      67.1017
         1098      67.1017
         1099      67.1017
         1100      67.1017
         1101      67.1017
         1102      67.1017
         1103      67.1017
         1104      67.1017
         1105      67.1017
         1106      67.1017
         1107      67.1017
         1108      67.1017
         1109      67.1017
         1110      67.1017
         1111      67.1017
         1112      67.1017
         1113      67.1017
         1114      67.1017
         1115      67.1017
         1116      67.1017
         1117      67.1017
         1118      67.1017
         1119      67.1017
         1120      67.1017
         1121      67.1017
         1122      67.1017
         1123      67.1017
         1124      67.1017
         1125      67.1017
         1126      67.1017
         1127      67.1017
         1128      67.1017
         1129      67.1017
         1130      67.1017
         1131      67.1017
         1132      67.1017
         1133      67.1017
         1134      67.1017
         1135      67.1017
         1136      67.1017
         1137      67.1017
         1138      67.1017
         1139      67.1017
         1140      67.1017
         1141      67.1017
         1142      67.1017
         1143      67.1017
         1144      67.1017
         1145      67.1017
         1146      67.1017
         1147      67.1017
         1148      67.1017
         1149      67.1017
         1150      67.1017
         1151      67.1017
         1152      67.1017
         1153      67.1017
         1154      67.1017
         1155      67.1017
         1156      67.1017
         1157      67.1017
         1158      67.1017
         1159      67.1017
         1160      67.1017
         1161      67.1017
         1162      67.1017
         1163      67.1017
         1164      67.1017
         1165      67.1017
         1166      67.1017
         1167      67.1017
         1168      67.1017
         1169      67.1017
         1170      67.1017
         1171      67.1017
         1172      67.1017
         1173      67.1017
         1174      67.1017
         1175      67.1017
         1176      67.1017
         1177      67.1017
         1178      67.1017
         1179      67.1017
         1180      67.1017
         1181      67.1017
         1182      67.1017
         1183      67.1017
         1184      67.1017
         1185      67.1017
         1186      67.1017
         1187      67.1017
         1188      67.1017
         1189      67.1017
         1190      67.1017
         1191      67.1017
         1192      67.1017
         1193      67.1017
         1194      67.1017
         1195      67.1017
         1196      67.1017
         1197      67.1017
         1198      67.1017
         1199      67.1017
         1200      67.1017
         1201      67.1017
         1202      67.1017
         1203      67.1017
         1204      67.1017
         1205      67.1017
         1206      67.1017
         1207      67.1017
         1208      67.1017
         1209      67.1017
         1210      67.1017
         1211      67.1017
         1212      67.1017
         1213      67.1017
         1214      67.1017
         1215      67.1017
         1216      67.1017
         1217      67.1017
         1218      67.1017
         1219      67.1017
         1220      67.1017
         1221      67.1017
         1222      67.1017
         1223      67.1017
         1224      67.1017
         1225      67.1017
         1226      67.1017
         1227      67.1017
         1228      67.1017
         1229      67.1017
         1230      67.1017
         1231      67.1017
         1232      67.1017
         1233      67.1017
         1234      67.1017
         1235      67.1017
         1236      67.1017
         1237      67.1017
         1238      67.1017
         1239      67.1017
         1240      67.1017
         1241      67.1017
         1242      67.1017
         1243      67.1017
         1244      67.1017
         1245      67.1017
         1246      67.1017
         1247      67.1017
         1248      67.1017
         1249      67.1017
         1250      67.1017
         1251      67.1017
         1252      67.1017
         1253      67.1017
         1254      67.1017
         1255      67.1017
         1256      67.1017
         1257      67.1017
         1258      67.1017
         1259      67.1017
         1260      67.1017
         1261      67.1017
         1262      67.1017
         1263      67.1017
         1264      67.1017
         1265      67.1017
         1266      67.1017
         1267      67.1017
         1268      67.1017
         1269      67.1017
         1270      67.1017
         1271      67.1017
         1272      67.1017
         1273      67.1017
         1274      67.1017
         1275      67.1017
         1276      67.1017
         1277      67.1017
         1278      67.1017
         1279      67.1017
         1280      67.1017
         1281      67.1017
         1282      67.1017
         1283      67.1017
         1284      67.1017
         1285      67.1017
         1286      67.1017
         1287      67.1017
         1288      67.1017
         1289      67.1017
         1290      67.1017
         1291      67.1017
         1292      67.1017
         1293      67.1017
         1294      67.1017
         1295      67.1017
         1296      67.1017
         1297      67.1017
         1298      67.1017
         1299      67.1017
         1300      67.1017
         1301      67.1017
         1302      67.1017
         1303      67.1017
         1304      67.1017
         1305      67.1017
         1306      67.1017
         1307      67.1017
         1308      67.1017
         1309      67.1017
         1310      67.1017
         1311      67.1017
         1312      67.1017
         1313      67.1017
         1314      67.1017
         1315      67.1017
         1316      67.1017
         1317      67.1017
         1318      67.1017
         1319      67.1017
         1320      67.1017
         1321      67.1017
         1322      67.1017
         1323      67.1017
         1324      67.1017
         1325      67.1017
         1326      67.1017
         1327      67.1017
         1328      67.1017
         1329      67.1017
         1330      67.1017
         1331      67.1017
         1332      67.1017
         1333      67.1017
         1334      67.1017
         1335      67.1017
         1336      67.1017
         1337      67.1017
         1338      67.1017
         1339      67.1017
         1340      67.1017
         1341      67.1017
         1342      67.1017
         1343      67.1017
         1344      67.1017
         1345      67.1017
         1346      67.1017
         1347      67.1017
         1348      67.1017
         1349      67.1017
         1350      67.1017
         1351      67.1017
         1352      67.1017
         1353      67.1017
         1354      67.1017
         1355      67.1017
         1356      67.1017
         1357      67.1017
         1358      67.1017
         1359      67.1017
         1360      67.1017
         1361      67.1017
         1362      67.1017
         1363      67.1017
         1364      67.1017
         1365      67.1017
         1366      67.1017
         1367      67.1017
         1368      67.1017
         1369      67.1017
         1370      67.1017
         1371      67.1017
         1372      67.1017
         1373      67.1017
         1374      67.1017
         1375      67.1017
         1376      67.1017
         1377      67.1017
         1378      67.1017
         1379      67.1017
         1380      67.1017
         1381      67.1017
         1382      67.1017
         1383      67.1017
         1384      67.1017
         1385      67.1017
         1386      67.1017
         1387      67.1017
         1388      67.1017
         1389      67.1017
         1390      67.1017
         1391      67.1017
         1392      67.1017
         1393      67.1017
         1394      67.1017
         1395      67.1017
         1396      67.1017
         1397      67.1017
         1398      67.1017
         1399      67.1017
         1400      67.1017
         1401      67.1017
         1402      67.1017
         1403      67.1017
         1404      67.1017
         1405      67.1017
         1406      67.1017
         1407      67.1017
         1408      67.1017
         1409      67.1017
         1410      67.1017
         1411      67.1017
         1412      67.1017
         1413      67.1017
         1414      67.1017
         1415      67.1017
         1416      67.1017
         1417      67.1017
         1418      67.1017
         1419      67.1017
         1420      67.1017
         1421      67.1017
         1422      67.1017
         1423      67.1017
         1424      67.1017
         1425      67.1017
         1426      67.1017
         1427      67.1017
         1428      67.1017
         1429      67.1017
         1430      67.1017
         1431      67.1017
         1432      67.1017
         1433      67.1017
         1434      67.1017
         1435      67.1017
         1436      67.1017
         1437      67.1017
         1438      67.1017
         1439      67.1017
         1440      67.1017
         1441      67.1017
         1442      67.1017
         1443      67.1017
         1444      67.1017
         1445      67.1017
         1446      67.1017
         1447      67.1017
         1448      67.1017
         1449      67.1017
         1450      67.1017
         1451      67.1017
         1452      67.1017
         1453      67.1017
         1454      67.1017
         1455      67.1017
         1456      67.1017
         1457      67.1017
         1458      67.1017
         1459      67.1017
         1460      67.1017
         1461      67.1017
         1462      67.1017
         1463      67.1017
         1464      67.1017
         1465      67.1017
         1466      67.1017
         1467      67.1017
         1468      67.1017
         1469      67.1017
         1470      67.1017
         1471      67.1017
         1472      67.1017
         1473      67.1017
         1474      67.1017
         1475      67.1017
         1476      67.1017
         1477      67.1017
         1478      67.1017
         1479      67.1017
         1480      67.1017
         1481      67.1017
         1482      67.1017
         1483      67.1017
         1484      67.1017
         1485      67.1017
         1486      67.1017
         1487      67.1017
         1488      67.1017
         1489      67.1017
         1490      67.1017
         1491      67.1017
         1492      67.1017
         1493      67.1017
         1494      67.1017
         1495      67.1017
         1496      67.1017
         1497      67.1017
         1498      67.1017
         1499      67.1017
         1500      67.1017
         1501      67.1017
         1502      67.1017
         1503      67.1017
         1504      67.1017
         1505      67.1017
         1506      67.1017
         1507      67.1017
         1508      67.1017
         1509      67.1017
         1510      67.1017
         1511      67.1017
         1512      67.1017
         1513      67.1017
         1514      67.1017
         1515      67.1017
         1516      67.1017
         1517      67.1017
         1518      67.1017
         1519      67.1017
         1520      67.1017
         1521      67.1017
         1522      67.1017
         1523      67.1017
         1524      67.1017
         1525      67.1017
         1526      67.1017
         1527      67.1017
         1528      67.1017
         1529      67.1017
         1530      67.1017
         1531      67.1017
         1532      67.1017
         1533      67.1017
         1534      67.1017
         1535      67.1017
         1536      67.1017
         1537      67.1017
         1538      67.1017
         1539      67.1017
         1540      67.1017
         1541      67.1017
         1542      67.1017
         1543      67.1017
         1544      67.1017
         1545      67.1017
         1546      67.1017
         1547      67.1017
         1548      67.1017
         1549      67.1017
         1550      67.1017
         1551      67.1017
         1552      67.1017
         1553      67.1017
         1554      67.1017
         1555      67.1017
         1556      67.1017
         1557      67.1017
         1558      67.1017
         1559      67.1017
         1560      67.1017
         1561      67.1017
         1562      67.1017
         1563      67.1017
         1564      67.1017
         1565      67.1017
         1566      67.1017
         1567      67.1017
         1568      67.1017
         1569      67.1017
         1570      67.1017
         1571      67.1017
         1572      67.1017
         1573      67.1017
         1574      67.1017
         1575      67.1017
         1576      67.1017
         1577      67.1017
         1578      67.1017
         1579      67.1017
         1580      67.1017
         1581      67.1017
         1582      67.1017
         1583      67.1017
         1584      67.1017
         1585      67.1017
         1586      67.1017
         1587      67.1017
         1588      67.1017
         1589      67.1017
         1590      67.1017
         1591      67.1017
         1592      67.1017
         1593      67.1017
         1594      67.1017
         1595      67.1017
         1596      67.1017
         1597      67.1017
         1598      67.1017
         1599      67.1017
         1600      67.1017
         1601      67.1017
         1602      67.1017
         1603      67.1017
         1604      67.1017
         1605      67.1017
         1606      67.1017
         1607      67.1017
         1608      67.1017
         1609      67.1017
         1610      67.1017
         1611      67.1017
         1612      67.1017
         1613      67.1017
         1614      67.1017
         1615      67.1017
         1616      67.1017
         1617      67.1017
         1618      67.1017
         1619      67.1017
         1620      67.1017
         1621      67.1017
         1622      67.1017
         1623      67.1017
         1624      67.1017
         1625      67.1017
         1626      67.1017
         1627      67.1017
         1628      67.1017
         1629      67.1017
         1630      67.1017
         1631      67.1017
         1632      67.1017
         1633      67.1017
         1634      67.1017
         1635      67.1017
         1636      67.1017
         1637      67.1017
         1638      67.1017
         1639      67.1017
         1640      67.1017
         1641      67.1017
         1642      67.1017
         1643      67.1017
         1644      67.1017
         1645      67.1017
         1646      67.1017
         1647      67.1017
         1648      67.1017
         1649      67.1017
         1650      67.1017
         1651      67.1017
         1652      67.1017
         1653      67.1017
         1654      67.1017
         1655      67.1017
         1656      67.1017
         1657      67.1017
         1658      67.1017
         1659      67.1017
         1660      67.1017
         1661      67.1017
         1662      67.1017
         1663      67.1017
         1664      67.1017
         1665      67.1017
         1666      67.1017
         1667      67.1017
         1668      67.1017
         1669      67.1017
         1670      67.1017
         1671      67.1017
         1672      67.1017
         1673      67.1017
         1674      67.1017
         1675      67.1017
         1676      67.1017
         1677      67.1017
         1678      67.1017
         1679      67.1017
         1680      67.1017
         1681      67.1017
         1682      67.1017
         1683      67.1017
         1684      67.1017
         1685      67.1017
         1686      67.1017
         1687      67.1017
         1688      67.1017
         1689      67.1017
         1690      67.1017
         1691      67.1017
         1692      67.1017
         1693      67.1017
         1694      67.1017
         1695      67.1017
         1696      67.1017
         1697      67.1017
         1698      67.1017
         1699      67.1017
         1700      67.1017
         1701      67.1017
         1702      67.1017
         1703      67.1017
         1704      67.1017
         1705      67.1017
         1706      67.1017
         1707      67.1017
         1708      67.1017
         1709      67.1017
         1710      67.1017
         1711      67.1017
         1712      67.1017
         1713      67.1017
         1714      67.1017
         1715      67.1017
         1716      67.1017
         1717      67.1017
         1718      67.1017
         1719      67.1017
         1720      67.1017
         1721      67.1017
         1722      67.1017
         1723      67.1017
         1724      67.1017
         1725      67.1017
         1726      67.1017
         1727      67.1017
         1728      67.1017
         1729      67.1017
         1730      67.1017
         1731      67.1017
         1732      67.1017
         1733      67.1017
         1734      67.1017
         1735      67.1017
         1736      67.1017
         1737      67.1017
         1738      67.1017
         1739      67.1017
         1740      67.1017
         1741      67.1017
         1742      67.1017
         1743      67.1017
         1744      67.1017
         1745      67.1017
         1746      67.1017
         1747      67.1017
         1748      67.1017
         1749      67.1017
         1750      67.1017
         1751      67.1017
         1752      67.1017
         1753      67.1017
         1754      67.1017
         1755      67.1017
         1756      67.1017
         1757      67.1017
         1758      67.1017
         1759      67.1017
         1760      67.1017
         1761      67.1017
         1762      67.1017
         1763      67.1017
         1764      67.1017
         1765      67.1017
         1766      67.1017
         1767      67.1017
         1768      67.1017
         1769      67.1017
         1770      67.1017
         1771      67.1017
         1772      67.1017
         1773      67.1017
         1774      67.1017
         1775      67.1017
         1776      67.1017
         1777      66.9635
         1778      66.9635
         1779       66.388
         1780       66.388
         1781       66.388
         1782       66.388
         1783       66.388
         1784       66.388
         1785       66.388
         1786       66.388
         1787       66.388
         1788       66.388
         1789       66.388
         1790       66.388
         1791       66.388
         1792       66.388
         1793       66.388
         1794       66.388
         1795       66.388
         1796       66.388
         1797       66.388
         1798       66.388
         1799       66.388
         1800       66.388
         1801       66.388
         1802       66.388
         1803       66.388
         1804       66.388
         1805       66.388
         1806       66.388
         1807       66.388
         1808       66.388
         1809       66.388
         1810       66.388
         1811       66.388
         1812       66.388
         1813       66.388
         1814       66.388
         1815       66.388
         1816       66.388
         1817       66.388
         1818       66.388
         1819       66.388
         1820       66.388
         1821       66.388
         1822       66.388
         1823       66.388
         1824       66.388
         1825       66.388
         1826       66.388
         1827       66.388
         1828       66.388
         1829       66.388
         1830       66.388
         1831       66.388
         1832       66.388
         1833       66.388
         1834       66.388
         1835       66.388
         1836       66.388
         1837       66.388
         1838       66.388
         1839       66.388
         1840       66.388
         1841       66.388
         1842       66.388
         1843       66.388
         1844       66.388
         1845       66.388
         1846       66.388
         1847       66.388
         1848       66.388
         1849       66.388
         1850       66.388
         1851       66.388
         1852       66.388
         1853       66.388
         1854       66.388
         1855       66.388
         1856       66.388
         1857       66.388
         1858       66.388
         1859       66.388
         1860       66.388
         1861       66.388
         1862       66.388
         1863       66.388
         1864       66.388
         1865       66.388
         1866       66.388
         1867       66.388
         1868       66.388
         1869       66.388
         1870       66.388
         1871       66.388
         1872       66.388
         1873       66.388
         1874       66.388
         1875       66.388
         1876       66.388
         1877       66.388
         1878       66.388
         1879       66.388
         1880       66.388
         1881       66.388
         1882       66.388
         1883       66.388
         1884       66.388
         1885       66.388
         1886       66.388
         1887       66.388
         1888       66.388
         1889       66.388
         1890       66.388
         1891       66.388
         1892       66.388
         1893       66.388
         1894       66.388
         1895       66.388
         1896       66.388
         1897       66.388
         1898       66.388
         1899       66.388
         1900       66.388
         1901       66.388
         1902       66.388
         1903       66.388
         1904       66.388
         1905       66.388
         1906       66.388
         1907       66.388
         1908       66.388
         1909       66.388
         1910       66.388
         1911       66.388
         1912       66.388
         1913       66.388
         1914       66.388
         1915       66.388
         1916       66.388
         1917       66.388
         1918       66.388
         1919       66.388
         1920       66.388
         1921       66.388
         1922       66.388
         1923       66.388
         1924       66.388
         1925       66.388
         1926       66.388
         1927       66.388
         1928       66.388
         1929       66.388
         1930       66.388
         1931       66.388
         1932       66.388
         1933       66.388
         1934       66.388
         1935       66.388
         1936       66.388
         1937       66.388
         1938       66.388
         1939       66.388
         1940       66.388
         1941       66.388
         1942       66.388
         1943       66.388
         1944       66.388
         1945       66.388
         1946       66.388
         1947       66.388
         1948       66.388
         1949       66.388
         1950       66.388
         1951       66.388
         1952       66.388
         1953       66.388
         1954       66.388
         1955       66.388
         1956       66.388
         1957       66.388
         1958       66.388
         1959       66.388
         1960       66.388
         1961       66.388
         1962       66.388
         1963       66.388
         1964       66.388
         1965       66.388
         1966       66.388
         1967       66.388
         1968       66.388
         1969       66.388
         1970       66.388
         1971       66.388
         1972       66.388
         1973       66.388
         1974       66.388
         1975       66.388
         1976       66.388
         1977       66.388
         1978       66.388
         1979       66.388
         1980       66.388
         1981       66.388
         1982       66.388
         1983       66.388
         1984       66.388
         1985       66.388
         1986       66.388
         1987       66.388
         1988       66.388
         1989       66.388
         1990       66.388
         1991       66.388
         1992       66.388
         1993       66.388
         1994       66.388
         1995       66.388
         1996       66.388
         1997       66.388
         1998       66.388
         1999       66.388
         2000       66.388
