# VELOCITY:     AVE_POFV:        ERROR:
     0.19632 0.000507013           0
    0.588961   0.0281216           0
    0.981602    0.246633           0
     1.37424    0.243932           0
     1.76688    0.453459           0
     2.15952    0.526622           0
     2.55216    0.359944           0
      2.9448    0.234016           0
     3.33745    0.201025           0
     3.73009    0.120822           0
     4.12273   0.0741301           0
     4.51537   0.0268128           0
     4.90801   0.0143261           0
     5.30065  0.00174507           0
     5.69329   0.0140195           0
     6.08593 0.000742834           0
     6.47857           0           0
     6.87121           0           0
     7.26385           0           0
     7.65649           0           0
     8.04913           0           0
     8.44177           0           0
     8.83441           0           0
     9.22705           0           0
      9.6197           0           0
     10.0123           0           0
      10.405           0           0
     10.7976           0           0
     11.1903           0           0
     11.5829           0           0

     0.19632  0.00266477 3.59806e-05
    0.588961   0.0371122 0.000149919
    0.981602    0.227914 0.000312127
     1.37424    0.259278 0.000255895
     1.76688    0.421882 0.000526535
     2.15952    0.536974 0.000172628
     2.55216    0.381811 0.000364623
      2.9448    0.263258 0.000487606
     3.33745    0.170197  0.00051405
     3.73009    0.116684 6.90119e-05
     4.12273   0.0571746 0.000282733
     4.51537   0.0295483 4.56147e-05
     4.90801   0.0137306 9.92907e-06
     5.30065   0.0128522 0.000185211
     5.69329   0.0150689 1.74987e-05
     6.08593 0.000707461 5.89845e-07
     6.47857           0           0
     6.87121           0           0
     7.26385           0           0
     7.65649           0           0
     8.04913           0           0
     8.44177           0           0
     8.83441           0           0
     9.22705           0           0
      9.6197           0           0
     10.0123           0           0
      10.405           0           0
     10.7976           0           0
     11.1903           0           0
     11.5829           0           0

     0.19632  0.00275517 2.40501e-05
    0.588961   0.0514953 0.000294424
    0.981602     0.22965  0.00021075
     1.37424    0.280559 0.000443849
     1.76688    0.428823 0.000375605
     2.15952    0.494908 0.000818108
     2.55216    0.377918 0.000254377
      2.9448    0.277431  0.00042443
     3.33745    0.161619 0.000380425
     3.73009    0.100939 0.000306634
     4.12273   0.0561763 0.000189466
     4.51537   0.0338677 8.85544e-05
     4.90801   0.0173131 6.92967e-05
     5.30065    0.016983 0.000146874
     5.69329   0.0159493 2.05779e-05
     6.08593  0.00047164 4.55763e-06
     6.47857           0           0
     6.87121           0           0
     7.26385           0           0
     7.65649           0           0
     8.04913           0           0
     8.44177           0           0
     8.83441           0           0
     9.22705           0           0
      9.6197           0           0
     10.0123           0           0
      10.405           0           0
     10.7976           0           0
     11.1903           0           0
     11.5829           0           0

     0.19632  0.00245253 1.90671e-05
    0.588961   0.0527176 0.000222224
    0.981602    0.223201 0.000205739
     1.37424    0.311224 0.000709226
     1.76688    0.442437 0.000395798
     2.15952    0.471938 0.000772361
     2.55216    0.372714 0.000218386
      2.9448    0.265321 0.000403099
     3.33745    0.148245 0.000394978
     3.73009   0.0992597 0.000232519
     4.12273   0.0590553 0.000153783
     4.51537   0.0449355  0.00023559
     4.90801   0.0174743 5.20766e-05
     5.30065   0.0177455 0.000111251
     5.69329   0.0165428 1.96239e-05
     6.08593  0.00128817 1.70224e-05
     6.47857 0.000197499 4.03346e-06
     6.87121 0.000109067 2.22743e-06
     7.26385           0           0
     7.65649           0           0
     8.04913           0           0
     8.44177           0           0
     8.83441           0           0
     9.22705           0           0
      9.6197           0           0
     10.0123           0           0
      10.405           0           0
     10.7976           0           0
     11.1903           0           0
     11.5829           0           0

     0.19632   0.0035208 2.72099e-05
    0.588961   0.0590848 0.000222804
    0.981602     0.22048 0.000174309
     1.37424    0.327413 0.000662209
     1.76688    0.437942  0.00033053
     2.15952    0.457979  0.00068445
     2.55216    0.361618 0.000292048
      2.9448    0.264805 0.000322663
     3.33745    0.156061   0.0003564
     3.73009   0.0996977 0.000186244
     4.12273   0.0572595 0.000128725
     4.51537   0.0415704 0.000201394
     4.90801   0.0262727 0.000190199
     5.30065   0.0162457 9.44556e-05
     5.69329   0.0147836 4.02905e-05
     6.08593   0.0010494 1.45193e-05
     6.47857 0.000853669 1.42114e-05
     6.87121 0.000221671 2.96924e-06
     7.26385           0           0
     7.65649           0           0
     8.04913           0           0
     8.44177           0           0
     8.83441           0           0
     9.22705           0           0
      9.6197           0           0
     10.0123           0           0
      10.405           0           0
     10.7976           0           0
     11.1903           0           0
     11.5829           0           0

     0.19632  0.00319733   2.372e-05
    0.588961   0.0594876 0.000185872
    0.981602    0.224711 0.000171452
     1.37424     0.34764  0.00070295
     1.76688    0.423378 0.000417329
     2.15952    0.446873 0.000618456
     2.55216    0.358124 0.000254732
      2.9448    0.251915 0.000386391
     3.33745     0.16438 0.000346819
     3.73009    0.108721 0.000248636
     4.12273   0.0629384 0.000162643
     4.51537    0.041524 0.000167831
     4.90801   0.0237982 0.000167212
     5.30065   0.0144656 8.75451e-05
     5.69329    0.013933 3.82433e-05
     6.08593   0.0008745 1.26717e-05
     6.47857 0.000711391 1.22325e-05
     6.87121 0.000184726 2.59905e-06
     7.26385           0           0
     7.65649           0           0
     8.04913           0           0
     8.44177           0           0
     8.83441           0           0
     9.22705           0           0
      9.6197           0           0
     10.0123           0           0
      10.405           0           0
     10.7976           0           0
     11.1903           0           0
     11.5829           0           0

     0.19632  0.00378828 2.40797e-05
    0.588961   0.0623138 0.000170851
    0.981602    0.225062 0.000147158
     1.37424    0.351899 0.000609662
     1.76688    0.425039 0.000359545
     2.15952    0.440748 0.000546714
     2.55216    0.342463 0.000405694
      2.9448    0.251723 0.000331219
     3.33745    0.171925 0.000339855
     3.73009    0.111364 0.000220793
     4.12273   0.0671414 0.000166898
     4.51537   0.0451562 0.000164265
     4.90801   0.0214613 0.000152135
     5.30065    0.012544  8.5971e-05
     5.69329   0.0127124 4.22464e-05
     6.08593 0.000749571 1.11987e-05
     6.47857 0.000609764 1.07172e-05
     6.87121 0.000158336 2.30105e-06
     7.26385           0           0
     7.65649           0           0
     8.04913           0           0
     8.44177           0           0
     8.83441           0           0
     9.22705           0           0
      9.6197           0           0
     10.0123           0           0
      10.405           0           0
     10.7976           0           0
     11.1903           0           0
     11.5829           0           0

     0.19632  0.00614017 5.59954e-05
    0.588961   0.0673222 0.000185889
    0.981602    0.222673 0.000139126
     1.37424    0.349516 0.000536038
     1.76688    0.415894 0.000373723
     2.15952    0.433544 0.000504081
     2.55216    0.345211 0.000360121
      2.9448    0.259402 0.000335692
     3.33745    0.172469 0.000297615
     3.73009      0.1154 0.000212718
     4.12273   0.0693444 0.000153909
     4.51537   0.0472318 0.000150848
     4.90801   0.0190926 0.000143006
     5.30065   0.0111661 8.11329e-05
     5.69329   0.0111233 5.09426e-05
     6.08593 0.000655875 1.00145e-05
     6.47857 0.000533543 9.52706e-06
     6.87121 0.000138544 2.06021e-06
     7.26385           0           0
     7.65649           0           0
     8.04913           0           0
     8.44177           0           0
     8.83441           0           0
     9.22705           0           0
      9.6197           0           0
     10.0123           0           0
      10.405           0           0
     10.7976           0           0
     11.1903           0           0
     11.5829           0           0

     0.19632  0.00765368 6.00813e-05
    0.588961   0.0682988 0.000166655
    0.981602    0.218337  0.00015681
     1.37424    0.339645 0.000524593
     1.76688    0.414843 0.000333019
     2.15952    0.427243 0.000469458
     2.55216    0.357667 0.000423276
      2.9448    0.270267 0.000383914
     3.33745    0.171012 0.000266523
     3.73009    0.118472 0.000201041
     4.12273   0.0699548 0.000137479
     4.51537   0.0437486 0.000154845
     4.90801   0.0184359 0.000127952
     5.30065   0.0102123 7.51711e-05
     5.69329  0.00988742 5.29677e-05
     6.08593    0.000583   9.048e-06
     6.47857 0.000474261 8.57045e-06
     6.87121 0.000123151 1.86301e-06
     7.26385           0           0
     7.65649           0           0
     8.04913           0           0
     8.44177           0           0
     8.83441           0           0
     9.22705           0           0
      9.6197           0           0
     10.0123           0           0
      10.405           0           0
     10.7976           0           0
     11.1903           0           0
     11.5829           0           0

     0.19632  0.00750616 5.41738e-05
    0.588961   0.0687876 0.000150387
    0.981602    0.218889  0.00014167
     1.37424    0.340159 0.000472274
     1.76688    0.406043 0.000358588
     2.15952    0.423802 0.000429469
     2.55216     0.35971 0.000383679
      2.9448     0.27187 0.000347378
     3.33745    0.183019 0.000360136
     3.73009    0.118087 0.000181142
     4.12273   0.0698617 0.000123749
     4.51537   0.0407674 0.000154498
     4.90801   0.0190165 0.000115887
     5.30065  0.00935263 7.03347e-05
     5.69329  0.00892462 5.23113e-05
     6.08593   0.0005247 8.24699e-06
     6.47857 0.000426835 7.78604e-06
     6.87121 0.000110835 1.69919e-06
     7.26385           0           0
     7.65649           0           0
     8.04913           0           0
     8.44177           0           0
     8.83441           0           0
     9.22705           0           0
      9.6197           0           0
     10.0123           0           0
      10.405           0           0
     10.7976           0           0
     11.1903           0           0
     11.5829           0           0

     0.19632   0.0084563 5.36829e-05
    0.588961   0.0704717 0.000141863
    0.981602    0.214367 0.000164095
     1.37424    0.344524 0.000440414
     1.76688    0.401825  0.00033951
     2.15952    0.419549 0.000401968
     2.55216    0.360144 0.000348935
      2.9448    0.275105 0.000324065
     3.33745    0.182813 0.000327429
     3.73009    0.120086 0.000170699
     4.12273   0.0738675 0.000144111
     4.51537   0.0395181 0.000143234
     4.90801   0.0183415  0.00010644
     5.30065  0.00871248 6.55406e-05
     5.69329  0.00811329 5.09346e-05
     6.08593    0.000477 7.57359e-06
     6.47857 0.000388031 7.13179e-06
     6.87121  0.00010076 1.56125e-06
     7.26385           0           0
     7.65649           0           0
     8.04913           0           0
     8.44177           0           0
     8.83441           0           0
     9.22705           0           0
      9.6197           0           0
     10.0123           0           0
      10.405           0           0
     10.7976           0           0
     11.1903           0           0
     11.5829           0           0

     0.19632  0.00829989 4.93359e-05
    0.588961   0.0735769 0.000147736
    0.981602    0.213433 0.000151891
     1.37424    0.336255 0.000444789
     1.76688    0.397984 0.000323073
     2.15952    0.422832 0.000375851
     2.55216    0.367279 0.000358141
      2.9448     0.27108 0.000310645
     3.33745    0.184394 0.000302257
     3.73009    0.126016 0.000205942
     4.12273   0.0731878 0.000132991
     4.51537   0.0384888 0.000133339
     4.90801   0.0169771 0.000102317
     5.30065  0.00866639 6.00879e-05
     5.69329  0.00750301 4.86807e-05
     6.08593  0.00043725 7.00023e-06
     6.47857 0.000355695 6.57811e-06
     6.87121 9.23629e-05 1.44364e-06
     7.26385           0           0
     7.65649           0           0
     8.04913           0           0
     8.44177           0           0
     8.83441           0           0
     9.22705           0           0
      9.6197           0           0
     10.0123           0           0
      10.405           0           0
     10.7976           0           0
     11.1903           0           0
     11.5829           0           0

     0.19632   0.0095616 5.37694e-05
    0.588961   0.0759668 0.000146728
    0.981602    0.211043 0.000150303
     1.37424    0.330798 0.000428788
     1.76688    0.393177 0.000317488
     2.15952    0.425419 0.000351856
     2.55216    0.369652 0.000334933
      2.9448    0.271751 0.000287152
     3.33745     0.18508 0.000279439
     3.73009    0.133939 0.000261449
     4.12273   0.0711578 0.000131093
     4.51537   0.0362764 0.000132898
     4.90801   0.0170707 9.44703e-05
     5.30065  0.00822468 5.63614e-05
     5.69329  0.00692586 4.68001e-05
     6.08593 0.000403615 6.50653e-06
     6.47857 0.000328334 6.10367e-06
     6.87121 8.52581e-05 1.34228e-06
     7.26385           0           0
     7.65649           0           0
     8.04913           0           0
     8.44177           0           0
     8.83441           0           0
     9.22705           0           0
      9.6197           0           0
     10.0123           0           0
      10.405           0           0
     10.7976           0           0
     11.1903           0           0
     11.5829           0           0

     0.19632   0.0103399 5.29685e-05
    0.588961   0.0762811 0.000136435
    0.981602    0.210486 0.000140138
     1.37424    0.331389 0.000398387
     1.76688    0.381529 0.000396191
     2.15952    0.429142 0.000337502
     2.55216    0.373302 0.000321879
      2.9448    0.275348 0.000278887
     3.33745    0.182351 0.000266784
     3.73009     0.13754 0.000256194
     4.12273   0.0726006 0.000126067
     4.51537   0.0348441 0.000127625
     4.90801   0.0168283 8.78951e-05
     5.30065   0.0076869 5.37435e-05
     5.69329  0.00643115 4.48877e-05
     6.08593 0.000374786 6.07719e-06
     6.47857 0.000304882 5.69269e-06
     6.87121 7.91682e-05 1.25406e-06
     7.26385           0           0
     7.65649           0           0
     8.04913           0           0
     8.44177           0           0
     8.83441           0           0
     9.22705           0           0
      9.6197           0           0
     10.0123           0           0
      10.405           0           0
     10.7976           0           0
     11.1903           0           0
     11.5829           0           0

     0.19632    0.010751 5.03169e-05
    0.588961   0.0779488 0.000132887
    0.981602    0.207736 0.000145034
     1.37424    0.322864 0.000419497
     1.76688    0.378807 0.000374945
     2.15952    0.432124 0.000322244
     2.55216    0.378925 0.000326592
      2.9448    0.280684 0.000287287
     3.33745    0.185923 0.000261957
     3.73009    0.135571 0.000243286
     4.12273   0.0711407 0.000122274
     4.51537   0.0346498 0.000119199
     4.90801   0.0158503 8.50076e-05
     5.30065  0.00717444 5.15014e-05
     5.69329  0.00600241 4.30188e-05
     6.08593   0.0003498 5.70054e-06
     6.47857 0.000284556 5.33332e-06
     6.87121 7.38903e-05 1.17662e-06
     7.26385           0           0
     7.65649           0           0
     8.04913           0           0
     8.44177           0           0
     8.83441           0           0
     9.22705           0           0
      9.6197           0           0
     10.0123           0           0
      10.405           0           0
     10.7976           0           0
     11.1903           0           0
     11.5829           0           0

     0.19632   0.0103989 4.78523e-05
    0.588961    0.076859 0.000127042
    0.981602    0.207048 0.000136873
     1.37424    0.322511 0.000393361
     1.76688    0.378246 0.000351744
     2.15952    0.429481 0.000308073
     2.55216    0.380605 0.000308575
      2.9448    0.286075 0.000296125
     3.33745    0.186893 0.000246583
     3.73009    0.135088 0.000228346
     4.12273   0.0706974 0.000115077
     4.51537   0.0348247  0.00011182
     4.90801   0.0151131 8.14526e-05
     5.30065  0.00672603 4.93561e-05
     5.69329  0.00562726 4.12298e-05
     6.08593 0.000327937 5.36752e-06
     6.47857 0.000266772 5.01645e-06
     6.87121 6.92722e-05 1.10811e-06
     7.26385           0           0
     7.65649           0           0
     8.04913           0           0
     8.44177           0           0
     8.83441           0           0
     9.22705           0           0
      9.6197           0           0
     10.0123           0           0
      10.405           0           0
     10.7976           0           0
     11.1903           0           0
     11.5829           0           0

     0.19632   0.0104995 4.50963e-05
    0.588961   0.0766131 0.000119701
    0.981602    0.205125 0.000136123
     1.37424    0.326178 0.000379607
     1.76688     0.38027 0.000334275
     2.15952    0.421749 0.000339647
     2.55216    0.384443 0.000303408
      2.9448    0.286979 0.000279472
     3.33745    0.185079 0.000235759
     3.73009     0.13468 0.000215117
     4.12273   0.0730252 0.000120693
     4.51537   0.0353064 0.000105818
     4.90801   0.0144925 7.79649e-05
     5.30065  0.00649685 4.67478e-05
     5.69329  0.00529624 3.95365e-05
     6.08593 0.000308647 5.07102e-06
     6.47857 0.000251079 4.73499e-06
     6.87121 6.51973e-05 1.04708e-06
     7.26385           0           0
     7.65649           0           0
     8.04913           0           0
     8.44177           0           0
     8.83441           0           0
     9.22705           0           0
      9.6197           0           0
     10.0123           0           0
      10.405           0           0
     10.7976           0           0
     11.1903           0           0
     11.5829           0           0

     0.19632   0.0102176 4.30784e-05
    0.588961   0.0754651 0.000116072
    0.981602    0.205762 0.000129385
     1.37424     0.32487 0.000359769
     1.76688    0.381899 0.000317904
     2.15952    0.418227 0.000330777
     2.55216    0.384124 0.000286645
      2.9448    0.289168 0.000268672
     3.33745    0.188261 0.000234298
     3.73009    0.136275 0.000206428
     4.12273   0.0715472 0.000118914
     4.51537   0.0350684 0.000100088
     4.90801     0.01403 7.43927e-05
     5.30065  0.00635208 4.42752e-05
     5.69329  0.00500201  3.7944e-05
     6.08593   0.0002915 4.80539e-06
     6.47857  0.00023713 4.48335e-06
     6.87121 6.15753e-05  9.9239e-07
     7.26385           0           0
     7.65649           0           0
     8.04913           0           0
     8.44177           0           0
     8.83441           0           0
     9.22705           0           0
      9.6197           0           0
     10.0123           0           0
      10.405           0           0
     10.7976           0           0
     11.1903           0           0
     11.5829           0           0

     0.19632  0.00996278  4.1228e-05
    0.588961   0.0745546 0.000111932
    0.981602     0.20431 0.000127025
     1.37424    0.324125 0.000341263
     1.76688     0.38777 0.000329943
     2.15952    0.415012 0.000321941
     2.55216    0.383553 0.000271874
      2.9448    0.289701 0.000254826
     3.33745     0.18932 0.000223292
     3.73009    0.135799 0.000195868
     4.12273   0.0724427 0.000114515
     4.51537   0.0350367 9.48229e-05
     4.90801   0.0138942 7.05462e-05
     5.30065  0.00607982 4.24079e-05
     5.69329  0.00473874 3.64513e-05
     6.08593 0.000276158 4.56608e-06
     6.47857  0.00022465 4.25703e-06
     6.87121 5.83345e-05 9.43098e-07
     7.26385           0           0
     7.65649           0           0
     8.04913           0           0
     8.44177           0           0
     8.83441           0           0
     9.22705           0           0
      9.6197           0           0
     10.0123           0           0
      10.405           0           0
     10.7976           0           0
     11.1903           0           0
     11.5829           0           0

     0.19632   0.0109621 4.54049e-05
    0.588961   0.0769776 0.000120037
    0.981602    0.200857 0.000144424
     1.37424     0.32259 0.000326114
     1.76688    0.391771  0.00032666
     2.15952    0.412529 0.000311125
     2.55216    0.377487 0.000293518
      2.9448    0.294314 0.000264285
     3.33745    0.191224 0.000216595
     3.73009    0.135083   0.0001868
     4.12273   0.0736808  0.00011245
     4.51537   0.0343926 9.12901e-05
     4.90801   0.0140702 6.71409e-05
     5.30065  0.00588725 4.05299e-05
     5.69329  0.00450181 3.50544e-05
     6.08593  0.00026235 4.34937e-06
     6.47857 0.000213417 4.05241e-06
     6.87121 5.54177e-05 8.98447e-07
     7.26385           0           0
     7.65649           0           0
     8.04913           0           0
     8.44177           0           0
     8.83441           0           0
     9.22705           0           0
      9.6197           0           0
     10.0123           0           0
      10.405           0           0
     10.7976           0           0
     11.1903           0           0
     11.5829           0           0

     0.19632   0.0110162 4.32607e-05
    0.588961   0.0781851  0.00011765
    0.981602    0.200831 0.000137548
     1.37424    0.322102 0.000310788
     1.76688    0.391029 0.000311574
     2.15952    0.412158 0.000296432
     2.55216    0.375231 0.000284321
      2.9448     0.29497 0.000252151
     3.33745    0.193157 0.000211025
     3.73009    0.133707 0.000180701
     4.12273   0.0747977 0.000110136
     4.51537   0.0344803 8.69664e-05
     4.90801   0.0147326 6.57356e-05
     5.30065  0.00566867 3.89263e-05
     5.69329  0.00428744 3.37477e-05
     6.08593 0.000249857 4.15222e-06
     6.47857 0.000203255 3.86652e-06
     6.87121 5.27788e-05 8.57817e-07
     7.26385           0           0
     7.65649           0           0
     8.04913           0           0
     8.44177           0           0
     8.83441           0           0
     9.22705           0           0
      9.6197           0           0
     10.0123           0           0
      10.405           0           0
     10.7976           0           0
     11.1903           0           0
     11.5829           0           0

     0.19632   0.0105192 4.28524e-05
    0.588961   0.0767563 0.000117028
    0.981602    0.202967 0.000140212
     1.37424    0.320864 0.000298029
     1.76688    0.390941 0.000297418
     2.15952    0.413971 0.000286024
     2.55216    0.371445 0.000285069
      2.9448    0.296651 0.000243786
     3.33745    0.195121 0.000206452
     3.73009    0.133835 0.000172512
     4.12273   0.0751591 0.000105459
     4.51537   0.0344855 8.30134e-05
     4.90801   0.0141578   6.413e-05
     5.30065    0.005411 3.76282e-05
     5.69329  0.00409255 3.25251e-05
     6.08593   0.0002385 3.97211e-06
     6.47857 0.000194016  3.6969e-06
     6.87121 5.03798e-05 8.20689e-07
     7.26385           0           0
     7.65649           0           0
     8.04913           0           0
     8.44177           0           0
     8.83441           0           0
     9.22705           0           0
      9.6197           0           0
     10.0123           0           0
      10.405           0           0
     10.7976           0           0
     11.1903           0           0
     11.5829           0           0

     0.19632   0.0103494 4.11759e-05
    0.588961   0.0756891 0.000114614
    0.981602    0.203351 0.000134409
     1.37424    0.321477 0.000285421
     1.76688    0.389633  0.00028608
     2.15952    0.412538 0.000275578
     2.55216    0.371927   0.0002729
      2.9448    0.295327 0.000235175
     3.33745    0.197297 0.000203754
     3.73009    0.135946 0.000172047
     4.12273   0.0760172 0.000102797
     4.51537   0.0341668 7.97437e-05
     4.90801   0.0135868 6.27392e-05
     5.30065  0.00517574 3.63989e-05
     5.69329  0.00391462 3.13805e-05
     6.08593  0.00022813 3.80693e-06
     6.47857  0.00018558 3.54152e-06
     6.87121 4.81893e-05  7.8663e-07
     7.26385           0           0
     7.65649           0           0
     8.04913           0           0
     8.44177           0           0
     8.83441           0           0
     9.22705           0           0
      9.6197           0           0
     10.0123           0           0
      10.405           0           0
     10.7976           0           0
     11.1903           0           0
     11.5829           0           0

     0.19632   0.0107804 4.06952e-05
    0.588961   0.0785886 0.000128627
    0.981602    0.201003 0.000139749
     1.37424    0.320491 0.000274474
     1.76688    0.390679 0.000275221
     2.15952    0.411009 0.000266445
     2.55216    0.371097  0.00026223
      2.9448    0.295361 0.000225377
     3.33745     0.19613 0.000197115
     3.73009    0.137615 0.000169318
     4.12273   0.0767108 9.98068e-05
     4.51537   0.0349343 7.84484e-05
     4.90801   0.0131504 6.09633e-05
     5.30065  0.00506326 3.49788e-05
     5.69329   0.0038026 3.01839e-05
     6.08593 0.000218625  3.6549e-06
     6.47857 0.000177848 3.39865e-06
     6.87121 4.61815e-05 7.55278e-07
     7.26385           0           0
     7.65649           0           0
     8.04913           0           0
     8.44177           0           0
     8.83441           0           0
     9.22705           0           0
      9.6197           0           0
     10.0123           0           0
      10.405           0           0
     10.7976           0           0
     11.1903           0           0
     11.5829           0           0

     0.19632   0.0110968 3.97453e-05
    0.588961    0.077956 0.000124344
    0.981602     0.20177 0.000135324
     1.37424    0.318085 0.000269297
     1.76688    0.390801 0.000264227
     2.15952     0.41001 0.000256825
     2.55216    0.374046 0.000260797
      2.9448    0.295652 0.000216466
     3.33745    0.196093 0.000189232
     3.73009    0.138324 0.000163368
     4.12273    0.076701 9.58148e-05
     4.51537   0.0342104 7.71453e-05
     4.90801   0.0126862 5.94996e-05
     5.30065  0.00505976 3.35797e-05
     5.69329  0.00394197  2.9155e-05
     6.08593  0.00020988 3.51452e-06
     6.47857 0.000170734 3.26684e-06
     6.87121 4.43342e-05 7.26322e-07
     7.26385           0           0
     7.65649           0           0
     8.04913           0           0
     8.44177           0           0
     8.83441           0           0
     9.22705           0           0
      9.6197           0           0
     10.0123           0           0
      10.405           0           0
     10.7976           0           0
     11.1903           0           0
     11.5829           0           0

     0.19632   0.0110772 3.82193e-05
    0.588961   0.0794837 0.000124671
    0.981602    0.201119 0.000130988
     1.37424     0.31784 0.000259001
     1.76688    0.386593 0.000272065
     2.15952     0.41215 0.000251857
     2.55216    0.376154 0.000255458
      2.9448    0.295549 0.000208154
     3.33745    0.195904 0.000182006
     3.73009    0.138657 0.000157274
     4.12273   0.0761423 9.30311e-05
     4.51537   0.0337209 7.50369e-05
     4.90801   0.0124967 5.73788e-05
     5.30065  0.00486515 3.26003e-05
     5.69329  0.00428785 2.91522e-05
     6.08593 0.000536491 8.27414e-06
     6.47857 0.000238995 3.51549e-06
     6.87121  4.2629e-05 6.99499e-07
     7.26385           0           0
     7.65649           0           0
     8.04913           0           0
     8.44177           0           0
     8.83441           0           0
     9.22705           0           0
      9.6197           0           0
     10.0123           0           0
      10.405           0           0
     10.7976           0           0
     11.1903           0           0
     11.5829           0           0

     0.19632   0.0109739 3.68812e-05
    0.588961   0.0798347 0.000120328
    0.981602    0.200017 0.000128688
     1.37424    0.319123 0.000251171
     1.76688    0.387743 0.000263338
     2.15952    0.411008 0.000243966
     2.55216    0.374642  0.00024847
      2.9448    0.298173 0.000209437
     3.33745    0.195257 0.000175904
     3.73009    0.137887 0.000152494
     4.12273   0.0757476 9.00498e-05
     4.51537   0.0331948 7.32765e-05
     4.90801   0.0127072 5.54681e-05
     5.30065  0.00470767 3.16037e-05
     5.69329  0.00421856 2.81183e-05
     6.08593  0.00134592 2.03554e-05
     6.47857 0.000236257 3.38588e-06
     6.87121 4.10502e-05 6.74581e-07
     7.26385           0           0
     7.65649           0           0
     8.04913           0           0
     8.44177           0           0
     8.83441           0           0
     9.22705           0           0
      9.6197           0           0
     10.0123           0           0
      10.405           0           0
     10.7976           0           0
     11.1903           0           0
     11.5829           0           0

     0.19632   0.0108587 3.56641e-05
    0.588961   0.0807886 0.000118114
    0.981602    0.198397  0.00012964
     1.37424    0.322176 0.000252308
     1.76688     0.38814 0.000254099
     2.15952    0.409935 0.000236561
     2.55216    0.372739 0.000243616
      2.9448    0.296493 0.000205668
     3.33745    0.197117 0.000175008
     3.73009    0.137935 0.000147052
     4.12273   0.0752881 8.74833e-05
     4.51537   0.0327984 7.12532e-05
     4.90801   0.0131765 5.45797e-05
     5.30065  0.00499307 3.11834e-05
     5.69329  0.00407758 2.73099e-05
     6.08593  0.00167685 2.10713e-05
     6.47857 0.000227819 3.27079e-06
     6.87121 3.95841e-05 6.51375e-07
     7.26385           0           0
     7.65649           0           0
     8.04913           0           0
     8.44177           0           0
     8.83441           0           0
     9.22705           0           0
      9.6197           0           0
     10.0123           0           0
      10.405           0           0
     10.7976           0           0
     11.1903           0           0
     11.5829           0           0

     0.19632   0.0111482 3.50817e-05
    0.588961   0.0818556 0.000116691
    0.981602    0.199843 0.000129578
     1.37424    0.322894 0.000244176
     1.76688    0.387587 0.000245672
     2.15952    0.407861 0.000233402
     2.55216    0.372641 0.000235226
      2.9448    0.294781 0.000202501
     3.33745    0.196553 0.000169479
     3.73009    0.138806 0.000143408
     4.12273   0.0745172 8.63352e-05
     4.51537   0.0328603 6.88111e-05
     4.90801   0.0138337 5.48542e-05
     5.30065  0.00578247 3.52292e-05
     5.69329  0.00401708 2.64054e-05
     6.08593  0.00161903 2.03888e-05
     6.47857 0.000219963 3.16325e-06
     6.87121 3.82191e-05 6.29708e-07
     7.26385           0           0
     7.65649           0           0
     8.04913           0           0
     8.44177           0           0
     8.83441           0           0
     9.22705           0           0
      9.6197           0           0
     10.0123           0           0
      10.405           0           0
     10.7976           0           0
     11.1903           0           0
     11.5829           0           0

     0.19632   0.0110195 3.40434e-05
    0.588961   0.0817054 0.000112855
    0.981602    0.200765  0.00012707
     1.37424    0.321376 0.000238648
     1.76688    0.388905 0.000239443
     2.15952    0.405615 0.000231553
     2.55216    0.372358 0.000227481
      2.9448    0.298046  0.00020988
     3.33745    0.195907 0.000164513
     3.73009    0.138115 0.000139551
     4.12273   0.0745652 8.34648e-05
     4.51537   0.0327845 6.65406e-05
     4.90801   0.0142931 5.40848e-05
     5.30065  0.00570567 3.41014e-05
     5.69329  0.00388317 2.57133e-05
     6.08593  0.00156506 1.97489e-05
     6.47857 0.000212631 3.06253e-06
     6.87121 3.69452e-05 6.09434e-07
     7.26385           0           0
     7.65649           0           0
     8.04913           0           0
     8.44177           0           0
     8.83441           0           0
     9.22705           0           0
      9.6197           0           0
     10.0123           0           0
      10.405           0           0
     10.7976           0           0
     11.1903           0           0
     11.5829           0           0

     0.19632   0.0109002 3.30612e-05
    0.588961   0.0808376 0.000111054
    0.981602    0.199904 0.000124582
     1.37424     0.32326  0.00023505
     1.76688    0.385659 0.000243648
     2.15952    0.408208 0.000232013
     2.55216    0.371542 0.000220954
      2.9448    0.298505 0.000203389
     3.33745    0.196963  0.00016108
     3.73009    0.138263 0.000135092
     4.12273   0.0753697 8.29004e-05
     4.51537   0.0325786 6.45712e-05
     4.90801    0.013832 5.34218e-05
     5.30065  0.00552162 3.32764e-05
     5.69329  0.00375791  2.5053e-05
     6.08593  0.00151457 1.91477e-05
     6.47857 0.000205772 2.96801e-06
     6.87121 3.57534e-05 5.90423e-07
     7.26385           0           0
     7.65649           0           0
     8.04913           0           0
     8.44177           0           0
     8.83441           0           0
     9.22705           0           0
      9.6197           0           0
     10.0123           0           0
      10.405           0           0
     10.7976           0           0
     11.1903           0           0
     11.5829           0           0

     0.19632    0.011018 3.21444e-05
    0.588961   0.0809243 0.000107602
    0.981602    0.200054 0.000120738
     1.37424     0.32371 0.000227944
     1.76688    0.383067 0.000243583
     2.15952    0.407989  0.00022482
     2.55216    0.372049 0.000214371
      2.9448    0.299072 0.000197472
     3.33745    0.199235 0.000164714
     3.73009    0.137813 0.000131287
     4.12273   0.0753891 8.03111e-05
     4.51537   0.0323195 6.28416e-05
     4.90801   0.0135291 5.22278e-05
     5.30065  0.00534907 3.24844e-05
     5.69329  0.00364047 2.44227e-05
     6.08593  0.00146724 1.85818e-05
     6.47857 0.000199342 2.87913e-06
     6.87121 3.46361e-05  5.7256e-07
     7.26385           0           0
     7.65649           0           0
     8.04913           0           0
     8.44177           0           0
     8.83441           0           0
     9.22705           0           0
      9.6197           0           0
     10.0123           0           0
      10.405           0           0
     10.7976           0           0
     11.1903           0           0
     11.5829           0           0

     0.19632   0.0109828  3.1181e-05
    0.588961   0.0811082 0.000104429
    0.981602    0.199976 0.000117094
     1.37424    0.320983 0.000229928
     1.76688    0.383534 0.000236451
     2.15952    0.409648 0.000221384
     2.55216    0.370609 0.000210547
      2.9448    0.300091 0.000192944
     3.33745     0.20155 0.000168532
     3.73009    0.137427 0.000127623
     4.12273   0.0754292  7.7883e-05
     4.51537   0.0319036  6.1698e-05
     4.90801   0.0132192  5.1154e-05
     5.30065   0.0052177 3.16473e-05
     5.69329  0.00353016 2.38207e-05
     6.08593  0.00142278 1.80483e-05
     6.47857 0.000193301  2.7954e-06
     6.87121 3.35865e-05 5.55744e-07
     7.26385           0           0
     7.65649           0           0
     8.04913           0           0
     8.44177           0           0
     8.83441           0           0
     9.22705           0           0
      9.6197           0           0
     10.0123           0           0
      10.405           0           0
     10.7976           0           0
     11.1903           0           0
     11.5829           0           0

     0.19632   0.0114525 3.21716e-05
    0.588961   0.0817873 0.000102578
    0.981602    0.199986  0.00011365
     1.37424    0.320185 0.000223934
     1.76688    0.383212 0.000229619
     2.15952    0.409575 0.000214879
     2.55216    0.368808 0.000208593
      2.9448    0.298154 0.000192599
     3.33745    0.205186 0.000184103
     3.73009    0.138044 0.000124697
     4.12273   0.0757611 7.59844e-05
     4.51537   0.0311071 6.26773e-05
     4.90801   0.0131217 4.97011e-05
     5.30065  0.00543427 3.11259e-05
     5.69329  0.00344228 2.32101e-05
     6.08593  0.00138094 1.75444e-05
     6.47857 0.000187616  2.7164e-06
     6.87121 3.25987e-05 5.39887e-07
     7.26385           0           0
     7.65649           0           0
     8.04913           0           0
     8.44177           0           0
     8.83441           0           0
     9.22705           0           0
      9.6197           0           0
     10.0123           0           0
      10.405           0           0
     10.7976           0           0
     11.1903           0           0
     11.5829           0           0

     0.19632   0.0113881 3.12883e-05
    0.588961   0.0815827 9.97609e-05
    0.981602    0.200648 0.000111469
     1.37424     0.31877 0.000220009
     1.76688    0.383282 0.000223064
     2.15952    0.410344 0.000209504
     2.55216     0.37084 0.000208063
      2.9448    0.298525 0.000187294
     3.33745    0.203649 0.000182377
     3.73009      0.1371 0.000123103
     4.12273   0.0758219 7.38269e-05
     4.51537   0.0307574 6.14268e-05
     4.90801   0.0132197 4.83349e-05
     5.30065  0.00548147 3.02565e-05
     5.69329  0.00389305 2.48623e-05
     6.08593  0.00134148 1.70678e-05
     6.47857 0.000182255 2.64173e-06
     6.87121 3.16673e-05 5.24908e-07
     7.26385           0           0
     7.65649           0           0
     8.04913           0           0
     8.44177           0           0
     8.83441           0           0
     9.22705           0           0
      9.6197           0           0
     10.0123           0           0
      10.405           0           0
     10.7976           0           0
     11.1903           0           0
     11.5829           0           0

     0.19632   0.0112146 3.06856e-05
    0.588961   0.0834093 0.000105882
    0.981602    0.201789 0.000111573
     1.37424    0.320187 0.000216424
     1.76688    0.381923 0.000219159
     2.15952    0.408167 0.000209881
     2.55216    0.370842 0.000202284
      2.9448      0.2978  0.00018287
     3.33745    0.202976    0.000178
     3.73009    0.136954 0.000119732
     4.12273   0.0753426 7.26364e-05
     4.51537   0.0319242 6.55943e-05
     4.90801   0.0131519 4.70187e-05
     5.30065  0.00559254 2.95292e-05
     5.69329  0.00407314 2.45317e-05
     6.08593  0.00130422 1.66163e-05
     6.47857 0.000177193 2.57104e-06
     6.87121 3.07876e-05 5.10737e-07
     7.26385           0           0
     7.65649           0           0
     8.04913           0           0
     8.44177           0           0
     8.83441           0           0
     9.22705           0           0
      9.6197           0           0
     10.0123           0           0
      10.405           0           0
     10.7976           0           0
     11.1903           0           0
     11.5829           0           0

     0.19632   0.0111253 2.99284e-05
    0.588961   0.0834912 0.000103038
    0.981602    0.201944 0.000108618
     1.37424    0.321029 0.000211482
     1.76688    0.380773 0.000214907
     2.15952    0.409151 0.000205489
     2.55216    0.371065 0.000196885
      2.9448    0.297464 0.000178099
     3.33745    0.202661 0.000173344
     3.73009    0.136158 0.000117956
     4.12273   0.0750026 7.11143e-05
     4.51537   0.0321436 6.40252e-05
     4.90801   0.0129908 4.59011e-05
     5.30065  0.00589997 2.96077e-05
     5.69329  0.00405196 2.38738e-05
     6.08593  0.00139357 1.63002e-05
     6.47857 0.000437223  6.5455e-06
     6.87121 7.55262e-05 1.15323e-06
     7.26385           0           0
     7.65649           0           0
     8.04913           0           0
     8.44177           0           0
     8.83441           0           0
     9.22705           0           0
      9.6197           0           0
     10.0123           0           0
      10.405           0           0
     10.7976           0           0
     11.1903           0           0
     11.5829           0           0

     0.19632   0.0109138 2.95534e-05
    0.588961   0.0831449 0.000100649
    0.981602    0.202973 0.000108437
     1.37424    0.320831 0.000205968
     1.76688    0.380161 0.000209735
     2.15952    0.410611 0.000202943
     2.55216    0.371919  0.00019273
      2.9448    0.296128 0.000176179
     3.33745    0.202454 0.000168851
     3.73009    0.135677 0.000115398
     4.12273   0.0743159 7.10626e-05
     4.51537   0.0326468 6.34308e-05
     4.90801   0.0131727 4.48932e-05
     5.30065  0.00587627 2.88338e-05
     5.69329  0.00417774 2.34291e-05
     6.08593   0.0013569 1.58942e-05
     6.47857 0.000425718 6.37887e-06
     6.87121 7.35387e-05 1.12383e-06
     7.26385           0           0
     7.65649           0           0
     8.04913           0           0
     8.44177           0           0
     8.83441           0           0
     9.22705           0           0
      9.6197           0           0
     10.0123           0           0
      10.405           0           0
     10.7976           0           0
     11.1903           0           0
     11.5829           0           0

     0.19632   0.0108069 2.89029e-05
    0.588961   0.0818166 0.000102827
    0.981602    0.201917 0.000108478
     1.37424    0.320876  0.00020069
     1.76688    0.383299  0.00021702
     2.15952    0.409848 0.000198535
     2.55216    0.373763 0.000192632
      2.9448    0.296555 0.000171949
     3.33745    0.201559 0.000165836
     3.73009    0.135396 0.000112629
     4.12273   0.0735611 7.14353e-05
     4.51537   0.0320468 6.33631e-05
     4.90801    0.013205 4.37485e-05
     5.30065  0.00573769  2.8279e-05
     5.69329  0.00461845 2.50274e-05
     6.08593  0.00136564  1.5488e-05
     6.47857 0.000414802  6.2205e-06
     6.87121 7.16531e-05  1.0959e-06
     7.26385           0           0
     7.65649           0           0
     8.04913           0           0
     8.44177           0           0
     8.83441           0           0
     9.22705           0           0
      9.6197           0           0
     10.0123           0           0
      10.405           0           0
     10.7976           0           0
     11.1903           0           0
     11.5829           0           0

     0.19632   0.0105379 2.88681e-05
    0.588961   0.0807581 0.000103242
    0.981602    0.201733 0.000105852
     1.37424    0.320589 0.000195787
     1.76688    0.386411 0.000223652
     2.15952    0.408209 0.000197297
     2.55216     0.37368 0.000187826
      2.9448    0.297695 0.000169738
     3.33745    0.201163 0.000161952
     3.73009    0.134913 0.000110387
     4.12273   0.0738439 6.99599e-05
     4.51537   0.0323183 6.21017e-05
     4.90801   0.0130317 4.28453e-05
     5.30065  0.00559631 2.77679e-05
     5.69329  0.00457167  2.4426e-05
     6.08593  0.00133297   1.512e-05
     6.47857 0.000404432 6.06979e-06
     6.87121 6.98617e-05 1.06931e-06
     7.26385           0           0
     7.65649           0           0
     8.04913           0           0
     8.44177           0           0
     8.83441           0           0
     9.22705           0           0
      9.6197           0           0
     10.0123           0           0
      10.405           0           0
     10.7976           0           0
     11.1903           0           0
     11.5829           0           0

     0.19632   0.0108469 2.90688e-05
    0.588961   0.0809574 0.000100831
    0.981602    0.200727 0.000105896
     1.37424    0.319695 0.000192142
     1.76688    0.386618 0.000218251
     2.15952    0.409148 0.000193724
     2.55216    0.374431 0.000184079
      2.9448    0.296308 0.000168717
     3.33745    0.201741 0.000158574
     3.73009    0.135759 0.000109482
     4.12273   0.0730534 7.06935e-05
     4.51537   0.0327623 6.14636e-05
     4.90801   0.0131013 4.18316e-05
     5.30065  0.00548483 2.72148e-05
     5.69329  0.00446017 2.39714e-05
     6.08593  0.00130046 1.47706e-05
     6.47857 0.000394567  5.9262e-06
     6.87121 6.81578e-05 1.04399e-06
     7.26385           0           0
     7.65649           0           0
     8.04913           0           0
     8.44177           0           0
     8.83441           0           0
     9.22705           0           0
      9.6197           0           0
     10.0123           0           0
      10.405           0           0
     10.7976           0           0
     11.1903           0           0
     11.5829           0           0

     0.19632   0.0106998 2.85828e-05
    0.588961   0.0805506 9.88854e-05
    0.981602    0.200558  0.00010345
     1.37424    0.319667 0.000187568
     1.76688    0.389071 0.000220586
     2.15952    0.408854 0.000189236
     2.55216    0.374246 0.000179748
      2.9448    0.295012 0.000167448
     3.33745    0.201494 0.000154905
     3.73009    0.135821 0.000106885
     4.12273   0.0723917 7.07111e-05
     4.51537   0.0330075 6.02715e-05
     4.90801    0.013985 4.57331e-05
     5.30065  0.00542583 2.66024e-05
     5.69329  0.00435397 2.35311e-05
     6.08593   0.0012695  1.4437e-05
     6.47857 0.000385173 5.78924e-06
     6.87121  6.6535e-05 1.01983e-06
     7.26385           0           0
     7.65649           0           0
     8.04913           0           0
     8.44177           0           0
     8.83441           0           0
     9.22705           0           0
      9.6197           0           0
     10.0123           0           0
      10.405           0           0
     10.7976           0           0
     11.1903           0           0
     11.5829           0           0

     0.19632   0.0105689 2.80844e-05
    0.588961   0.0805433 9.65859e-05
    0.981602    0.200409 0.000101103
     1.37424    0.318273 0.000186065
     1.76688    0.388621  0.00021571
     2.15952    0.411518 0.000194984
     2.55216    0.375334 0.000177391
      2.9448    0.293773 0.000166081
     3.33745    0.199834 0.000156172
     3.73009    0.136533 0.000105709
     4.12273   0.0734424 7.32786e-05
     4.51537   0.0327275 5.92306e-05
     4.90801   0.0137969 4.48842e-05
     5.30065  0.00554945  2.6143e-05
     5.69329  0.00425272 2.31047e-05
     6.08593  0.00123998  1.4118e-05
     6.47857 0.000376215 5.65846e-06
     6.87121 6.49877e-05 9.96767e-07
     7.26385           0           0
     7.65649           0           0
     8.04913           0           0
     8.44177           0           0
     8.83441           0           0
     9.22705           0           0
      9.6197           0           0
     10.0123           0           0
      10.405           0           0
     10.7976           0           0
     11.1903           0           0
     11.5829           0           0

     0.19632   0.0105457 2.74514e-05
    0.588961   0.0805101 9.43939e-05
    0.981602     0.20171 0.000103354
     1.37424    0.317959 0.000181983
     1.76688    0.390076 0.000213519
     2.15952    0.411442  0.00019056
     2.55216    0.375085 0.000173457
      2.9448    0.290785 0.000176629
     3.33745    0.199942 0.000152644
     3.73009    0.136044 0.000103933
     4.12273   0.0735561 7.16623e-05
     4.51537   0.0336347 6.16271e-05
     4.90801   0.0142652 4.52028e-05
     5.30065  0.00550372  2.5571e-05
     5.69329  0.00415606 2.26917e-05
     6.08593  0.00121179 1.38128e-05
     6.47857 0.000367665 5.53345e-06
     6.87121 6.35107e-05 9.74721e-07
     7.26385           0           0
     7.65649           0           0
     8.04913           0           0
     8.44177           0           0
     8.83441           0           0
     9.22705           0           0
      9.6197           0           0
     10.0123           0           0
      10.405           0           0
     10.7976           0           0
     11.1903           0           0
     11.5829           0           0

     0.19632   0.0105338 2.68428e-05
    0.588961   0.0825148  0.00010346
    0.981602    0.202468 0.000102592
     1.37424    0.317258 0.000178688
     1.76688    0.388861 0.000210689
     2.15952    0.411629 0.000186376
     2.55216    0.374708 0.000169831
      2.9448    0.289806 0.000174204
     3.33745    0.199409 0.000149769
     3.73009    0.136048 0.000101624
     4.12273   0.0733231 7.02801e-05
     4.51537   0.0346902 6.50908e-05
     4.90801   0.0145289 4.46238e-05
     5.30065  0.00541076 2.50966e-05
     5.69329  0.00406371 2.22917e-05
     6.08593  0.00118487 1.35204e-05
     6.47857 0.000359495 5.41384e-06
     6.87121 6.20993e-05 9.53629e-07
     7.26385           0           0
     7.65649           0           0
     8.04913           0           0
     8.44177           0           0
     8.83441           0           0
     9.22705           0           0
      9.6197           0           0
     10.0123           0           0
      10.405           0           0
     10.7976           0           0
     11.1903           0           0
     11.5829           0           0

     0.19632   0.0106545 2.64096e-05
    0.588961   0.0827954 0.000101422
    0.981602    0.203576 0.000103634
     1.37424    0.317613    0.000175
     1.76688    0.386719 0.000212074
     2.15952    0.411479 0.000182358
     2.55216    0.374084 0.000166774
      2.9448      0.2904 0.000170978
     3.33745    0.200331 0.000148083
     3.73009    0.136229 9.95041e-05
     4.12273   0.0725509 7.10723e-05
     4.51537   0.0345889 6.37196e-05
     4.90801   0.0147101 4.38578e-05
     5.30065  0.00558125 2.48709e-05
     5.69329  0.00397536 2.19043e-05
     6.08593  0.00115911 1.32401e-05
     6.47857  0.00035168 5.29928e-06
     6.87121 6.07493e-05 9.33429e-07
     7.26385           0           0
     7.65649           0           0
     8.04913           0           0
     8.44177           0           0
     8.83441           0           0
     9.22705           0           0
      9.6197           0           0
     10.0123           0           0
      10.405           0           0
     10.7976           0           0
     11.1903           0           0
     11.5829           0           0

     0.19632   0.0104519 2.62763e-05
    0.588961   0.0827333 9.92746e-05
    0.981602    0.202674 0.000103588
     1.37424    0.318744 0.000173297
     1.76688    0.386587 0.000207585
     2.15952    0.411228 0.000178574
     2.55216     0.37343 0.000163937
      2.9448    0.291416 0.000169013
     3.33745    0.200989 0.000145743
     3.73009    0.135467 9.89986e-05
     4.12273   0.0723845 6.96683e-05
     4.51537   0.0351633 6.37872e-05
     4.90801   0.0145456 4.30958e-05
     5.30065  0.00559396 2.43436e-05
     5.69329  0.00391311 2.14874e-05
     6.08593  0.00113445 1.29712e-05
     6.47857 0.000344197 5.18947e-06
     6.87121 5.94568e-05 9.14066e-07
     7.26385           0           0
     7.65649           0           0
     8.04913           0           0
     8.44177           0           0
     8.83441           0           0
     9.22705           0           0
      9.6197           0           0
     10.0123           0           0
      10.405           0           0
     10.7976           0           0
     11.1903           0           0
     11.5829           0           0

     0.19632   0.0103216 2.59079e-05
    0.588961   0.0843195 0.000104015
    0.981602    0.203691 0.000104166
     1.37424    0.318381 0.000169897
     1.76688     0.38535 0.000205297
     2.15952    0.408363   0.0001872
     2.55216    0.375323 0.000166484
      2.9448    0.291116 0.000165639
     3.33745    0.200404 0.000143359
     3.73009    0.135933 9.75442e-05
     4.12273   0.0727441 6.87312e-05
     4.51537    0.035839 6.44179e-05
     4.90801   0.0142588 4.27254e-05
     5.30065  0.00547742  2.3991e-05
     5.69329  0.00383159 2.11255e-05
     6.08593  0.00111081 1.27129e-05
     6.47857 0.000337026 5.08411e-06
     6.87121 5.82181e-05  8.9549e-07
     7.26385           0           0
     7.65649           0           0
     8.04913           0           0
     8.44177           0           0
     8.83441           0           0
     9.22705           0           0
      9.6197           0           0
     10.0123           0           0
      10.405           0           0
     10.7976           0           0
     11.1903           0           0
     11.5829           0           0

     0.19632   0.0102986 2.53848e-05
    0.588961   0.0842879 0.000101895
    0.981602    0.205702  0.00011232
     1.37424    0.317492 0.000167718
     1.76688    0.385933 0.000201567
     2.15952    0.406918 0.000186455
     2.55216    0.374117 0.000165494
      2.9448     0.29156  0.00016259
     3.33745    0.200108 0.000140602
     3.73009    0.135858 9.55694e-05
     4.12273   0.0740581 7.39844e-05
     4.51537   0.0356794 6.32132e-05
     4.90801   0.0142512 4.18539e-05
     5.30065  0.00536563 2.36458e-05
     5.69329  0.00375339 2.07747e-05
     6.08593  0.00108814 1.24647e-05
     6.47857 0.000330148 4.98294e-06
     6.87121   5.703e-05 8.77653e-07
     7.26385           0           0
     7.65649           0           0
     8.04913           0           0
     8.44177           0           0
     8.83441           0           0
     9.22705           0           0
      9.6197           0           0
     10.0123           0           0
      10.405           0           0
     10.7976           0           0
     11.1903           0           0
     11.5829           0           0

     0.19632   0.0102403 2.49144e-05
    0.588961   0.0835101 0.000101495
    0.981602    0.206633 0.000112201
     1.37424    0.317791 0.000164511
     1.76688     0.38746 0.000200728
     2.15952    0.407593 0.000183405
     2.55216    0.371817 0.000170846
      2.9448    0.291082 0.000159729
     3.33745    0.199948 0.000137841
     3.73009    0.134957 9.59914e-05
     4.12273   0.0746682 7.38903e-05
     4.51537   0.0360321  6.2494e-05
     4.90801   0.0143629 4.10995e-05
     5.30065  0.00556135  2.3619e-05
     5.69329  0.00374695 2.03598e-05
     6.08593  0.00107581 1.22188e-05
     6.47857 0.000323545 4.88571e-06
     6.87121 5.58894e-05 8.60512e-07
     7.26385           0           0
     7.65649           0           0
     8.04913           0           0
     8.44177           0           0
     8.83441           0           0
     9.22705           0           0
      9.6197           0           0
     10.0123           0           0
      10.405           0           0
     10.7976           0           0
     11.1903           0           0
     11.5829           0           0

