#     BLOCK:   ACTUAL_M:     M_AVE:       ERROR:
           1        0.44        0.44           0
           2        0.16         0.3   0.0989949
           3        0.32    0.306667   0.0662207
           4         0.2        0.28   0.0547723
           5        0.16       0.256   0.0487934
           6        0.24    0.253333    0.040734
           7        0.16        0.24   0.0370328
           8        0.04       0.215   0.0399609
           9        0.16    0.208889   0.0359851
          10        0.16       0.204    0.032717
          11        0.24    0.207273   0.0299059
          12         0.2    0.206667   0.0274199
          13        0.32    0.215385   0.0266606
          14        0.52    0.237143   0.0324419
          15        0.56    0.258667   0.0367317
          16        0.56      0.2775   0.0389661
          17         0.6    0.296471   0.0410329
          18        0.48    0.306667        0.04
          19        0.48    0.315789   0.0389212
          20        0.56       0.328   0.0388433
          21        0.64    0.342857   0.0397335
          22        0.64    0.356364   0.0401575
          23        0.52    0.363478   0.0390366
          24        0.44    0.366667   0.0375401
          25         0.4       0.368   0.0360622
          26        0.36    0.367692   0.0346765
          27        0.36    0.367407   0.0333933
          28        0.32    0.365714   0.0322436
          29        0.24    0.361379   0.0314218
          30        0.28    0.358667   0.0304913
          31        0.44     0.36129   0.0296204
          32        0.36     0.36125   0.0286947
          33        0.44    0.363636   0.0279243
          34        0.48    0.367059   0.0273119
          35        0.56    0.372571   0.0270822
          36        0.56    0.377778   0.0268257
          37        0.64    0.384865   0.0270206
          38         0.6    0.390526   0.0268961
          39        0.44    0.391795   0.0262363
          40         0.4       0.392   0.0255812
          41        0.44    0.393171   0.0249841
          42        0.48    0.395238   0.0244746
          43         0.4    0.395349   0.0239057
          44         0.4    0.395455   0.0233626
          45        0.36    0.394667   0.0228567
          46        0.44    0.395652   0.0223811
          47        0.52    0.398298   0.0220607
          48        0.44    0.399167   0.0216182
          49        0.36    0.398367   0.0211918
          50        0.44      0.3992   0.0207843
          51        0.48    0.400784   0.0204371
          52        0.48    0.402308   0.0201007
          53        0.52    0.404528   0.0198438
          54        0.48    0.405926   0.0195254
          55        0.48    0.407273   0.0192168
          56         0.4    0.407143   0.0188741
          57        0.36    0.406316   0.0185611
          58        0.32    0.404828   0.0183006
          59        0.32     0.40339   0.0180468
          60        0.36    0.402667   0.0177605
          61        0.32    0.401311    0.017521
          62        0.32         0.4   0.0172874
          63        0.32     0.39873   0.0170596
          64        0.32      0.3975   0.0168373
          65        0.44    0.398154    0.016591
          66        0.44    0.398788   0.0163517
          67         0.4    0.398806   0.0161077
          68        0.32    0.397647   0.0159124
          69        0.32    0.396522   0.0157216
          70        0.24    0.394286   0.0156552
          71        0.24    0.392113   0.0155848
          72        0.32    0.391111   0.0154005
          73        0.32    0.390137   0.0152203
          74        0.36     0.38973     0.01502
          75        0.24    0.387733   0.0149519
          76        0.28    0.386316   0.0148222
          77         0.4    0.386494   0.0146307
          78        0.44    0.387179   0.0144592
          79        0.36    0.386835   0.0142803
          80        0.36      0.3865   0.0141057
          81        0.36    0.386173   0.0139354
          82         0.4    0.386341   0.0137665
          83        0.48     0.38747   0.0136468
          84        0.52    0.389048   0.0135752
          85        0.64       0.392   0.0137328
          86        0.68    0.395349   0.0139755
          87        0.76     0.39954   0.0144297
          88        0.64    0.402273   0.0145221
          89        0.68    0.405393   0.0146904
          90        0.72    0.408889   0.0149373
          91        0.76    0.412747   0.0152633
          92        0.72    0.416087   0.0154585
          93         0.8    0.420215   0.0158338
          94        0.88    0.425106   0.0164035
          95           1    0.431158   0.0173111
          96           1    0.437083   0.0181166
          97           1    0.442887   0.0188364
          98           1    0.448571   0.0194831
          99           1    0.454141   0.0200667
         100           1      0.4596   0.0205951
         101           1     0.46495   0.0210748
         102           1    0.470196   0.0215111
         103           1     0.47534   0.0219086
         104           1    0.480385   0.0222712
         105           1    0.485333   0.0226022
         106           1    0.490189   0.0229045
         107           1    0.494953   0.0231807
         108           1     0.49963    0.023433
         109           1     0.50422   0.0236634
         110           1    0.508727   0.0238737
         111           1    0.513153   0.0240653
         112           1      0.5175   0.0242399
         113           1     0.52177   0.0243985
         114           1    0.525965   0.0245425
         115           1    0.530087   0.0246728
         116           1    0.534138   0.0247905
         117           1     0.53812   0.0248963
         118           1    0.542034   0.0249911
         119           1    0.545882   0.0250757
         120           1    0.549667   0.0251506
         121           1    0.553388   0.0252166
         122           1    0.557049   0.0252743
         123           1     0.56065   0.0253241
         124           1    0.564194   0.0253665
         125           1     0.56768    0.025402
         126           1    0.571111   0.0254311
         127           1    0.574488   0.0254541
         128           1    0.577812   0.0254714
         129           1    0.581085   0.0254833
         130           1    0.584308   0.0254902
         131           1    0.587481   0.0254924
         132           1    0.590606   0.0254901
         133           1    0.593684   0.0254836
         134           1    0.596716   0.0254732
         135           1    0.599704   0.0254591
         136           1    0.602647   0.0254414
         137           1    0.605547   0.0254205
         138           1    0.608406   0.0253965
         139           1    0.611223   0.0253696
         140           1       0.614   0.0253399
         141           1    0.616738   0.0253076
         142           1    0.619437   0.0252729
         143           1    0.622098   0.0252359
         144           1    0.624722   0.0251967
         145           1     0.62731   0.0251555
         146           1    0.629863   0.0251124
         147           1    0.632381   0.0250675
         148           1    0.634865   0.0250209
         149           1    0.637315   0.0249727
         150           1    0.639733    0.024923
         151           1    0.642119   0.0248719
         152           1    0.644474   0.0248194
         153           1    0.646797   0.0247657
         154           1    0.649091   0.0247109
         155           1    0.651355    0.024655
         156           1     0.65359    0.024598
         157           1    0.655796   0.0245401
         158        0.96    0.657722   0.0244602
         159        0.96    0.659623   0.0243801
         160        0.96      0.6615   0.0242999
         161        0.96    0.663354   0.0242196
         162        0.92    0.664938   0.0241219
         163        0.88    0.666258   0.0240099
         164        0.88    0.667561   0.0238989
         165         0.8    0.668364   0.0237675
         166        0.76    0.668916   0.0236307
         167        0.76    0.669461   0.0234955
         168        0.72    0.669762   0.0233576
         169        0.68    0.669822   0.0232195
         170        0.64    0.669647   0.0230836
         171        0.64    0.669474   0.0229492
         172         0.6     0.66907   0.0228193
         173        0.56    0.668439   0.0226961
         174        0.52    0.667586   0.0225817
         175        0.48    0.666514   0.0224781
         176        0.64    0.666364   0.0223509
         177        0.56    0.665763   0.0222327
         178         0.6    0.665393   0.0221109
         179        0.52    0.664581   0.0220023
         180        0.48    0.663556   0.0219039
         181        0.56    0.662983   0.0217904
         182        0.56    0.662418    0.021678
         183        0.48    0.661421   0.0215824
         184        0.52    0.660652   0.0214788
         185         0.4    0.659243   0.0214089
         186         0.4    0.657849   0.0213391
         187        0.36    0.656257   0.0212843
         188        0.28    0.654255    0.021265
         189        0.24    0.652063   0.0212652
         190        0.36    0.650526   0.0212087
         191        0.36    0.649005   0.0211522
         192        0.52    0.648333   0.0210527
         193        0.52    0.647668   0.0209541
         194        0.52     0.64701   0.0208564
         195        0.44    0.645949   0.0207764
         196        0.48    0.645102   0.0206877
         197         0.4    0.643858   0.0206201
         198        0.44    0.642828   0.0205416
         199        0.36    0.641407   0.0204875
         200        0.36        0.64   0.0204333
         201         0.4    0.638806   0.0203665
         202         0.4    0.637624      0.0203
         203        0.44     0.63665   0.0202233
         204         0.4     0.63549   0.0201574
         205         0.4    0.634341   0.0200918
         206        0.36     0.63301   0.0200383
         207        0.44    0.632077   0.0199632
         208        0.44    0.631154   0.0198886
         209        0.44    0.630239   0.0198144
         210        0.52    0.629714    0.019727
         211        0.56    0.629384   0.0196363
         212        0.56    0.629057   0.0195464
         213        0.48    0.628357   0.0194672
         214         0.4     0.62729   0.0194054
         215        0.24    0.625488   0.0193986
         216        0.16    0.623333   0.0194281
         217        0.16    0.621198   0.0194556
         218        0.04    0.618532   0.0195481
         219        0.08    0.616073   0.0196129
         220        0.08    0.613636   0.0196746
         221        0.04    0.611041    0.019756
         222       -0.12    0.607748   0.0199396
         223       -0.12    0.604484   0.0201155
         224       -0.08    0.601429   0.0202564
         225           0    0.598756    0.020342
         226       -0.08    0.595752   0.0204725
         227       -0.12    0.592599   0.0206237
         228           0        0.59   0.0206964
         229        0.08    0.587773   0.0207255
         230       -0.08     0.58487   0.0208377
         231       -0.08    0.581991   0.0209454
         232       -0.12    0.578966   0.0210725
         233       -0.16    0.575794   0.0212194
         234       -0.32    0.571966   0.0214712
         235       -0.32     0.56817   0.0217128
         236       -0.28    0.564576   0.0219162
         237       -0.28    0.561013   0.0221115
         238        -0.2    0.557815   0.0222486
         239       -0.24    0.554477   0.0224046
         240       -0.36    0.550667   0.0226329
         241       -0.36    0.546888   0.0228522
         242       -0.44     0.54281   0.0231188
         243        -0.4     0.53893    0.023347
         244       -0.48    0.534754   0.0236218
         245       -0.56    0.530286   0.0239443
         246        -0.6    0.525691   0.0242838
         247        -0.6    0.521134   0.0246094
         248       -0.52    0.516935   0.0248657
         249        -0.6     0.51245   0.0251672
         250       -0.64     0.50784   0.0254852
         251       -0.64    0.503267   0.0257907
         252       -0.56    0.499048   0.0260312
         253        -0.6    0.494704   0.0262883
         254        -0.6    0.490394   0.0265357
         255       -0.56    0.486275   0.0267495
         256       -0.56    0.482187   0.0269554
         257       -0.56    0.478132   0.0271538
         258       -0.52    0.474264   0.0273228
         259       -0.48    0.470579   0.0274646
         260       -0.44    0.467077   0.0275813
         261       -0.44    0.463602   0.0276938
         262        -0.4    0.460305   0.0277835
         263        -0.4    0.457034   0.0278698
         264        -0.4    0.453788   0.0279526
         265        -0.4    0.450566   0.0280322
         266        -0.4    0.447368   0.0281086
         267        -0.4    0.444195   0.0281819
         268        -0.4    0.441045   0.0282523
         269       -0.44     0.43777   0.0283365
         270       -0.44    0.434519   0.0284174
         271       -0.44    0.431292   0.0284952
         272        -0.4    0.428235   0.0285538
         273       -0.44    0.425055   0.0286258
         274       -0.44    0.421898   0.0286949
         275       -0.36    0.419055   0.0287311
         276       -0.28    0.416522   0.0287384
         277       -0.28    0.414007   0.0287445
         278       -0.28    0.411511   0.0287493
         279       -0.28    0.409032   0.0287529
         280       -0.32    0.406429   0.0287678
         281       -0.28    0.403986    0.028769
         282       -0.28     0.40156    0.028769
         283       -0.28    0.399152    0.028768
         284       -0.28    0.396761   0.0287659
         285       -0.24    0.394526   0.0287516
         286       -0.16    0.392587   0.0287164
         287       -0.16    0.390662   0.0286808
         288       -0.16     0.38875   0.0286449
         289       -0.12     0.38699   0.0285998
         290       -0.16    0.385103   0.0285633
         291       -0.16     0.38323   0.0285265
         292       -0.12    0.381507   0.0284808
         293       -0.16    0.379659   0.0284435
         294       -0.08    0.378095   0.0283897
         295       -0.04    0.376678   0.0283288
         296       -0.08    0.375135   0.0282751
         297        -0.2    0.373199   0.0282461
         298       -0.24    0.371141   0.0282262
         299        -0.2    0.369231   0.0281964
         300       -0.24      0.3672   0.0281754
         301       -0.24    0.365183   0.0281539
         302        -0.2    0.363311   0.0281228
         303        -0.2    0.361452   0.0280914
         304       -0.16    0.359737   0.0280513
         305       -0.12    0.358164   0.0280034
         306       -0.12    0.356601   0.0279555
         307       -0.16    0.354919    0.027915
         308       -0.16    0.353247   0.0278744
         309       -0.04    0.351974   0.0278132
         310       -0.12    0.350452   0.0277651
         311        -0.2    0.348682   0.0277322
         312       -0.12    0.347179    0.027684
         313       -0.12    0.345687   0.0276357
         314       -0.08    0.344331    0.027581
         315       -0.04    0.343111   0.0275204
         316       -0.04    0.341899     0.02746
         317       -0.12    0.340442    0.027412
         318       -0.08    0.339119   0.0273577
         319       -0.04    0.337931   0.0272977
         320        0.04       0.337   0.0272283
         321           0     0.33595   0.0271637
         322        0.04    0.335031   0.0270949
         323           0    0.333994   0.0270308
         324       -0.04     0.33284    0.026972
         325       -0.04    0.331692   0.0269134
         326       -0.08    0.330429   0.0268605
         327       -0.08    0.329174   0.0268076
         328       -0.04    0.328049   0.0267495
         329       -0.08    0.326809    0.026697
         330       -0.12    0.325455   0.0266504
         331       -0.12    0.324109   0.0266038
         332       -0.08    0.322892   0.0265515
         333       -0.12    0.321562   0.0265051
         334       -0.16     0.32012   0.0264649
         335        -0.2    0.318567   0.0264314
         336       -0.28    0.316786   0.0264127
         337       -0.32    0.314896   0.0264018
         338       -0.32    0.313018   0.0263905
         339       -0.24    0.311386    0.026363
         340        -0.2    0.309882   0.0263283
         341        -0.2    0.308387   0.0262935
         342        -0.2    0.306901   0.0262586
         343       -0.24    0.305306   0.0262304
         344       -0.28    0.303605   0.0262093
         345       -0.24    0.302029   0.0261807
         346       -0.32    0.300231   0.0261667
         347       -0.36    0.298329   0.0261603
         348       -0.32    0.296552   0.0261454
         349       -0.28      0.2949   0.0261226
         350       -0.24    0.293371   0.0260927
         351       -0.12    0.292194   0.0260449
         352       -0.24    0.290682   0.0260148
         353       -0.28    0.289065   0.0259912
         354       -0.24    0.287571   0.0259608
         355       -0.32    0.285859    0.025944
         356       -0.36    0.284045   0.0259345
         357       -0.28    0.282465   0.0259099
         358       -0.24    0.281006   0.0258786
         359       -0.24    0.279554   0.0258472
         360        -0.2    0.278222   0.0258097
         361       -0.16    0.277008   0.0257667
         362       -0.24     0.27558   0.0257351
         363        -0.2     0.27427   0.0256975
         364       -0.12    0.273187   0.0256497
         365       -0.16       0.272   0.0256069
         366       -0.08    0.271038    0.025555
         367           0      0.2703    0.025496
         368       -0.08    0.269348   0.0254445
         369       -0.12    0.268293   0.0253974
         370       -0.12    0.267243   0.0253505
         371       -0.12    0.266199   0.0253036
         372       -0.08    0.265269   0.0252527
         373       -0.12    0.264236   0.0252061
         374        -0.2    0.262995   0.0251693
         375       -0.28    0.261547   0.0251438
         376       -0.32        0.26   0.0251244
         377       -0.28    0.258568   0.0250986
         378       -0.36    0.256931   0.0250855
         379       -0.36    0.255303    0.025072
         380       -0.36    0.253684   0.0250583
         381       -0.36    0.252073   0.0250442
         382       -0.28    0.250681   0.0250174
         383       -0.24    0.249399   0.0249848
         384        -0.2    0.248229   0.0249472
         385        -0.2    0.247065   0.0249095
         386        -0.2    0.245907   0.0248719
         387       -0.12    0.244961   0.0248256
         388       -0.12    0.244021   0.0247794
         389       -0.12    0.243085   0.0247334
         390       -0.08    0.242256   0.0246838
         391       -0.12     0.24133   0.0246381
         392       -0.12    0.240408   0.0245925
         393       -0.08    0.239593   0.0245434
         394       -0.08    0.238782   0.0244945
         395       -0.08    0.237975   0.0244458
         396       -0.08    0.237172   0.0243972
         397       -0.08    0.236373   0.0243489
         398           0    0.235779   0.0242949
         399        0.04    0.235288    0.024239
         400       -0.04      0.2346   0.0241882
         401       -0.16    0.233616   0.0241478
         402       -0.12    0.232736   0.0241038
         403       -0.12    0.231861   0.0240599
         404       -0.04    0.231188   0.0240097
         405       -0.04    0.230519   0.0239598
         406       -0.08    0.229754    0.023913
         407       -0.16    0.228796   0.0238734
         408       -0.32    0.227451   0.0238527
         409       -0.32    0.226112   0.0238319
         410       -0.28    0.224878   0.0238058
         411        -0.2    0.223844   0.0237703
         412        -0.2    0.222816   0.0237348
         413        -0.2    0.221792   0.0236994
         414       -0.24    0.220676   0.0236684
         415       -0.24    0.219566   0.0236374
         416        -0.2    0.218558   0.0236021
         417       -0.24    0.217458   0.0235711
         418       -0.32    0.216172   0.0235497
         419        -0.2    0.215179   0.0235145
         420        -0.2     0.21419   0.0234793
         421       -0.24    0.213112   0.0234483
         422       -0.24    0.212038   0.0234173
         423        -0.2    0.211064   0.0233822
         424        -0.2    0.210094   0.0233471
         425       -0.08    0.209412   0.0233021
         426       -0.08    0.208732   0.0232573
         427        -0.2    0.207775   0.0232226
         428        -0.2    0.206822   0.0231878
         429       -0.28    0.205688   0.0231615
         430       -0.28    0.204558   0.0231352
         431       -0.32    0.203341   0.0231135
         432       -0.36    0.202037   0.0230968
         433       -0.36    0.200739   0.0230799
         434       -0.32    0.199539   0.0230579
         435       -0.36    0.198253   0.0230407
         436       -0.32    0.197064   0.0230185
         437       -0.32    0.195881   0.0229962
         438       -0.28    0.194795   0.0229694
         439       -0.32    0.193622    0.022947
         440       -0.32    0.192455   0.0229245
         441        -0.2    0.191565   0.0228898
         442       -0.24    0.190588   0.0228588
         443       -0.24    0.189616   0.0228278
         444        -0.2    0.188739   0.0227933
         445       -0.24    0.187775   0.0227624
         446       -0.24    0.186816   0.0227316
         447       -0.24    0.185861   0.0227008
         448       -0.16    0.185089   0.0226632
         449        -0.2    0.184232    0.022629
         450       -0.28      0.1832   0.0226022
         451       -0.36    0.181996   0.0225841
         452        -0.4    0.180708   0.0225709
         453        -0.4    0.179426   0.0225574
         454       -0.52    0.177885   0.0225603
         455       -0.52    0.176352   0.0225628
         456       -0.48    0.174912   0.0225591
         457       -0.56    0.173304    0.022567
         458       -0.56    0.171703   0.0225745
         459        -0.6    0.170022   0.0225878
         460       -0.56    0.168435   0.0225944
         461        -0.6    0.166768   0.0226068
         462       -0.56    0.165195   0.0226125
         463       -0.52    0.163715   0.0226121
         464       -0.44    0.162414   0.0226007
         465       -0.36     0.16129     0.02258
         466       -0.24    0.160429    0.022548
         467        -0.2    0.159657   0.0225129
         468        -0.2    0.158889   0.0224779
         469       -0.32    0.157868   0.0224532
         470        -0.4    0.156681   0.0224368
         471       -0.44    0.155414   0.0224249
         472        -0.4    0.154237   0.0224082
         473        -0.4    0.153066   0.0223914
         474       -0.36    0.151983   0.0223703
         475       -0.48    0.150653   0.0223628
         476       -0.48    0.149328    0.022355
         477       -0.52    0.147925   0.0223521
         478       -0.52    0.146527    0.022349
         479       -0.56    0.145052    0.022351
         480       -0.52    0.143667   0.0223473
         481       -0.52    0.142287   0.0223434
         482       -0.48    0.140996   0.0223343
         483       -0.44    0.139793   0.0223205
         484       -0.48    0.138512    0.022311
         485       -0.32    0.137567   0.0222851
         486       -0.36    0.136543   0.0222627
         487        -0.4    0.135441   0.0222442
         488       -0.44    0.134262   0.0222299
         489       -0.44    0.133088   0.0222154
         490       -0.52    0.131755     0.02221
         491        -0.6    0.130265   0.0222147
         492        -0.6     0.12878   0.0222191
         493       -0.64    0.127221   0.0222287
         494        -0.6    0.125749   0.0222324
         495       -0.56    0.124364   0.0222306
         496        -0.6    0.122903   0.0222337
         497       -0.64    0.121368   0.0222419
         498       -0.56        0.12   0.0222393
         499       -0.52    0.118717   0.0222317
         500       -0.56     0.11736   0.0222286
         501       -0.56    0.116008   0.0222253
         502       -0.64    0.114502    0.022232
         503        -0.6    0.113082   0.0222331
         504        -0.6    0.111667    0.022234
         505       -0.68    0.110099   0.0222452
         506       -0.68    0.108538   0.0222559
         507       -0.64    0.107061    0.022261
         508       -0.72    0.105433   0.0222766
         509       -0.64    0.103969   0.0222809
         510       -0.64     0.10251   0.0222849
         511       -0.56    0.101213    0.022279
         512       -0.64   0.0997656   0.0222825
         513        -0.6   0.0984016   0.0222808
         514        -0.6   0.0970428   0.0222788
         515        -0.6   0.0956893   0.0222766
         516        -0.6   0.0943411   0.0222742
         517       -0.68   0.0928433   0.0222814
         518       -0.56    0.091583    0.022274
         519        -0.4   0.0906358   0.0222512
         520       -0.48   0.0895385   0.0222355
         521       -0.36   0.0886756   0.0222095
         522       -0.32   0.0878927   0.0221808
         523       -0.28   0.0871893   0.0221495
         524       -0.24   0.0865649   0.0221161
         525       -0.16   0.0860952   0.0220789
         526       -0.12   0.0857034   0.0220404
         527       -0.04   0.0854649   0.0219999
         528       -0.12   0.0850758   0.0219617
         529       -0.16   0.0846125    0.021925
         530       -0.24       0.084   0.0218922
         531       -0.24   0.0833898   0.0218595
         532       -0.28   0.0827068   0.0218291
         533       -0.32   0.0819512   0.0218012
         534       -0.32   0.0811985   0.0217734
         535        -0.4   0.0802991   0.0217512
         536       -0.36   0.0794776   0.0217261
         537       -0.28   0.0788082    0.021696
         538       -0.32   0.0780669   0.0216683
         539       -0.32   0.0773284   0.0216407
         540       -0.28   0.0766667   0.0216108
         541       -0.24   0.0760813   0.0215787
         542       -0.32   0.0753506   0.0215513
         543       -0.36   0.0745488   0.0215265
         544       -0.28   0.0738971   0.0214968
         545       -0.28   0.0732477   0.0214672
         546       -0.32   0.0725275   0.0214399
         547       -0.24   0.0719561   0.0214083
         548       -0.16   0.0715328   0.0213735
         549        -0.2   0.0710383   0.0213403
         550       -0.24   0.0704727   0.0213089
         551       -0.36   0.0696915   0.0212846
         552       -0.32   0.0689855   0.0212577
         553        -0.2   0.0684991   0.0212249
         554       -0.36   0.0677256   0.0212006
         555        -0.4   0.0668829   0.0211792
         556       -0.48   0.0658993   0.0211639
         557       -0.44    0.064991   0.0211454
         558       -0.48   0.0640143     0.02113
         559       -0.52   0.0629696   0.0211181
         560       -0.48       0.062   0.0211026
         561       -0.52   0.0609626   0.0210905
         562       -0.56   0.0598577   0.0210819
         563       -0.48   0.0588988   0.0210662
         564        -0.4   0.0580851   0.0210446
         565       -0.32   0.0574159    0.021018
         566       -0.24   0.0568905   0.0209874
         567       -0.36   0.0561552   0.0209632
         568       -0.32    0.055493   0.0209368
         569       -0.08   0.0552548   0.0209014
         570       -0.28   0.0546667    0.020873
         571        -0.4   0.0538704   0.0208516
         572       -0.56   0.0527972   0.0208427
         573       -0.56   0.0517277   0.0208338
         574       -0.52   0.0507317   0.0208213
         575       -0.56   0.0496696   0.0208121
         576       -0.68   0.0484028   0.0208145
         577        -0.8   0.0469324   0.0208303
         578       -0.88   0.0453287   0.0208559
         579       -0.76   0.0439378   0.0208662
         580        -0.6   0.0428276   0.0208598
         581       -0.48   0.0419277   0.0208433
         582        -0.6   0.0408247   0.0208366
         583       -0.64   0.0396569   0.0208336
         584       -0.72   0.0383562   0.0208385
         585       -0.76   0.0369915   0.0208475
         586       -0.68   0.0357679   0.0208478
         587       -0.68   0.0345486   0.0208479
         588       -0.68   0.0333333   0.0208478
         589       -0.52   0.0323939   0.0208336
         590       -0.68   0.0311864   0.0208332
         591       -0.76   0.0298477    0.020841
         592       -0.72   0.0285811   0.0208442
         593       -0.56   0.0275885   0.0208327
         594       -0.56   0.0265993   0.0208211
         595       -0.56   0.0256134   0.0208094
         596       -0.56   0.0246309   0.0207977
         597       -0.48   0.0237856     0.02078
         598       -0.48   0.0229431   0.0207623
         599       -0.56   0.0219699   0.0207505
         600        -0.6   0.0209333   0.0207418
         601       -0.56   0.0199667   0.0207298
         602       -0.52   0.0190698   0.0207147
         603       -0.44   0.0183085   0.0206944
         604       -0.36   0.0176821   0.0206696
         605       -0.32    0.017124   0.0206429
         606       -0.36   0.0165017   0.0206183
         607       -0.32   0.0159473   0.0205917
         608       -0.36   0.0153289   0.0205672
         609        -0.4    0.014647   0.0205447
         610       -0.44   0.0139016   0.0205245
         611       -0.44   0.0131588   0.0205044
         612       -0.44   0.0124183   0.0204842
         613       -0.44   0.0116803   0.0204641
         614       -0.44   0.0109446    0.020444
         615       -0.48   0.0101463   0.0204263
         616       -0.48  0.00935065   0.0204087
         617       -0.48  0.00855754    0.020391
         618       -0.52  0.00770227   0.0203759
         619       -0.56  0.00678514   0.0203636
         620       -0.56  0.00587097   0.0203513
         621       -0.56  0.00495974   0.0203389
         622       -0.64  0.00392283   0.0203326
         623       -0.52  0.00308186   0.0203174
         624       -0.48  0.00230769   0.0202996
         625       -0.48    0.001536   0.0202817
         626        -0.6  0.00057508   0.0202721
         627       -0.56-0.000318979   0.0202595
         628        -0.6 -0.00127389   0.0202497
         629       -0.56 -0.00216216    0.020237
         630        -0.6 -0.00311111   0.0202271
         631        -0.6 -0.00405705   0.0202172
         632       -0.52 -0.00487342   0.0202016
         633       -0.44 -0.00556082   0.0201814
         634       -0.56 -0.00643533   0.0201685
         635        -0.6 -0.00737008   0.0201584
         636       -0.64 -0.00836478   0.0201512
         637       -0.56 -0.00923077   0.0201382
         638       -0.56   -0.010094   0.0201251
         639       -0.44  -0.0107668   0.0201049
         640       -0.52  -0.0115625   0.0200892
         641       -0.44  -0.0122309    0.020069
         642       -0.48  -0.0129595   0.0200509
         643        -0.4  -0.0135614   0.0200288
         644       -0.44  -0.0142236   0.0200086
         645       -0.48  -0.0149457   0.0199906
         646       -0.44  -0.0156037   0.0199705
         647        -0.4  -0.0161978   0.0199485
         648        -0.4  -0.0167901   0.0199265
         649       -0.36   -0.017319   0.0199028
         650       -0.36  -0.0178462   0.0198792
         651       -0.24  -0.0181874   0.0198516
         652       -0.24  -0.0185276    0.019824
         653        -0.2  -0.0188055   0.0197956
         654        -0.2  -0.0190826   0.0197673
         655       -0.28  -0.0194809   0.0197411
         656       -0.24  -0.0198171   0.0197139
         657       -0.32   -0.020274   0.0196892
         658       -0.28  -0.0206687   0.0196632
         659       -0.28  -0.0210622   0.0196373
         660       -0.32  -0.0215152   0.0196128
         661       -0.08  -0.0216036   0.0195833
         662       -0.04  -0.0216314   0.0195538
         663        0.04  -0.0215385   0.0195245
         664        0.04  -0.0214458   0.0194953
         665         0.2  -0.0211128   0.0194688
         666        0.16  -0.0208408   0.0194415
         667         0.2  -0.0205097   0.0194152
         668        0.24  -0.0201198     0.01939
         669        0.28  -0.0196712   0.0193662
         670        0.32  -0.0191642   0.0193439
         671        0.32  -0.0186587   0.0193217
         672        0.32  -0.0181548   0.0192995
         673         0.4  -0.0175334   0.0192809
         674        0.44  -0.0168546   0.0192642
         675         0.4   -0.016237   0.0192456
         676        0.48   -0.015503   0.0192311
         677        0.56  -0.0146529   0.0192215
         678        0.68  -0.0136283   0.0192204
         679        0.76   -0.012489   0.0192258
         680        0.76  -0.0113529   0.0192311
         681         0.8  -0.0101615   0.0192397
         682         0.8 -0.00897361   0.0192481
         683        0.72  -0.0079063   0.0192495
         684        0.72 -0.00684211   0.0192508
         685         0.6  -0.0059562   0.0192431
         686        0.64 -0.00501458    0.019238
         687        0.68 -0.00401747   0.0192358
         688        0.68 -0.00302326   0.0192336
         689        0.72 -0.00197388   0.0192343
         690        0.68-0.000985507   0.0192318
         691        0.72 5.78871e-05   0.0192322
         692        0.76  0.00115607   0.0192357
         693        0.72  0.00219336   0.0192359
         694        0.68  0.00317003    0.019233
         695        0.64  0.00408633   0.0192271
         696        0.64       0.005   0.0192212
         697        0.68  0.00596844    0.019218
         698        0.72   0.0069914   0.0192177
         699        0.84  0.00818312   0.0192271
         700        0.84  0.00937143   0.0192363
         701        0.84   0.0105563   0.0192453
         702        0.84   0.0117379   0.0192542
         703         0.8   0.0128592   0.0192594
         704        0.76   0.0139205   0.0192613
         705        0.68   0.0148652   0.0192571
         706        0.64   0.0157507   0.0192502
         707        0.68   0.0166902   0.0192459
         708        0.72   0.0176836   0.0192443
         709        0.76   0.0187306   0.0192456
         710        0.68    0.019662    0.019241
         711        0.68   0.0205907   0.0192364
         712         0.6   0.0214045   0.0192265
         713         0.6    0.022216   0.0192167
         714        0.64   0.0230812   0.0192093
         715        0.72   0.0240559   0.0192071
         716         0.8   0.0251397   0.0192108
         717         0.8   0.0262204   0.0192144
         718        0.84   0.0273538    0.019221
         719         0.8   0.0284284   0.0192243
         720        0.88   0.0296111    0.019234
         721        0.84   0.0307351   0.0192401
         722         0.8   0.0318006   0.0192429
         723        0.84   0.0329184   0.0192488
         724         0.8   0.0339779   0.0192513
         725         0.8   0.0350345   0.0192537
         726         0.8   0.0360882    0.019256
         727        0.68   0.0369739   0.0192499
         728        0.52   0.0376374   0.0192349
         729        0.56   0.0383539   0.0192218
         730        0.48   0.0389589    0.019205
         731         0.4   0.0394528   0.0191851
         732        0.44        0.04   0.0191667
         733        0.24   0.0402729   0.0191425
         734        0.28   0.0405995   0.0191192
         735         0.4   0.0410884   0.0190994
         736        0.28    0.041413   0.0190762
         737        0.36   0.0418453   0.0190553
         738         0.4   0.0423306   0.0190356
         739        0.24   0.0425981   0.0190117
         740         0.4   0.0430811   0.0189922
         741         0.4   0.0435628   0.0189727
         742        0.44    0.044097   0.0189546
         743        0.36   0.0445222   0.0189339
         744         0.4       0.045   0.0189144
         745        0.32   0.0453691   0.0188927
         746        0.24     0.04563   0.0188691
         747        0.28   0.0459438   0.0188465
         748        0.24   0.0462032   0.0188231
         749        0.28   0.0465154   0.0188005
         750        0.24   0.0467733   0.0187772
         751        0.24   0.0470306    0.018754
         752         0.2    0.047234   0.0187302
         753        0.16   0.0473838   0.0187059
         754        0.08   0.0474271   0.0186811
         755        0.08   0.0474702   0.0186564
         756           0   0.0474074   0.0186319
         757           0   0.0473448   0.0186074
         758       -0.04   0.0472296   0.0185832
         759        0.12   0.0473254   0.0185589
         760        0.12   0.0474211   0.0185347
         761        0.12   0.0475164   0.0185106
         762        0.08   0.0475591   0.0184864
         763       -0.04   0.0474443   0.0184625
         764       -0.08   0.0472775   0.0184391
         765        -0.2   0.0469542   0.0184178
         766       -0.08   0.0467885   0.0183945
         767       -0.08   0.0466232   0.0183713
         768           0   0.0465625   0.0183475
         769           0    0.046502   0.0183237
         770           0   0.0464416      0.0183
         771        0.04   0.0464332   0.0182763
         772       -0.16   0.0461658   0.0182546
         773       -0.28   0.0457439   0.0182358
         774       -0.32   0.0452713   0.0182184
         775        -0.4   0.0446968   0.0182039
         776       -0.36   0.0441753    0.018188
         777       -0.32   0.0437066   0.0181706
         778       -0.32   0.0432391   0.0181532
         779       -0.36   0.0427214   0.0181373
         780       -0.48   0.0420513   0.0181264
         781        -0.6   0.0412292   0.0181219
         782       -0.56   0.0404604    0.018115
         783       -0.52   0.0397446    0.018106
         784       -0.52   0.0390306    0.018097
         785       -0.56   0.0382675     0.01809
         786       -0.56   0.0375064    0.018083
         787       -0.52    0.036798   0.0180739
         788       -0.56   0.0360406   0.0180668
         789       -0.44   0.0354373    0.018054
         790       -0.52   0.0347342   0.0180448
         791        -0.6   0.0339317   0.0180398
         792        -0.6   0.0331313   0.0180348
         793       -0.64   0.0322825    0.018032
         794       -0.64   0.0314358   0.0180292
         795        -0.6   0.0306415    0.018024
         796       -0.64    0.029799    0.018021
         797       -0.64   0.0289586    0.018018
         798       -0.68   0.0280702   0.0180173
         799       -0.64    0.027234   0.0180142
         800       -0.52     0.02655   0.0180046
         801       -0.44   0.0259675   0.0179916
         802        -0.4   0.0254364    0.017977
         803       -0.56   0.0247073   0.0179694
         804       -0.56   0.0239801   0.0179617
         805       -0.64   0.0231553   0.0179583
         806       -0.72   0.0222333   0.0179597
         807        -0.6   0.0214622    0.017954
         808       -0.56   0.0207426   0.0179462
         809       -0.44   0.0201731    0.017933
         810       -0.44   0.0196049   0.0179199
         811       -0.44   0.0190382   0.0179068
         812        -0.4   0.0185222   0.0178921
         813       -0.36   0.0180566   0.0178762
         814       -0.28   0.0176904    0.017858
         815       -0.32   0.0172761   0.0178409
         816       -0.16   0.0170588   0.0178203
         817       -0.16   0.0168421   0.0177998
         818       -0.24   0.0165281   0.0177809
         819        -0.2   0.0162637   0.0177611
         820        -0.2       0.016   0.0177414
         821        -0.2   0.0157369   0.0177217
         822       -0.24   0.0154258   0.0177029
         823        -0.2    0.015164   0.0176833
         824       -0.12       0.015   0.0176626
         825       -0.04   0.0149333   0.0176414
         826       -0.08   0.0148184   0.0176204
         827       -0.08   0.0147037   0.0175994
         828       -0.04   0.0146377   0.0175783
         829       -0.04   0.0145718   0.0175572
         830       -0.08   0.0144578   0.0175364
         831       -0.08   0.0143442   0.0175157
         832        0.04    0.014375   0.0174947
         833        0.04   0.0144058   0.0174737
         834       -0.04   0.0143405   0.0174529
         835       -0.12   0.0141796   0.0174327
         836       -0.16   0.0139713   0.0174131
         837       -0.16   0.0137634   0.0173935
         838       -0.08   0.0136516   0.0173732
         839        -0.2   0.0133969   0.0173543
         840        -0.2   0.0131429   0.0173355
         841       -0.32   0.0127467   0.0173194
         842       -0.28    0.012399   0.0173023
         843       -0.28   0.0120522   0.0172853
         844       -0.24   0.0117536   0.0172674
         845        -0.2    0.011503   0.0172488
         846        -0.2    0.011253   0.0172302
         847       -0.12    0.011098   0.0172106
         848       -0.08   0.0109906   0.0171906
         849       -0.04   0.0109305   0.0171705
         850       -0.12   0.0107765   0.0171509
         851       -0.12   0.0106228   0.0171315
         852       -0.08   0.0105164   0.0171117
         853       -0.04   0.0104572   0.0170917
         854       -0.08   0.0103513   0.0170721
         855       -0.12   0.0101988   0.0170528
         856       -0.16        0.01    0.017034
         857        -0.2  0.00975496   0.0170159
         858        -0.2  0.00951049   0.0169978
         859       -0.28  0.00917346   0.0169814
         860       -0.28  0.00883721    0.016965
         861       -0.32  0.00845528   0.0169495
         862       -0.32  0.00807425   0.0169342
         863       -0.24  0.00778679    0.016917
         864       -0.16  0.00759259   0.0168985
         865        -0.2   0.0073526   0.0168807
         866       -0.24  0.00706697   0.0168636
         867       -0.32  0.00668973   0.0168484
         868       -0.32  0.00631336   0.0168332
         869       -0.16  0.00612198   0.0168149
         870        -0.2  0.00588506   0.0167972
         871       -0.04  0.00583238    0.016778
         872           0  0.00582569   0.0167588
         873        0.04  0.00586483   0.0167396
         874           0  0.00585812   0.0167205
         875        0.04  0.00589714   0.0167014
         876           0  0.00589041   0.0166824
         877        0.04   0.0059293   0.0166634
         878        0.04  0.00596811   0.0166444
         879        0.12  0.00609784    0.016626
         880        0.08  0.00618182   0.0166073
         881        0.08  0.00626561   0.0165887
         882        0.12  0.00639456   0.0165704
         883        0.16  0.00656852   0.0165525
         884        0.16  0.00674208   0.0165347
         885        0.24  0.00700565   0.0165181
         886        0.32  0.00735892   0.0165033
         887        0.36  0.00775648   0.0164895
         888        0.36  0.00815315   0.0164757
         889        0.28  0.00845894     0.01646
         890        0.28  0.00876404   0.0164443
         891        0.32  0.00911336   0.0164296
         892         0.4  0.00955157    0.016417
         893         0.4   0.0099888   0.0164044
         894         0.4   0.0104251   0.0163919
         895        0.48   0.0109497   0.0163819
         896        0.44   0.0114286   0.0163707
         897        0.48   0.0119509   0.0163607
         898        0.48   0.0124722   0.0163508
         899        0.44   0.0129477   0.0163395
         900        0.44   0.0134222   0.0163283
         901        0.44   0.0138957    0.016317
         902        0.48   0.0144124   0.0163071
         903        0.52   0.0149723   0.0162987
         904        0.44   0.0154425   0.0162874
         905         0.4   0.0158674    0.016275
         906        0.44   0.0163355   0.0162637
         907        0.52   0.0168908   0.0162553
         908        0.52   0.0174449   0.0162468
         909        0.48   0.0179538   0.0162369
         910        0.52   0.0185055   0.0162284
         911        0.52    0.019056   0.0162199
         912        0.48   0.0195614     0.01621
         913        0.52   0.0201095   0.0162015
         914        0.56   0.0207002   0.0161946
         915        0.56   0.0212896   0.0161876
         916        0.48   0.0217904   0.0161777
         917        0.48   0.0222901   0.0161678
         918        0.48   0.0227887   0.0161578
         919        0.48   0.0232862   0.0161479
         920        0.56   0.0238696   0.0161409
         921         0.6   0.0244951   0.0161355
         922        0.52   0.0250325   0.0161269
         923        0.52   0.0255688   0.0161184
         924        0.56   0.0261472   0.0161113
         925        0.52   0.0266811   0.0161027
         926        0.52   0.0272138   0.0160941
         927        0.44   0.0276591   0.0160829
         928        0.52   0.0281897   0.0160744
         929        0.48    0.028676   0.0160644
         930        0.52   0.0292043   0.0160558
         931        0.52   0.0297315   0.0160472
         932         0.6   0.0303433   0.0160417
         933         0.6   0.0309539   0.0160361
         934         0.6   0.0315632   0.0160305
         935         0.6   0.0321711   0.0160249
         936         0.6   0.0327778   0.0160192
         937        0.64   0.0334258   0.0160152
         938        0.64   0.0340725   0.0160112
         939        0.64   0.0347178   0.0160072
         940         0.6   0.0353191   0.0160014
         941         0.6   0.0359192   0.0159957
         942         0.6    0.036518   0.0159899
         943        0.64    0.037158   0.0159857
         944         0.6   0.0377542   0.0159799
         945        0.48   0.0382222   0.0159699
         946        0.52   0.0387315   0.0159611
         947        0.52   0.0392397   0.0159523
         948        0.56    0.039789    0.015945
         949        0.56   0.0403372   0.0159376
         950        0.56   0.0408842   0.0159302
         951        0.56   0.0414301   0.0159228
         952        0.56   0.0419748   0.0159154
         953        0.56   0.0425184   0.0159079
         954        0.68   0.0431866   0.0159053
         955        0.76   0.0439372   0.0159063
         956        0.68   0.0446025   0.0159036
         957        0.64   0.0452247   0.0158992
         958         0.6   0.0458038   0.0158931
         959         0.6   0.0463816    0.015887
         960        0.64       0.047   0.0158825
         961        0.64   0.0476171    0.015878
         962        0.56   0.0481497   0.0158704
         963        0.52   0.0486397   0.0158615
         964        0.44   0.0490456   0.0158502
         965        0.44   0.0494508    0.015839
         966        0.48   0.0498965   0.0158289
         967        0.44   0.0502999   0.0158176
         968        0.44   0.0507025   0.0158064
         969         0.4    0.051063   0.0157942
         970         0.4   0.0514227    0.015782
         971         0.4   0.0517817   0.0157698
         972        0.48   0.0522222   0.0157598
         973        0.44   0.0526208   0.0157486
         974        0.48   0.0530595   0.0157386
         975        0.48   0.0534974   0.0157285
         976        0.52   0.0539754   0.0157197
         977        0.52   0.0544524   0.0157108
         978        0.56   0.0549693   0.0157032
         979        0.48   0.0554035   0.0156932
         980        0.44   0.0557959   0.0156821
         981        0.44   0.0561876    0.015671
         982        0.52   0.0566599   0.0156621
         983        0.56   0.0571719   0.0156546
         984        0.56   0.0576829    0.015647
         985        0.56   0.0581929   0.0156394
         986        0.68   0.0588235   0.0156363
         987        0.64   0.0594124   0.0156315
         988        0.68   0.0600405   0.0156283
         989        0.48   0.0604651   0.0156183
         990        0.48   0.0608889   0.0156083
         991         0.4   0.0612311   0.0155963
         992        0.32   0.0614919   0.0155827
         993        0.32   0.0617523   0.0155692
         994        0.36   0.0620523   0.0155564
         995        0.44   0.0624322   0.0155454
         996         0.4   0.0627711   0.0155335
         997        0.36   0.0630692   0.0155208
         998        0.36   0.0633667   0.0155081
         999        0.36   0.0636637   0.0154954
        1000        0.44     0.06404   0.0154845
        1001        0.44   0.0644156   0.0154736
        1002        0.44   0.0647904   0.0154627
        1003         0.6    0.065324   0.0154565
        1004         0.6   0.0658566   0.0154502
        1005        0.56   0.0663483   0.0154427
        1006        0.56    0.066839   0.0154351
        1007         0.6   0.0673684   0.0154289
        1008        0.64   0.0679365    0.015424
        1009        0.64   0.0685035   0.0154192
        1010        0.64   0.0690693   0.0154143
        1011        0.56   0.0695549   0.0154067
        1012         0.6   0.0700791   0.0154004
        1013        0.64   0.0706417   0.0153954
        1014         0.6   0.0711637   0.0153891
        1015        0.56   0.0716453   0.0153815
        1016         0.6   0.0721654   0.0153751
        1017        0.56    0.072645   0.0153675
        1018        0.56   0.0731238   0.0153598
        1019         0.6   0.0736408   0.0153535
        1020        0.68   0.0742353   0.0153499
        1021        0.72   0.0748678   0.0153479
        1022         0.8   0.0755773   0.0153493
        1023        0.72   0.0762072   0.0153472
        1024        0.64   0.0767578   0.0153421
        1025        0.56   0.0772293   0.0153344
        1026        0.56   0.0776998   0.0153266
        1027         0.6   0.0782084   0.0153201
        1028        0.64   0.0787549    0.015315
        1029        0.68   0.0793392   0.0153112
        1030         0.8   0.0800388   0.0153124
        1031        0.72   0.0806596   0.0153101
        1032        0.64   0.0812016   0.0153048
        1033        0.64   0.0817425   0.0152996
        1034        0.76   0.0823985   0.0152988
        1035        0.76   0.0830531   0.0152981
        1036        0.72    0.083668   0.0152956
        1037        0.64   0.0842044   0.0152903
        1038        0.64   0.0847399   0.0152849
        1039        0.56   0.0851973   0.0152771
        1040        0.56   0.0856538   0.0152692
        1041        0.52   0.0860711   0.0152602
        1042        0.44   0.0864107   0.0152494
        1043        0.36   0.0866731    0.015237
        1044         0.4   0.0869732   0.0152254
        1045        0.44    0.087311   0.0152145
        1046        0.48   0.0876864   0.0152046
        1047        0.48   0.0880611   0.0151947
        1048        0.52   0.0884733   0.0151858
        1049        0.48   0.0888465   0.0151759
        1050        0.44    0.089181   0.0151651
        1051        0.52   0.0895909   0.0151563
        1052         0.4   0.0898859   0.0151447
        1053        0.36   0.0901425   0.0151325
        1054        0.28   0.0903226   0.0151192
        1055        0.32   0.0905403   0.0151065
        1056        0.36   0.0907955   0.0150943
        1057         0.4    0.091088   0.0150829
        1058         0.4     0.09138   0.0150714
        1059        0.36   0.0916336   0.0150593
        1060         0.4   0.0919245   0.0150479
        1061        0.48   0.0922903   0.0150382
        1062        0.52    0.092693   0.0150294
        1063        0.48   0.0930574   0.0150197
        1064        0.52   0.0934586    0.015011
        1065        0.52   0.0938592   0.0150022
        1066        0.48   0.0942214   0.0149925
        1067        0.52   0.0946204   0.0149838
        1068        0.48   0.0949813   0.0149741
        1069        0.48   0.0953414   0.0149644
        1070        0.52   0.0957383   0.0149557
        1071        0.52   0.0961345    0.014947
        1072        0.56   0.0965672   0.0149393
        1073        0.64   0.0970736   0.0149339
        1074        0.68   0.0976164   0.0149299
        1075         0.6   0.0980837   0.0149233
        1076         0.6   0.0985502   0.0149167
        1077         0.6   0.0990158   0.0149101
        1078         0.6   0.0994805   0.0149036
        1079         0.6   0.0999444    0.014897
        1080        0.56     0.10037   0.0148893
        1081        0.64     0.10087   0.0148838
        1082        0.64    0.101368   0.0148784
        1083         0.6    0.101828   0.0148718
        1084         0.6    0.102288   0.0148652
        1085        0.64    0.102783   0.0148597
        1086        0.64    0.103278   0.0148543
        1087        0.68    0.103809   0.0148501
        1088        0.76    0.104412   0.0148487
        1089        0.72    0.104977   0.0148458
        1090        0.72    0.105541   0.0148429
        1091        0.76    0.106141   0.0148414
        1092         0.8    0.106777   0.0148414
        1093        0.88    0.107484   0.0148447
        1094         0.8    0.108117   0.0148446
        1095        0.68    0.108639   0.0148403
        1096        0.64    0.109124   0.0148346
        1097        0.72    0.109681   0.0148316
        1098        0.84    0.110346    0.014833
        1099        0.92    0.111083   0.0148377
        1100        0.92    0.111818   0.0148425
        1101        0.92    0.112552   0.0148471
        1102        0.88    0.113249     0.01485
        1103        0.88    0.113944   0.0148528
        1104           1    0.114746    0.014861
        1105           1    0.115548   0.0148691
        1106           1    0.116347   0.0148772
        1107           1    0.117145   0.0148851
        1108           1    0.117942    0.014893
        1109           1    0.118738   0.0149008
        1110           1    0.119532   0.0149085
        1111           1    0.120324   0.0149161
        1112           1    0.121115   0.0149237
        1113           1    0.121905   0.0149312
        1114           1    0.122693   0.0149385
        1115           1     0.12348   0.0149459
        1116           1    0.124265   0.0149531
        1117           1    0.125049   0.0149602
        1118           1    0.125832   0.0149673
        1119           1    0.126613   0.0149743
        1120           1    0.127393   0.0149812
        1121           1    0.128171   0.0149881
        1122           1    0.128948   0.0149948
        1123           1    0.129724   0.0150015
        1124           1    0.130498   0.0150082
        1125           1    0.131271   0.0150147
        1126        0.88    0.131936   0.0150161
        1127        0.92    0.132635    0.015019
        1128        0.92    0.133333   0.0150219
        1129        0.92     0.13403   0.0150248
        1130        0.92    0.134726   0.0150276
        1131        0.96    0.135455    0.015032
        1132        0.88    0.136113   0.0150331
        1133        0.76    0.136664   0.0150299
        1134         0.8    0.137249    0.015028
        1135        0.84    0.137868   0.0150275
        1136        0.92    0.138556   0.0150301
        1137        0.96    0.139279   0.0150342
        1138        0.96        0.14   0.0150383
        1139           1    0.140755    0.015044
        1140           1    0.141509   0.0150497
        1141           1    0.142261   0.0150553
        1142           1    0.143012   0.0150608
        1143           1    0.143762   0.0150663
        1144           1     0.14451   0.0150717
        1145           1    0.145258   0.0150771
        1146           1    0.146003   0.0150824
        1147           1    0.146748   0.0150876
        1148           1    0.147491   0.0150927
        1149           1    0.148233   0.0150978
        1150           1    0.148974   0.0151028
        1151           1    0.149713   0.0151078
        1152           1    0.150451   0.0151127
        1153           1    0.151188   0.0151176
        1154           1    0.151924   0.0151223
        1155           1    0.152658   0.0151271
        1156           1    0.153391   0.0151317
        1157           1    0.154123   0.0151363
        1158           1    0.154853   0.0151409
        1159           1    0.155582   0.0151454
        1160           1     0.15631   0.0151498
        1161           1    0.157037   0.0151542
        1162           1    0.157762   0.0151585
        1163           1    0.158487   0.0151627
        1164           1     0.15921   0.0151669
        1165           1    0.159931   0.0151711
        1166           1    0.160652   0.0151752
        1167           1    0.161371   0.0151792
        1168           1    0.162089   0.0151832
        1169           1    0.162806   0.0151871
        1170           1    0.163521    0.015191
        1171           1    0.164236   0.0151948
        1172           1    0.164949   0.0151985
        1173           1    0.165661   0.0152022
        1174           1    0.166371   0.0152059
        1175           1    0.167081   0.0152095
        1176           1    0.167789    0.015213
        1177           1    0.168496   0.0152165
        1178           1    0.169202     0.01522
        1179           1    0.169907   0.0152234
        1180           1     0.17061   0.0152267
        1181           1    0.171312     0.01523
        1182           1    0.172014   0.0152333
        1183           1    0.172713   0.0152364
        1184           1    0.173412   0.0152396
        1185           1     0.17411   0.0152427
        1186           1    0.174806   0.0152457
        1187           1    0.175501   0.0152487
        1188           1    0.176195   0.0152517
        1189           1    0.176888   0.0152546
        1190           1     0.17758   0.0152574
        1191           1     0.17827   0.0152602
        1192           1     0.17896    0.015263
        1193           1    0.179648   0.0152657
        1194           1    0.180335   0.0152684
        1195           1    0.181021    0.015271
        1196           1    0.181706   0.0152736
        1197           1    0.182389   0.0152761
        1198           1    0.183072   0.0152786
        1199           1    0.183753    0.015281
        1200           1    0.184433   0.0152834
        1201           1    0.185112   0.0152858
        1202           1     0.18579   0.0152881
        1203           1    0.186467   0.0152904
        1204           1    0.187143   0.0152926
        1205           1    0.187817   0.0152948
        1206           1    0.188491   0.0152969
        1207           1    0.189163    0.015299
        1208           1    0.189834   0.0153011
        1209           1    0.190505   0.0153031
        1210           1    0.191174    0.015305
        1211           1    0.191841    0.015307
        1212           1    0.192508   0.0153089
        1213           1    0.193174   0.0153107
        1214           1    0.193839   0.0153125
        1215           1    0.194502   0.0153143
        1216           1    0.195164    0.015316
        1217           1    0.195826   0.0153177
        1218           1    0.196486   0.0153193
        1219           1    0.197145   0.0153209
        1220           1    0.197803   0.0153225
        1221           1     0.19846    0.015324
        1222           1    0.199116   0.0153255
        1223           1    0.199771    0.015327
        1224           1    0.200425   0.0153284
        1225           1    0.201078   0.0153298
        1226           1    0.201729   0.0153311
        1227           1     0.20238   0.0153324
        1228           1    0.203029   0.0153337
        1229           1    0.203678   0.0153349
        1230           1    0.204325   0.0153361
        1231           1    0.204972   0.0153373
        1232           1    0.205617   0.0153384
        1233           1    0.206261   0.0153395
        1234           1    0.206904   0.0153405
        1235           1    0.207547   0.0153415
        1236           1    0.208188   0.0153425
        1237           1    0.208828   0.0153435
        1238           1    0.209467   0.0153444
        1239           1    0.210105   0.0153452
        1240           1    0.210742   0.0153461
        1241           1    0.211378   0.0153469
        1242           1    0.212013   0.0153477
        1243           1    0.212647   0.0153484
        1244           1     0.21328   0.0153491
        1245           1    0.213912   0.0153498
        1246           1    0.214543   0.0153504
        1247           1    0.215172    0.015351
        1248           1    0.215801   0.0153516
        1249           1    0.216429   0.0153521
        1250           1    0.217056   0.0153527
        1251           1    0.217682   0.0153531
        1252           1    0.218307   0.0153536
        1253           1    0.218931    0.015354
        1254           1    0.219553   0.0153544
        1255           1    0.220175   0.0153547
        1256           1    0.220796   0.0153551
        1257           1    0.221416   0.0153554
        1258           1    0.222035   0.0153556
        1259           1    0.222653   0.0153558
        1260           1     0.22327    0.015356
        1261           1    0.223886   0.0153562
        1262           1    0.224501   0.0153564
        1263           1    0.225115   0.0153565
        1264           1    0.225728   0.0153566
        1265           1     0.22634   0.0153566
        1266           1    0.226951   0.0153566
        1267           1    0.227561   0.0153566
        1268           1     0.22817   0.0153566
        1269           1    0.228779   0.0153565
        1270           1    0.229386   0.0153564
        1271           1    0.229992   0.0153563
        1272           1    0.230597   0.0153562
        1273           1    0.231202    0.015356
        1274           1    0.231805   0.0153558
        1275           1    0.232408   0.0153556
        1276           1    0.233009   0.0153553
        1277           1     0.23361    0.015355
        1278           1     0.23421   0.0153547
        1279           1    0.234808   0.0153544
        1280           1    0.235406    0.015354
        1281           1    0.236003   0.0153536
        1282           1    0.236599   0.0153532
        1283           1    0.237194   0.0153528
        1284           1    0.237788   0.0153523
        1285           1    0.238381   0.0153518
        1286           1    0.238974   0.0153513
        1287           1    0.239565   0.0153508
        1288           1    0.240155   0.0153502
        1289           1    0.240745   0.0153496
        1290           1    0.241333    0.015349
        1291           1    0.241921   0.0153483
        1292           1    0.242508   0.0153477
        1293           1    0.243094    0.015347
        1294           1    0.243679   0.0153463
        1295           1    0.244263   0.0153455
        1296           1    0.244846   0.0153448
        1297           1    0.245428    0.015344
        1298           1    0.246009   0.0153432
        1299           1     0.24659   0.0153423
        1300           1    0.247169   0.0153415
        1301           1    0.247748   0.0153406
        1302           1    0.248326   0.0153397
        1303           1    0.248903   0.0153387
        1304           1    0.249479   0.0153378
        1305           1    0.250054   0.0153368
        1306           1    0.250628   0.0153358
        1307           1    0.251201   0.0153348
        1308           1    0.251774   0.0153338
        1309           1    0.252345   0.0153327
        1310           1    0.252916   0.0153316
        1311           1    0.253486   0.0153305
        1312           1    0.254055   0.0153294
        1313           1    0.254623   0.0153282
        1314           1     0.25519    0.015327
        1315           1    0.255757   0.0153258
        1316        0.96    0.256292   0.0153235
        1317           1    0.256856   0.0153223
        1318           1     0.25742   0.0153211
        1319           1    0.257983   0.0153198
        1320           1    0.258545   0.0153185
        1321           1    0.259107   0.0153172
        1322           1    0.259667   0.0153158
        1323           1    0.260227   0.0153145
        1324           1    0.260785   0.0153131
        1325           1    0.261343   0.0153117
        1326           1      0.2619   0.0153103
        1327           1    0.262457   0.0153088
        1328           1    0.263012   0.0153074
        1329           1    0.263567   0.0153059
        1330           1     0.26412   0.0153044
        1331           1    0.264673   0.0153029
        1332           1    0.265225   0.0153014
        1333           1    0.265776   0.0152998
        1334           1    0.266327   0.0152982
        1335           1    0.266876   0.0152966
        1336           1    0.267425    0.015295
        1337           1    0.267973   0.0152934
        1338           1     0.26852   0.0152918
        1339           1    0.269066   0.0152901
        1340           1    0.269612   0.0152884
        1341           1    0.270157   0.0152867
        1342           1      0.2707    0.015285
        1343           1    0.271243   0.0152832
        1344           1    0.271786   0.0152815
        1345           1    0.272327   0.0152797
        1346           1    0.272868   0.0152779
        1347        0.92    0.273348   0.0152741
        1348        0.88    0.273798   0.0152694
        1349        0.84    0.274218   0.0152639
        1350        0.72    0.274548   0.0152561
        1351        0.76    0.274907   0.0152491
        1352         0.6    0.275148   0.0152397
        1353        0.64    0.275418   0.0152308
        1354         0.8    0.275805   0.0152245
        1355        0.76    0.276162   0.0152175
        1356        0.84    0.276578   0.0152119
        1357        0.92    0.277052   0.0152081
        1358        0.84    0.277467   0.0152025
        1359           1    0.277999   0.0152007
        1360           1    0.278529   0.0151987
        1361           1     0.27906   0.0151968
        1362           1    0.279589   0.0151949
        1363           1    0.280117   0.0151929
        1364           1    0.280645   0.0151909
        1365           1    0.281172    0.015189
        1366           1    0.281698   0.0151869
        1367           1    0.282224   0.0151849
        1368           1    0.282749   0.0151829
        1369           1    0.283272   0.0151808
        1370           1    0.283796   0.0151788
        1371           1    0.284318   0.0151767
        1372           1     0.28484   0.0151746
        1373           1    0.285361   0.0151725
        1374           1    0.285881   0.0151703
        1375           1      0.2864   0.0151682
        1376           1    0.286919    0.015166
        1377           1    0.287436   0.0151639
        1378           1    0.287954   0.0151617
        1379           1     0.28847   0.0151595
        1380           1    0.288986   0.0151572
        1381           1      0.2895    0.015155
        1382           1    0.290014   0.0151528
        1383           1    0.290528   0.0151505
        1384           1     0.29104   0.0151482
        1385           1    0.291552   0.0151459
        1386           1    0.292063   0.0151436
        1387           1    0.292574   0.0151413
        1388           1    0.293084    0.015139
        1389           1    0.293593   0.0151366
        1390           1    0.294101   0.0151343
        1391           1    0.294608   0.0151319
        1392           1    0.295115   0.0151295
        1393           1    0.295621   0.0151271
        1394           1    0.296126   0.0151247
        1395           1    0.296631   0.0151223
        1396           1    0.297135   0.0151198
        1397           1    0.297638   0.0151174
        1398           1     0.29814   0.0151149
        1399           1    0.298642   0.0151124
        1400           1    0.299143   0.0151099
        1401           1    0.299643   0.0151074
        1402        0.96    0.300114    0.015104
        1403           1    0.300613   0.0151014
        1404           1    0.301111   0.0150989
        1405           1    0.301609   0.0150964
        1406           1    0.302105   0.0150938
        1407           1    0.302601   0.0150912
        1408           1    0.303097   0.0150886
        1409           1    0.303591    0.015086
        1410           1    0.304085   0.0150834
        1411           1    0.304578   0.0150808
        1412           1    0.305071   0.0150781
        1413           1    0.305563   0.0150755
        1414           1    0.306054   0.0150728
        1415           1    0.306544   0.0150701
        1416           1    0.307034   0.0150674
        1417           1    0.307523   0.0150647
        1418           1    0.308011    0.015062
        1419           1    0.308499   0.0150593
        1420           1    0.308986   0.0150566
        1421           1    0.309472   0.0150538
        1422        0.96     0.30993   0.0150502
        1423           1    0.310415   0.0150474
        1424           1    0.310899   0.0150447
        1425           1    0.311382   0.0150419
        1426           1    0.311865   0.0150391
        1427           1    0.312348   0.0150363
        1428           1    0.312829   0.0150334
        1429           1     0.31331   0.0150306
        1430           1     0.31379   0.0150278
        1431           1     0.31427   0.0150249
        1432           1    0.314749    0.015022
        1433           1    0.315227   0.0150192
        1434           1    0.315704   0.0150163
        1435           1    0.316181   0.0150134
        1436           1    0.316657   0.0150105
        1437           1    0.317133   0.0150076
        1438           1    0.317608   0.0150046
        1439           1    0.318082   0.0150017
        1440           1    0.318556   0.0149988
        1441           1    0.319028   0.0149958
        1442           1    0.319501   0.0149928
        1443           1    0.319972   0.0149899
        1444           1    0.320443   0.0149869
        1445           1    0.320913   0.0149839
        1446           1    0.321383   0.0149809
        1447           1    0.321852   0.0149779
        1448           1     0.32232   0.0149749
        1449           1    0.322788   0.0149718
        1450           1    0.323255   0.0149688
        1451           1    0.323722   0.0149657
        1452           1    0.324187   0.0149627
        1453           1    0.324652   0.0149596
        1454           1    0.325117   0.0149565
        1455           1    0.325581   0.0149534
        1456           1    0.326044   0.0149503
        1457           1    0.326507   0.0149472
        1458           1    0.326968   0.0149441
        1459           1     0.32743    0.014941
        1460           1     0.32789   0.0149378
        1461           1     0.32835   0.0149347
        1462           1     0.32881   0.0149316
        1463           1    0.329269   0.0149284
        1464           1    0.329727   0.0149252
        1465           1    0.330184    0.014922
        1466           1    0.330641   0.0149189
        1467           1    0.331097   0.0149157
        1468           1    0.331553   0.0149125
        1469           1    0.332008   0.0149093
        1470           1    0.332463    0.014906
        1471           1    0.332916   0.0149028
        1472           1     0.33337   0.0148996
        1473           1    0.333822   0.0148963
        1474           1    0.334274   0.0148931
        1475           1    0.334725   0.0148898
        1476           1    0.335176   0.0148865
        1477           1    0.335626   0.0148833
        1478           1    0.336076     0.01488
        1479           1    0.336525   0.0148767
        1480           1    0.336973   0.0148734
        1481           1    0.337421   0.0148701
        1482           1    0.337868   0.0148668
        1483           1    0.338314   0.0148635
        1484           1     0.33876   0.0148601
        1485           1    0.339205   0.0148568
        1486           1     0.33965   0.0148534
        1487           1    0.340094   0.0148501
        1488           1    0.340538   0.0148467
        1489           1    0.340981   0.0148434
        1490           1    0.341423     0.01484
        1491        0.96    0.341838   0.0148358
        1492        0.96    0.342252   0.0148317
        1493        0.92    0.342639   0.0148268
        1494           1    0.343079   0.0148234
        1495           1    0.343518     0.01482
        1496           1    0.343957   0.0148166
        1497           1    0.344395   0.0148132
        1498           1    0.344833   0.0148097
        1499           1     0.34527   0.0148063
        1500           1    0.345707   0.0148029
        1501           1    0.346143   0.0147994
        1502           1    0.346578    0.014796
        1503           1    0.347013   0.0147925
        1504           1    0.347447    0.014789
        1505           1     0.34788   0.0147856
        1506           1    0.348313   0.0147821
        1507           1    0.348746   0.0147786
        1508           1    0.349178   0.0147751
        1509           1    0.349609   0.0147716
        1510           1     0.35004   0.0147681
        1511           1     0.35047   0.0147646
        1512           1    0.350899   0.0147611
        1513           1    0.351328   0.0147576
        1514           1    0.351757    0.014754
        1515           1    0.352185   0.0147505
        1516           1    0.352612    0.014747
        1517           1    0.353039   0.0147434
        1518           1    0.353465   0.0147399
        1519           1    0.353891   0.0147363
        1520           1    0.354316   0.0147327
        1521           1     0.35474   0.0147292
        1522           1    0.355164   0.0147256
        1523           1    0.355588    0.014722
        1524           1     0.35601   0.0147184
        1525           1    0.356433   0.0147148
        1526           1    0.356855   0.0147112
        1527           1    0.357276   0.0147076
        1528           1    0.357696    0.014704
        1529           1    0.358116   0.0147004
        1530           1    0.358536   0.0146968
        1531           1    0.358955   0.0146931
        1532           1    0.359373   0.0146895
        1533           1    0.359791   0.0146859
        1534        0.96    0.360183   0.0146815
        1535        0.96    0.360573   0.0146771
        1536        0.96    0.360964   0.0146728
        1537        0.92    0.361327   0.0146677
        1538        0.88    0.361664   0.0146621
        1539        0.88    0.362001   0.0146564
        1540         0.8    0.362286   0.0146496
        1541        0.84    0.362596   0.0146434
        1542        0.88    0.362931   0.0146378
        1543        0.84     0.36324   0.0146315
        1544        0.68    0.363446   0.0146235
        1545        0.68     0.36365   0.0146155
        1546        0.72    0.363881   0.0146078
        1547        0.68    0.364085   0.0145998
        1548        0.72    0.364315   0.0145922
        1549        0.72    0.364545   0.0145846
        1550        0.76      0.3648   0.0145774
        1551         0.8    0.365081   0.0145707
        1552        0.76    0.365335   0.0145636
        1553        0.68    0.365538   0.0145556
        1554        0.72    0.365766    0.014548
        1555        0.72    0.365994   0.0145404
        1556        0.76    0.366247   0.0145333
        1557        0.68    0.366448   0.0145254
        1558         0.8    0.366727   0.0145187
        1559        0.84     0.36703   0.0145126
        1560        0.84    0.367333   0.0145064
        1561         0.8    0.367611   0.0144998
        1562        0.84    0.367913   0.0144936
        1563         0.8    0.368189    0.014487
        1564        0.84    0.368491   0.0144809
        1565        0.84    0.368792   0.0144748
        1566         0.8    0.369068   0.0144681
        1567        0.84    0.369368    0.014462
        1568        0.76    0.369617    0.014455
        1569         0.8    0.369892   0.0144483
        1570         0.8    0.370166   0.0144417
        1571        0.76    0.370414   0.0144347
        1572        0.72    0.370636   0.0144272
        1573        0.68    0.370833   0.0144194
        1574        0.68    0.371029   0.0144116
        1575         0.6    0.371175   0.0144031
        1576         0.6     0.37132   0.0143947
        1577        0.52    0.371414   0.0143859
        1578         0.4    0.371432   0.0143768
        1579         0.4     0.37145   0.0143677
        1580        0.36    0.371443   0.0143586
        1581         0.4    0.371461   0.0143495
        1582        0.44    0.371504   0.0143405
        1583         0.4    0.371522   0.0143315
        1584        0.48    0.371591   0.0143226
        1585        0.52    0.371685   0.0143139
        1586        0.44    0.371728   0.0143049
        1587        0.44    0.371771    0.014296
        1588        0.36    0.371763    0.014287
        1589        0.36    0.371756    0.014278
        1590        0.32    0.371723    0.014269
        1591        0.36    0.371716   0.0142601
        1592         0.4    0.371734   0.0142511
        1593        0.48    0.371802   0.0142423
        1594        0.44    0.371844   0.0142335
        1595        0.44    0.371887   0.0142246
        1596        0.44     0.37193   0.0142158
        1597        0.36    0.371922   0.0142069
        1598         0.4     0.37194    0.014198
        1599        0.44    0.371982   0.0141892
        1600        0.44    0.372025   0.0141804
        1601        0.44    0.372067   0.0141716
        1602        0.36     0.37206   0.0141627
        1603        0.36    0.372052   0.0141539
        1604        0.36    0.372045   0.0141451
        1605         0.4    0.372062   0.0141363
        1606         0.4     0.37208   0.0141275
        1607         0.4    0.372097   0.0141187
        1608        0.36     0.37209   0.0141099
        1609         0.4    0.372107   0.0141012
        1610         0.4    0.372124   0.0140924
        1611         0.4    0.372142   0.0140837
        1612         0.4    0.372159   0.0140749
        1613         0.4    0.372176   0.0140662
        1614        0.44    0.372218   0.0140576
        1615        0.48    0.372285    0.014049
        1616        0.44    0.372327   0.0140404
        1617         0.4    0.372344   0.0140317
        1618         0.4    0.372361   0.0140231
        1619        0.48    0.372427   0.0140146
        1620        0.52    0.372519   0.0140062
        1621        0.52     0.37261   0.0139979
        1622        0.52      0.3727   0.0139895
        1623        0.64    0.372865   0.0139819
        1624         0.6    0.373005    0.013974
        1625        0.64    0.373169   0.0139663
        1626        0.64    0.373333   0.0139587
        1627        0.68    0.373522   0.0139514
        1628         0.6    0.373661   0.0139435
        1629        0.64    0.373824   0.0139359
        1630        0.64    0.373988   0.0139283
        1631         0.6    0.374126   0.0139205
        1632         0.6    0.374265   0.0139126
        1633        0.56    0.374378   0.0139046
        1634        0.56    0.374492   0.0138965
        1635         0.6     0.37463   0.0138887
        1636         0.6    0.374768   0.0138809
        1637        0.68    0.374954   0.0138737
        1638        0.68     0.37514   0.0138665
        1639         0.6    0.375278   0.0138587
        1640         0.6    0.375415   0.0138509
        1641        0.64    0.375576   0.0138434
        1642        0.68    0.375761   0.0138362
        1643        0.64    0.375922   0.0138287
        1644        0.56    0.376034   0.0138208
        1645        0.52    0.376122   0.0138127
        1646        0.52    0.376209   0.0138045
        1647        0.68    0.376393   0.0137974
        1648        0.72    0.376602   0.0137906
        1649        0.64    0.376762   0.0137832
        1650        0.64    0.376921   0.0137757
        1651        0.64    0.377081   0.0137683
        1652        0.64     0.37724   0.0137609
        1653         0.6    0.377374   0.0137532
        1654        0.64    0.377533   0.0137458
        1655        0.56    0.377644    0.013738
        1656        0.52    0.377729   0.0137299
        1657        0.44    0.377767   0.0137217
        1658        0.52    0.377853   0.0137137
        1659        0.48    0.377914   0.0137056
        1660        0.48    0.377976   0.0136974
        1661        0.48    0.378037   0.0136893
        1662        0.52    0.378123   0.0136814
        1663        0.48    0.378184   0.0136733
        1664        0.52    0.378269   0.0136653
        1665        0.56    0.378378   0.0136576
        1666        0.52    0.378463   0.0136496
        1667        0.48    0.378524   0.0136416
        1668        0.44    0.378561   0.0136334
        1669        0.44    0.378598   0.0136253
        1670        0.44    0.378635   0.0136172
        1671        0.36    0.378624   0.0136091
        1672        0.32    0.378589    0.013601
        1673         0.4    0.378601   0.0135929
        1674         0.4    0.378614   0.0135847
        1675        0.36    0.378603   0.0135766
        1676        0.32    0.378568   0.0135686
        1677        0.32    0.378533   0.0135605
        1678        0.32    0.378498   0.0135525
        1679        0.24    0.378416   0.0135447
        1680        0.28    0.378357   0.0135367
        1681         0.2    0.378251   0.0135291
        1682         0.2    0.378145   0.0135215
        1683        0.32    0.378111   0.0135135
        1684        0.44    0.378147   0.0135055
        1685         0.4     0.37816   0.0134975
        1686        0.32    0.378126   0.0134895
        1687        0.32    0.378091   0.0134816
        1688        0.24    0.378009   0.0134738
        1689        0.16     0.37788   0.0134665
        1690        0.12    0.377728   0.0134594
        1691        0.16    0.377599    0.013452
        1692         0.2    0.377494   0.0134445
        1693        0.32     0.37746   0.0134366
        1694        0.32    0.377426   0.0134287
        1695        0.32    0.377392   0.0134208
        1696         0.4    0.377406   0.0134129
        1697        0.44    0.377443   0.0134051
        1698        0.44    0.377479   0.0133972
        1699        0.36    0.377469   0.0133893
        1700        0.44    0.377506   0.0133815
        1701        0.44    0.377543   0.0133737
        1702        0.52    0.377626   0.0133661
        1703        0.52     0.37771   0.0133585
        1704        0.64    0.377864   0.0133516
        1705        0.76    0.378088   0.0133456
        1706        0.76    0.378312   0.0133397
        1707        0.72    0.378512   0.0133334
        1708        0.68    0.378689   0.0133267
        1709        0.68    0.378865   0.0133201
        1710        0.64    0.379018   0.0133132
        1711         0.6    0.379147    0.013306
        1712        0.64    0.379299   0.0132991
        1713        0.64    0.379451   0.0132922
        1714        0.68    0.379627   0.0132856
        1715         0.6    0.379755   0.0132785
        1716        0.56     0.37986   0.0132712
        1717        0.68    0.380035   0.0132646
        1718        0.64    0.380186   0.0132577
        1719        0.52    0.380268   0.0132503
        1720         0.6    0.380395   0.0132432
        1721        0.56      0.3805   0.0132359
        1722        0.52    0.380581   0.0132285
        1723         0.4    0.380592   0.0132208
        1724        0.36     0.38058   0.0132131
        1725        0.36    0.380568   0.0132055
        1726        0.28     0.38051    0.013198
        1727        0.32    0.380475   0.0131904
        1728        0.44    0.380509   0.0131828
        1729        0.44    0.380544   0.0131752
        1730        0.44    0.380578   0.0131676
        1731        0.44    0.380612   0.0131601
        1732        0.48     0.38067   0.0131526
        1733        0.48    0.380727   0.0131451
        1734        0.48    0.380784   0.0131377
        1735        0.52    0.380865   0.0131303
        1736        0.52    0.380945    0.013123
        1737        0.52    0.381025   0.0131157
        1738        0.56    0.381128   0.0131086
        1739        0.64    0.381277   0.0131019
        1740        0.56    0.381379   0.0130948
        1741        0.48    0.381436   0.0130874
        1742        0.48    0.381493     0.01308
        1743        0.48    0.381549   0.0130726
        1744        0.48    0.381606   0.0130652
        1745        0.48    0.381662   0.0130578
        1746        0.44    0.381695   0.0130504
        1747        0.36    0.381683   0.0130429
        1748        0.28    0.381625   0.0130356
        1749        0.28    0.381567   0.0130283
        1750        0.32    0.381531   0.0130209
        1751        0.32    0.381496   0.0130135
        1752        0.36    0.381484   0.0130061
        1753        0.36    0.381472   0.0129987
        1754        0.28    0.381414   0.0129914
        1755        0.24    0.381333   0.0129842
        1756        0.28    0.381276    0.012977
        1757        0.32    0.381241   0.0129696
        1758        0.36    0.381229   0.0129623
        1759        0.32    0.381194   0.0129549
        1760        0.28    0.381136   0.0129477
        1761        0.32    0.381102   0.0129404
        1762        0.28    0.381044   0.0129332
        1763        0.16    0.380919   0.0129264
        1764        0.36    0.380907   0.0129191
        1765         0.4    0.380918   0.0129118
        1766         0.4    0.380929   0.0129045
        1767        0.28    0.380872   0.0128973
        1768        0.28    0.380814   0.0128902
        1769        0.36    0.380803   0.0128829
        1770        0.32    0.380768   0.0128756
        1771        0.36    0.380757   0.0128684
        1772         0.4    0.380767   0.0128611
        1773        0.36    0.380756   0.0128539
        1774         0.4    0.380767   0.0128466
        1775        0.36    0.380755   0.0128394
        1776        0.32    0.380721   0.0128322
        1777        0.32    0.380687    0.012825
        1778        0.44     0.38072   0.0128179
        1779        0.44    0.380753   0.0128107
        1780        0.44    0.380787   0.0128036
        1781         0.4    0.380797   0.0127964
        1782        0.36    0.380786   0.0127892
        1783        0.32    0.380752   0.0127821
        1784        0.28    0.380695    0.012775
        1785        0.32    0.380661   0.0127679
        1786        0.36    0.380649   0.0127608
        1787         0.4     0.38066   0.0127536
        1788        0.32    0.380626   0.0127465
        1789        0.36    0.380615   0.0127394
        1790         0.4    0.380626   0.0127323
        1791        0.48    0.380681   0.0127253
        1792        0.36     0.38067   0.0127182
        1793        0.28    0.380613   0.0127113
        1794        0.28    0.380557   0.0127043
        1795        0.16    0.380435   0.0126978
        1796        0.24    0.380356    0.012691
        1797        0.36    0.380345   0.0126839
        1798        0.36    0.380334   0.0126769
        1799         0.2    0.380233   0.0126702
        1800        0.16    0.380111   0.0126638
        1801        0.08    0.379944   0.0126578
        1802        0.04    0.379756   0.0126522
        1803        0.08     0.37959   0.0126463
        1804        0.28    0.379534   0.0126394
        1805        0.12    0.379391   0.0126332
        1806        0.28    0.379336   0.0126264
        1807        0.24    0.379258   0.0126196
        1808        0.32    0.379226   0.0126127
        1809        0.28    0.379171   0.0126058
        1810        0.24    0.379094   0.0125991
        1811        0.24    0.379017   0.0125924
        1812        0.24     0.37894   0.0125856
        1813        0.16     0.37882   0.0125793
        1814        0.24    0.378743   0.0125726
        1815        0.28    0.378689   0.0125658
        1816        0.24    0.378612   0.0125591
        1817        0.24    0.378536   0.0125524
        1818        0.24     0.37846   0.0125457
        1819        0.12    0.378318   0.0125396
        1820        0.16    0.378198   0.0125333
        1821        0.28    0.378144   0.0125266
        1822        0.32    0.378112   0.0125197
        1823        0.36    0.378102   0.0125129
        1824         0.4    0.378114    0.012506
        1825        0.36    0.378104   0.0124992
        1826         0.2    0.378007   0.0124927
        1827         0.2    0.377909   0.0124862
        1828        0.28    0.377856   0.0124795
        1829        0.28    0.377802   0.0124728
        1830        0.36    0.377792    0.012466
        1831        0.44    0.377826   0.0124592
        1832         0.4    0.377838   0.0124524
        1833        0.48    0.377894   0.0124458
        1834        0.48     0.37795   0.0124391
        1835        0.56    0.378049   0.0124327
        1836        0.56    0.378148   0.0124263
        1837        0.56    0.378247     0.01242
        1838        0.52    0.378324   0.0124135
        1839        0.56    0.378423   0.0124071
        1840        0.56    0.378522   0.0124007
        1841        0.56     0.37862   0.0123944
        1842         0.6     0.37874   0.0123883
        1843         0.6    0.378861   0.0123821
        1844        0.64    0.379002   0.0123762
        1845        0.72    0.379187   0.0123709
        1846        0.76    0.379393   0.0123659
        1847        0.84    0.379643   0.0123617
        1848         0.8     0.37987   0.0123571
        1849        0.68    0.380032   0.0123515
        1850        0.72    0.380216   0.0123462
        1851        0.68    0.380378   0.0123406
        1852        0.72    0.380562   0.0123353
        1853        0.76    0.380766   0.0123303
        1854        0.68    0.380928   0.0123247
        1855        0.68    0.381089   0.0123192
        1856         0.6    0.381207   0.0123131
        1857         0.6    0.381325    0.012307
        1858         0.4    0.381335   0.0123004
        1859        0.44    0.381366   0.0122938
        1860        0.52    0.381441   0.0122874
        1861        0.44    0.381472   0.0122809
        1862        0.44    0.381504   0.0122743
        1863         0.4    0.381514   0.0122677
        1864        0.36    0.381502   0.0122612
        1865        0.32    0.381469   0.0122546
        1866        0.32    0.381436   0.0122481
        1867        0.44    0.381468   0.0122416
        1868        0.44    0.381499   0.0122351
        1869        0.44     0.38153   0.0122286
        1870        0.48    0.381583   0.0122221
        1871         0.6      0.3817   0.0122162
        1872         0.6    0.381816   0.0122102
        1873        0.48    0.381869   0.0122038
        1874        0.52    0.381942   0.0121975
        1875        0.44    0.381973    0.012191
        1876        0.44    0.382004   0.0121846
        1877        0.44    0.382035   0.0121781
        1878         0.4    0.382045   0.0121716
        1879        0.56    0.382139   0.0121655
        1880        0.56    0.382234   0.0121594
        1881        0.56    0.382329   0.0121533
        1882         0.6    0.382444   0.0121474
        1883        0.52    0.382517   0.0121412
        1884         0.6    0.382633   0.0121353
        1885        0.52    0.382706   0.0121291
        1886        0.52    0.382778   0.0121229
        1887        0.56    0.382872   0.0121168
        1888        0.44    0.382903   0.0121104
        1889        0.56    0.382996   0.0121044
        1890        0.52    0.383069   0.0120982
        1891        0.52    0.383141    0.012092
        1892        0.48    0.383192   0.0120857
        1893        0.52    0.383265   0.0120796
        1894        0.56    0.383358   0.0120735
        1895         0.6    0.383472   0.0120677
        1896        0.56    0.383565   0.0120617
        1897        0.52    0.383637   0.0120556
        1898        0.56     0.38373   0.0120496
        1899         0.6    0.383844   0.0120438
        1900         0.6    0.383958    0.012038
        1901         0.6    0.384072   0.0120322
        1902        0.56    0.384164   0.0120262
        1903        0.64    0.384298   0.0120206
        1904        0.56    0.384391   0.0120147
        1905        0.44     0.38442   0.0120084
        1906        0.44    0.384449   0.0120021
        1907        0.44    0.384478   0.0119959
        1908        0.36    0.384465   0.0119896
        1909        0.24     0.38439   0.0119835
        1910         0.2    0.384293   0.0119777
        1911        0.12    0.384155   0.0119722
        1912        0.04    0.383975   0.0119673
        1913        0.04    0.383795   0.0119624
        1914        0.04    0.383615   0.0119575
        1915       -0.04    0.383394   0.0119533
        1916       -0.16    0.383111   0.0119504
        1917       -0.16    0.382827   0.0119475
        1918       -0.12    0.382565   0.0119442
        1919       -0.16    0.382282   0.0119413
        1920        -0.2    0.381979   0.0119389
        1921        -0.2    0.381676   0.0119366
        1922        -0.2    0.381374   0.0119342
        1923       -0.08    0.381134   0.0119304
        1924       -0.08    0.380894   0.0119266
        1925           0    0.380696    0.011922
        1926        0.04    0.380519   0.0119172
        1927        0.08    0.380363    0.011912
        1928        0.16    0.380249   0.0119064
        1929         0.2    0.380156   0.0119006
        1930        0.12    0.380021   0.0118952
        1931        0.08    0.379865     0.01189
        1932        0.12    0.379731   0.0118846
        1933        0.24    0.379659   0.0118787
        1934        0.24    0.379586   0.0118728
        1935         0.2    0.379494    0.011867
        1936        0.12     0.37936   0.0118616
        1937        0.12    0.379226   0.0118563
        1938        0.16    0.379112   0.0118507
        1939        0.16    0.378999   0.0118451
        1940        0.08    0.378845     0.01184
        1941         0.2    0.378753   0.0118343
        1942        0.16    0.378641   0.0118287
        1943        0.08    0.378487   0.0118236
        1944        0.04    0.378313   0.0118188
        1945           0    0.378118   0.0118143
        1946        0.08    0.377965   0.0118093
        1947        0.04    0.377791   0.0118045
        1948        0.04    0.377618   0.0117997
        1949           0    0.377424   0.0117952
        1950           0    0.377231   0.0117908
        1951           0    0.377037   0.0117863
        1952           0    0.376844   0.0117818
        1953        0.12    0.376713   0.0117765
        1954        0.04     0.37654   0.0117718
        1955        0.08    0.376389   0.0117667
        1956        0.04    0.376217    0.011762
        1957        0.04    0.376045   0.0117572
        1958        0.04    0.375873   0.0117525
        1959           0    0.375681    0.011748
        1960       -0.08    0.375449   0.0117443
        1961       -0.08    0.375217   0.0117406
        1962       -0.08    0.374985    0.011737
        1963       -0.12    0.374733   0.0117337
        1964        -0.2     0.37444   0.0117314
        1965        -0.2    0.374148    0.011729
        1966        -0.2    0.373856   0.0117267
        1967       -0.28    0.373523   0.0117254
        1968       -0.28    0.373191   0.0117242
        1969       -0.36    0.372819   0.0117241
        1970       -0.36    0.372447   0.0117241
        1971       -0.44    0.372035   0.0117254
        1972       -0.44    0.371623   0.0117267
        1973        -0.4    0.371232   0.0117272
        1974        -0.4    0.370841   0.0117278
        1975       -0.44     0.37043   0.0117291
        1976       -0.48        0.37    0.011731
        1977       -0.48     0.36957    0.011733
        1978       -0.52     0.36912   0.0117356
        1979       -0.56    0.368651   0.0117391
        1980        -0.6    0.368162   0.0117434
        1981       -0.56    0.367693   0.0117468
        1982       -0.52    0.367245   0.0117494
        1983       -0.56    0.366778   0.0117528
        1984       -0.56     0.36631   0.0117561
        1985       -0.68    0.365783    0.011762
        1986        -0.6    0.365297   0.0117661
        1987        -0.6    0.364811   0.0117702
        1988       -0.56    0.364346   0.0117735
        1989       -0.48    0.363922   0.0117752
        1990       -0.44    0.363518   0.0117762
        1991       -0.48    0.363094    0.011778
        1992       -0.52    0.362651   0.0117804
        1993       -0.56    0.362188   0.0117836
        1994       -0.64    0.361685   0.0117884
        1995       -0.72    0.361143   0.0117949
        1996       -0.56    0.360681    0.011798
        1997        -0.6      0.3602   0.0118019
        1998       -0.72     0.35966   0.0118084
        1999        -0.8     0.35908   0.0118167
        2000        -0.8      0.3585    0.011825
