#     BLOCK:   ACTUAL_X:     X_AVE:       ERROR:
           1       19.36       19.36           0
           2        2.56       10.96      5.9397
           3       10.24       10.72     3.96464
           4           4        9.04     3.31035
           5        2.56       7.744     2.89086
           6        5.76     7.41333     2.42789
           7        2.56        6.72      2.1778
           8        0.16         5.9     2.05415
           9        2.56     5.52889     1.85914
          10        2.56       5.232     1.69676
          11        5.76        5.28     1.54319
          12           4     5.17333     1.41827
          13       10.24     5.56308     1.36167
          14       27.04     7.09714     1.94525
          15       31.36     8.71467     2.39546
          16       31.36       10.13     2.63084
          17          36     11.6518      2.8828
          18       23.04     12.2844     2.79121
          19       23.04     12.8505      2.7011
          20       31.36      13.776     2.71997
          21       40.96     15.0705     2.88207
          22       40.96     16.2473     2.98165
          23       27.04     16.7165     2.88871
          24       19.36     16.8267     2.77044
          25          16     16.7936     2.65982
          26       12.96     16.6462      2.5616
          27       12.96     16.5096     2.47037
          28       10.24     16.2857     2.39226
          29        5.76     15.9228     2.33714
          30        7.84     15.6533     2.27472
          31       19.36     15.7729     2.20448
          32       12.96      15.685     2.13734
          33       19.36     15.7964     2.07547
          34       23.04     16.0094     2.02533
          35       31.36      16.448      2.0144
          36       31.36     16.8622     2.00058
          37       40.96     17.5135     2.04978
          38          36          18     2.05276
          39       19.36     18.0349     2.00042
          40          16      17.984     1.95106
          41       19.36     18.0176     1.90376
          42       23.04     18.1371     1.86218
          43          16     18.0874     1.81954
          44          16       18.04      1.7788
          45       12.96     17.9271     1.74285
          46       19.36     17.9583     1.70524
          47       27.04     18.1515     1.67987
          48       19.36     18.1767     1.64506
          49       12.96     18.0702     1.61493
          50       19.36      18.096     1.58284
          51       23.04     18.1929     1.55477
          52       23.04     18.2862     1.52766
          53       27.04     18.4513     1.50774
          54       23.04     18.5363     1.48221
          55       23.04     18.6182     1.45752
          56          16     18.5714     1.43225
          57       12.96      18.473      1.4105
          58       10.24      18.331      1.3933
          59       10.24     18.1939     1.37642
          60       12.96     18.1067     1.35624
          61       10.24     17.9777     1.34013
          62       10.24     17.8529     1.32431
          63       10.24     17.7321     1.30879
          64       10.24      17.615     1.29356
          65       19.36     17.6418     1.27394
          66       19.36     17.6679     1.25491
          67          16      17.643     1.23642
          68       10.24     17.5341     1.22302
          69       10.24     17.4284     1.20986
          70        5.76     17.2617       1.204
          71        5.76     17.0997     1.19789
          72       10.24     17.0044     1.18504
          73       10.24     16.9118     1.17242
          74       12.96     16.8584      1.1578
          75        5.76     16.7104     1.15178
          76        7.84     16.5937     1.14252
          77          16      16.586     1.12771
          78       19.36     16.6215     1.11381
          79       12.96     16.5752     1.10068
          80       12.96       16.53     1.08784
          81       12.96     16.4859     1.07531
          82          16       16.48     1.06221
          83       23.04      16.559     1.05235
          84       27.04     16.6838     1.04719
          85       40.96     16.9694     1.07311
          86       46.24     17.3098      1.1133
          87       57.76     17.7747     1.19365
          88       40.96     18.0382     1.20881
          89       46.24     18.3551     1.23606
          90       51.84     18.7271      1.2771
          91       57.76      19.156     1.33315
          92       51.84     19.5113     1.36517
          93          64     19.9897     1.43186
          94       77.44     20.6009     1.54155
          95         100     21.4366     1.73718
          96         100      22.255     1.90211
          97         100     23.0565      2.0444
          98         100     23.8416     2.16907
          99         100     24.6109     2.27949
         100         100     25.3648      2.3781
         101         100     26.1038      2.4667
         102         100     26.8282     2.54668
         103         100     27.5386     2.61917
         104         100     28.2354     2.68506
         105         100     28.9189     2.74509
         106         100     29.5894      2.7999
         107         100     30.2475     2.85002
         108         100     30.8933     2.89588
         109         100     31.5273      2.9379
         110         100     32.1498      2.9764
         111         100     32.7611      3.0117
         112         100     33.3614     3.04406
         113         100     33.9512     3.07372
         114         100     34.5305     3.10088
         115         100     35.0998     3.12574
         116         100     35.6593     3.14846
         117         100     36.2092     3.16921
         118         100     36.7498     3.18813
         119         100     37.2813     3.20534
         120         100      37.804     3.22096
         121         100      38.318     3.23509
         122         100     38.8236     3.24784
         123         100      39.321      3.2593
         124         100     39.8103     3.26954
         125         100     40.2918     3.27865
         126         100     40.7657      3.2867
         127         100     41.2321     3.29375
         128         100     41.6912     3.29986
         129         100     42.1433     3.30509
         130         100     42.5883     3.30949
         131         100     43.0266     3.31312
         132         100     43.4582     3.31602
         133         100     43.8833     3.31823
         134         100     44.3021     3.31978
         135         100     44.7147     3.32073
         136         100     45.1212      3.3211
         137         100     45.5218     3.32093
         138         100     45.9165     3.32025
         139         100     46.3056     3.31908
         140         100     46.6891     3.31746
         141         100     47.0672      3.3154
         142         100       47.44     3.31295
         143         100     47.8076     3.31011
         144         100       48.17      3.3069
         145         100     48.5274     3.30336
         146         100       48.88     3.29949
         147         100     49.2278     3.29532
         148         100     49.5708     3.29086
         149         100     49.9093     3.28614
         150         100     50.2432     3.28115
         151         100     50.5727     3.27593
         152         100     50.8979     3.27047
         153         100     51.2188     3.26481
         154         100     51.5356     3.25894
         155         100     51.8483     3.25288
         156         100     52.1569     3.24664
         157         100     52.4617     3.24023
         158       92.16     52.7129     3.22945
         159       92.16      52.961     3.21865
         160       92.16      53.206     3.20784
         161       92.16      53.448     3.19703
         162       84.64     53.6405     3.18309
         163       77.44     53.7865     3.16691
         164       77.44     53.9307     3.15088
         165          64     53.9918     3.13237
         166       57.76     54.0145     3.11359
         167       57.76     54.0369     3.09502
         168       51.84     54.0238     3.07663
         169       46.24     53.9778     3.05877
         170       40.96     53.9012     3.04173
         171       40.96     53.8255     3.02489
         172          36     53.7219     3.00908
         173       31.36     53.5926     2.99446
         174       27.04       53.44     2.98113
         175       23.04     53.2663     2.96916
         176       40.96     53.1964     2.95311
         177       31.36      53.073       2.939
         178          36     52.9771     2.92405
         179       27.04     52.8322     2.91131
         180       23.04     52.6667     2.89983
         181       31.36      52.549      2.8862
         182       31.36     52.4325     2.87269
         183       23.04     52.2719     2.86148
         184       27.04     52.1348     2.84921
         185          16     51.9395      2.8405
         186          16     51.7462     2.83179
         187       12.96     51.5388     2.82423
         188        7.84     51.3064     2.81876
         189        5.76     51.0654     2.81413
         190       12.96     50.8648     2.80645
         191       12.96     50.6664     2.79877
         192       27.04     50.5433     2.78689
         193       27.04     50.4216     2.77511
         194       27.04      50.301     2.76342
         195       19.36     50.1424     2.75381
         196       23.04     50.0041     2.74322
         197          16     49.8315     2.73472
         198       19.36     49.6776     2.72524
         199       12.96     49.4931     2.71778
         200       12.96     49.3104     2.71033
         201          16     49.1447      2.7019
         202          16     48.9806     2.69351
         203       19.36     48.8347     2.68419
         204          16     48.6737     2.67585
         205          16     48.5143     2.66754
         206       12.96     48.3417     2.66017
         207       19.36     48.2017       2.651
         208       19.36     48.0631     2.64188
         209       19.36     47.9257      2.6328
         210       27.04     47.8263     2.62215
         211       31.36     47.7482     2.61088
         212       31.36     47.6709     2.59971
         213       23.04     47.5553     2.59007
         214          16     47.4079     2.58216
         215        5.76     47.2141     2.57741
         216        2.56     47.0074     2.57375
         217        2.56     46.8026     2.57003
         218        0.16     46.5886     2.56713
         219        0.64     46.3788     2.56397
         220        0.64     46.1709     2.56073
         221        0.16     45.9627     2.55759
         222        1.44     45.7622     2.55392
         223        1.44     45.5634     2.55019
         224        0.64     45.3629     2.54668
         225           0     45.1612     2.54333
         226        0.64     44.9642      2.5397
         227        1.44     44.7725     2.53574
         228           0     44.5761     2.53221
         229        0.64     44.3843     2.52841
         230        0.64     44.1941     2.52456
         231        0.64     44.0055     2.52066
         232        1.44     43.8221     2.51646
         233        2.56      43.645     2.51189
         234       10.24     43.5022      2.5052
         235       10.24     43.3607     2.49854
         236        7.84     43.2102     2.49248
         237        7.84     43.0609     2.48643
         238           4     42.8968     2.48139
         239        5.76     42.7414     2.47587
         240       12.96     42.6173     2.46866
         241       12.96     42.4943     2.46148
         242       19.36     42.3987     2.45317
         243          16       42.29     2.44548
         244       23.04     42.2111     2.43673
         245       31.36     42.1669     2.42718
         246          36     42.1418     2.41745
         247          36     42.1169     2.40779
         248       27.04     42.0561     2.39884
         249          36     42.0318     2.38933
         250       40.96     42.0275     2.37978
         251       40.96     42.0233      2.3703
         252       31.36      41.981     2.36127
         253          36     41.9573     2.35206
         254          36     41.9339     2.34292
         255       31.36     41.8924      2.3341
         256       31.36     41.8513     2.32534
         257       31.36     41.8104     2.31665
         258       27.04     41.7532     2.30838
         259       23.04     41.6809      2.3006
         260       19.36     41.5951     2.29335
         261       19.36     41.5099     2.28614
         262          16     41.4125     2.27949
         263          16     41.3159     2.27287
         264          16       41.22     2.26628
         265          16     41.1248     2.25973
         266          16     41.0304     2.25321
         267          16     40.9366     2.24672
         268          16     40.8436     2.24026
         269       19.36     40.7637     2.23336
         270       19.36     40.6844     2.22649
         271       19.36     40.6058     2.21966
         272          16     40.5153     2.21335
         273       19.36     40.4378     2.20659
         274       19.36     40.3609     2.19988
         275       12.96     40.2612     2.19414
         276        7.84     40.1438     2.18933
         277        7.84     40.0271     2.18453
         278        7.84     39.9114     2.17974
         279        7.84     39.7964     2.17495
         280       10.24     39.6909     2.16975
         281        7.84     39.5775     2.16498
         282        7.84      39.465     2.16023
         283        7.84     39.3532     2.15549
         284        7.84     39.2423     2.15075
         285        5.76     39.1248     2.14641
         286        2.56     38.9969     2.14271
         287        2.56       38.87       2.139
         288        2.56     38.7439     2.13529
         289        1.44     38.6148      2.1318
         290        2.56     38.4905     2.12807
         291        2.56      38.367     2.12433
         292        1.44     38.2405     2.12082
         293        2.56     38.1188     2.11707
         294        0.64     37.9913     2.11371
         295        0.16     37.8631     2.11043
         296        0.64     37.7373     2.10704
         297           4     37.6237     2.10301
         298        5.76     37.5168     2.09867
         299           4     37.4047     2.09464
         300        5.76     37.2992     2.09031
         301        5.76     37.1944     2.08599
         302           4     37.0845     2.08198
         303           4     36.9753     2.07797
         304        2.56     36.8621     2.07421
         305        1.44      36.746     2.07066
         306        1.44     36.6306     2.06711
         307        2.56     36.5196     2.06335
         308        2.56     36.4094      2.0596
         309        0.16      36.292     2.05627
         310        1.44     36.1796     2.05271
         311           4     36.0761     2.04871
         312        1.44     35.9651     2.04515
         313        1.44     35.8548     2.04159
         314        0.64     35.7427     2.03817
         315        0.16     35.6297     2.03482
         316        0.16     35.5175     2.03148
         317        1.44       35.41     2.02791
         318        0.64     35.3006     2.02448
         319        0.16     35.1905     2.02113
         320        0.16      35.081     2.01778
         321           0     34.9717     2.01445
         322        0.16     34.8636     2.01109
         323           0     34.7557     2.00776
         324        0.16     34.6489      2.0044
         325        0.16     34.5428     2.00104
         326        0.64     34.4388      1.9976
         327        0.64     34.3354     1.99416
         328        0.16     34.2312      1.9908
         329        0.64     34.1291     1.98737
         330        1.44     34.0301     1.98381
         331        1.44     33.9316     1.98026
         332        0.64     33.8313     1.97684
         333        1.44     33.7341     1.97329
         334        2.56     33.6407     1.96959
         335           4     33.5522      1.9657
         336        7.84     33.4757     1.96133
         337       10.24     33.4068     1.95673
         338       10.24     33.3382     1.95214
         339        5.76     33.2569     1.94807
         340           4     33.1708     1.94424
         341           4     33.0853     1.94042
         342           4     33.0002     1.93661
         343        5.76     32.9208     1.93259
         344        7.84     32.8479     1.92835
         345        5.76     32.7694     1.92436
         346       10.24     32.7043      1.9199
         347       12.96     32.6474     1.91521
         348       10.24      32.583     1.91079
         349        7.84     32.5121     1.90663
         350        5.76     32.4357     1.90271
         351        1.44     32.3474     1.89934
         352        5.76     32.2718     1.89544
         353        7.84     32.2026     1.89134
         354        5.76     32.1279     1.88747
         355       10.24     32.0663     1.88316
         356       12.96     32.0126     1.87863
         357        7.84     31.9449     1.87459
         358        5.76     31.8717     1.87078
         359        5.76      31.799     1.86698
         360           4     31.7218     1.86339
         361        2.56      31.641     1.85998
         362        5.76     31.5695     1.85622
         363           4     31.4936     1.85266
         364        1.44      31.411     1.84941
         365        2.56     31.3319     1.84603
         366        0.64     31.2481     1.84289
         367           0     31.1629     1.83983
         368        0.64       31.08      1.8367
         369        1.44     30.9997     1.83348
         370        1.44     30.9198     1.83026
         371        1.44     30.8403     1.82705
         372        0.64     30.7591     1.82395
         373        1.44     30.6805     1.82075
         374           4     30.6092     1.81728
         375        7.84     30.5485     1.81344
         376       10.24     30.4945     1.80943
         377        7.84     30.4344     1.80562
         378       12.96     30.3881     1.80144
         379       12.96     30.3422     1.79727
         380       12.96     30.2964     1.79313
         381       12.96     30.2509       1.789
         382        7.84     30.1923     1.78527
         383        5.76     30.1285     1.78175
         384           4     30.0604     1.77841
         385           4     29.9927     1.77508
         386           4     29.9254     1.77176
         387        1.44     29.8518     1.76871
         388        1.44     29.7786     1.76566
         389        1.44     29.7057     1.76263
         390        0.64     29.6312     1.75968
         391        1.44     29.5591     1.75666
         392        1.44     29.4873     1.75364
         393        0.64     29.4139     1.75072
         394        0.64     29.3409     1.74779
         395        0.64     29.2683     1.74488
         396        0.64      29.196     1.74197
         397        0.64      29.124     1.73907
         398           0     29.0509     1.73624
         399        0.16     28.9784     1.73339
         400        0.16     28.9064     1.73056
         401        2.56     28.8407     1.72749
         402        1.44     28.7725     1.72453
         403        1.44     28.7047     1.72159
         404        0.16     28.6341     1.71878
         405        0.16     28.5638     1.71597
         406        0.64      28.495     1.71312
         407        2.56     28.4313      1.7101
         408       10.24     28.3867     1.70649
         409       10.24     28.3423     1.70289
         410        7.84     28.2923     1.69947
         411           4     28.2332     1.69636
         412           4     28.1744     1.69327
         413           4     28.1158     1.69018
         414        5.76     28.0618     1.68696
         415        5.76     28.0081     1.68375
         416           4     27.9504     1.68069
         417        5.76     27.8972      1.6775
         418       10.24     27.8549     1.67402
         419           4      27.798     1.67099
         420           4     27.7413     1.66797
         421        5.76     27.6891     1.66483
         422        5.76     27.6372      1.6617
         423           4     27.5813     1.65871
         424           4     27.5257     1.65573
         425        0.64     27.4624     1.65304
         426        0.64     27.3994     1.65036
         427           4     27.3446      1.6474
         428           4     27.2901     1.64445
         429        7.84     27.2448     1.64125
         430        7.84     27.1996     1.63805
         431       10.24     27.1603     1.63472
         432       12.96     27.1274     1.63127
         433       12.96     27.0947     1.62783
         434       10.24     27.0559     1.62454
         435       12.96     27.0234     1.62113
         436       10.24      26.985     1.61787
         437       10.24     26.9466     1.61462
         438        7.84      26.903     1.61152
         439       10.24     26.8651      1.6083
         440       10.24     26.8273     1.60509
         441           4     26.7755     1.60228
         442        5.76      26.728     1.59936
         443        5.76     26.6806     1.59645
         444           4     26.6295     1.59367
         445        5.76     26.5827     1.59078
         446        5.76      26.536      1.5879
         447        5.76     26.4895     1.58503
         448        2.56     26.4361     1.58239
         449           4     26.3861     1.57965
         450        7.84     26.3449     1.57668
         451       12.96     26.3152     1.57347
         452          16     26.2924     1.57015
         453          16     26.2697     1.56685
         454       27.04     26.2714      1.5634
         455       27.04     26.2731     1.55996
         456       23.04      26.266     1.55656
         457       31.36     26.2771     1.55319
         458       31.36     26.2882     1.54984
         459          36     26.3094     1.54661
         460       31.36     26.3203     1.54328
         461          36     26.3413     1.54008
         462       31.36     26.3522     1.53678
         463       27.04     26.3537     1.53347
         464       19.36     26.3386     1.53024
         465       12.96     26.3098     1.52721
         466        5.76     26.2658     1.52457
         467           4     26.2181     1.52205
         468           4     26.1706     1.51954
         469       10.24     26.1366     1.51668
         470          16     26.1151     1.51361
         471       19.36     26.1007     1.51046
         472          16     26.0793     1.50741
         473          16      26.058     1.50438
         474       12.96     26.0304     1.50146
         475       23.04     26.0241     1.49831
         476       23.04     26.0178     1.49518
         477       27.04       26.02     1.49204
         478       27.04     26.0221     1.48892
         479       31.36     26.0332     1.48586
         480       27.04     26.0353     1.48276
         481       27.04     26.0374     1.47968
         482       23.04     26.0312     1.47662
         483       19.36     26.0174     1.47363
         484       23.04     26.0112      1.4706
         485       10.24     25.9787     1.46793
         486       12.96     25.9519     1.46515
         487          16     25.9315     1.46229
         488       19.36      25.918     1.45935
         489       19.36     25.9046     1.45643
         490       27.04     25.9069     1.45346
         491          36     25.9275     1.45064
         492          36      25.948     1.44784
         493       40.96     25.9784     1.44522
         494          36     25.9987     1.44244
         495       31.36     26.0095     1.43957
         496          36     26.0297      1.4368
         497       40.96     26.0597     1.43423
         498       31.36     26.0704     1.43139
         499       27.04     26.0723     1.42852
         500       31.36     26.0829      1.4257
         501       31.36     26.0934     1.42289
         502       40.96      26.123     1.42037
         503          36     26.1427     1.41768
         504          36     26.1622       1.415
         505       46.24      26.202     1.41276
         506       46.24     26.2416     1.41052
         507       40.96     26.2706     1.40804
         508       51.84     26.3209     1.40617
         509       40.96     26.3497      1.4037
         510       40.96     26.3784     1.40124
         511       31.36     26.3881     1.39853
         512       40.96     26.4166     1.39609
         513          36     26.4352     1.39349
         514          36     26.4539      1.3909
         515          36     26.4724     1.38833
         516          36     26.4909     1.38576
         517       46.24     26.5291      1.3836
         518       31.36     26.5384     1.38097
         519          16     26.5181     1.37845
         520       23.04     26.5114     1.37582
         521       12.96     26.4854     1.37342
         522       10.24     26.4543     1.37115
         523        7.84     26.4187     1.36899
         524        5.76     26.3792     1.36694
         525        2.56     26.3339     1.36509
         526        1.44     26.2865     1.36331
         527        0.16      26.237     1.36163
         528        1.44       26.19     1.35986
         529        2.56     26.1453     1.35802
         530        5.76     26.1069       1.356
         531        5.76     26.0685     1.35399
         532        7.84     26.0343     1.35188
         533       10.24     26.0047     1.34967
         534       10.24     25.9751     1.34746
         535          16     25.9565     1.34507
         536       12.96     25.9322     1.34278
         537        7.84     25.8985     1.34071
         538       10.24     25.8694     1.33853
         539       10.24     25.8404     1.33636
         540        7.84     25.8071      1.3343
         541        5.76     25.7701     1.33235
         542       10.24     25.7414      1.3302
         543       12.96     25.7179     1.32796
         544        7.84      25.685     1.32592
         545        7.84     25.6523     1.32389
         546       10.24      25.624     1.32177
         547        5.76     25.5877     1.31985
         548        2.56     25.5457     1.31811
         549           4     25.5064      1.3163
         550        5.76     25.4705     1.31439
         551       12.96     25.4478      1.3122
         552       10.24     25.4203     1.31012
         553           4     25.3816     1.30832
         554       12.96     25.3591     1.30615
         555          16     25.3423     1.30391
         556       23.04     25.3381     1.30157
         557       19.36     25.3274     1.29927
         558       23.04     25.3233     1.29695
         559       27.04     25.3264     1.29464
         560       23.04     25.3223     1.29233
         561       27.04     25.3253     1.29003
         562       31.36     25.3361     1.28778
         563       23.04      25.332      1.2855
         564          16     25.3155     1.28333
         565       10.24     25.2888     1.28133
         566        5.76     25.2543     1.27953
         567       12.96     25.2326     1.27746
         568       10.24     25.2062     1.27548
         569        0.64      25.163     1.27397
         570        7.84     25.1326      1.2721
         571          16     25.1166     1.26997
         572       31.36     25.1276      1.2678
         573       31.36     25.1384     1.26563
         574       27.04     25.1417     1.26343
         575       31.36     25.1526     1.26128
         576       46.24     25.1892     1.25962
         577          64     25.2564     1.25923
         578       77.44     25.3467     1.26029
         579       57.76     25.4027     1.25935
         580          36      25.421     1.25732
         581       23.04     25.4169     1.25516
         582          36     25.4351     1.25313
         583       40.96     25.4617     1.25127
         584       51.84     25.5068     1.24994
         585       57.76      25.562     1.24902
         586       46.24     25.5973     1.24738
         587       46.24     25.6324     1.24576
         588       46.24     25.6675     1.24413
         589       27.04     25.6698     1.24202
         590       46.24     25.7047      1.2404
         591       57.76     25.7589     1.23949
         592       51.84      25.803     1.23818
         593       31.36     25.8123     1.23613
         594       31.36     25.8217     1.23408
         595       31.36      25.831     1.23204
         596       31.36     25.8403     1.23001
         597       23.04     25.8356     1.22796
         598       23.04     25.8309     1.22591
         599       31.36     25.8401      1.2239
         600          36     25.8571     1.22198
         601       31.36     25.8662     1.21998
         602       27.04     25.8682     1.21795
         603       19.36     25.8574     1.21598
         604       12.96      25.836     1.21416
         605       10.24     25.8102     1.21242
         606       12.96      25.789     1.21061
         607       10.24     25.7634     1.20889
         608       12.96     25.7424     1.20708
         609          16     25.7264      1.2052
         610       19.36     25.7159     1.20327
         611       19.36     25.7055     1.20135
         612       19.36     25.6952     1.19943
         613       19.36     25.6848     1.19752
         614       19.36     25.6745     1.19561
         615       23.04     25.6702     1.19368
         616       23.04      25.666     1.19175
         617       23.04     25.6617     1.18982
         618       27.04     25.6639      1.1879
         619       31.36     25.6732     1.18602
         620       31.36     25.6823     1.18414
         621       31.36     25.6915     1.18227
         622       40.96      25.716     1.18062
         623       27.04     25.7181     1.17873
         624       23.04     25.7138     1.17685
         625       23.04     25.7096     1.17497
         626          36      25.726     1.17321
         627       31.36      25.735     1.17137
         628          36     25.7513     1.16962
         629       31.36     25.7603      1.1678
         630          36     25.7765     1.16606
         631          36     25.7927     1.16432
         632       27.04     25.7947     1.16248
         633       19.36     25.7845     1.16069
         634       31.36     25.7933     1.15889
         635          36     25.8094     1.15718
         636       40.96     25.8332      1.1556
         637       31.36     25.8419     1.15382
         638       31.36     25.8505     1.15204
         639       19.36     25.8404     1.15029
         640       27.04     25.8423     1.14849
         641       19.36     25.8321     1.14674
         642       23.04     25.8278     1.14497
         643          16     25.8125     1.14329
         644       19.36     25.8025     1.14156
         645       23.04     25.7982     1.13979
         646       19.36     25.7882     1.13807
         647          16     25.7731     1.13641
         648          16      25.758     1.13476
         649       12.96     25.7383     1.13318
         650       12.96     25.7186     1.13161
         651        5.76      25.688     1.13029
         652        5.76     25.6574     1.12897
         653           4     25.6243     1.12773
         654           4     25.5912     1.12649
         655        7.84     25.5641     1.12509
         656        5.76     25.5339     1.12378
         657       10.24     25.5106     1.12231
         658        7.84     25.4838     1.12093
         659        7.84      25.457     1.11955
         660       10.24     25.4339     1.11809
         661        0.64     25.3964     1.11703
         662        0.16     25.3583     1.11599
         663        0.16     25.3203     1.11495
         664        0.16     25.2824     1.11392
         665           4     25.2504      1.1127
         666        2.56     25.2163     1.11155
         667           4     25.1845     1.11034
         668        5.76     25.1554     1.10906
         669        7.84     25.1296      1.1077
         670       10.24     25.1073     1.10627
         671       10.24     25.0852     1.10485
         672       10.24     25.0631     1.10342
         673          16     25.0496     1.10187
         674       19.36     25.0412     1.10026
         675          16     25.0278     1.09871
         676       23.04     25.0249     1.09709
         677       31.36     25.0342     1.09551
         678       46.24     25.0655     1.09434
         679       57.76     25.1136     1.09379
         680       57.76     25.1616     1.09323
         681          64     25.2187     1.09312
         682          64     25.2755     1.09299
         683       51.84     25.3144     1.09208
         684       51.84     25.3532     1.09117
         685          36     25.3688     1.08969
         686       40.96     25.3915     1.08834
         687       46.24     25.4218     1.08718
         688       46.24     25.4521     1.08602
         689       51.84     25.4904     1.08512
         690       46.24     25.5205     1.08396
         691       51.84     25.5586     1.08306
         692       57.76     25.6051      1.0825
         693       51.84     25.6429      1.0816
         694       46.24     25.6726     1.08045
         695       40.96     25.6946     1.07911
         696       40.96     25.7166     1.07779
         697       46.24      25.746     1.07664
         698       51.84     25.7834     1.07575
         699       70.56     25.8474     1.07612
         700       70.56     25.9113     1.07647
         701       70.56      25.975     1.07682
         702       70.56     26.0385     1.07716
         703          64     26.0925     1.07698
         704       57.76     26.1375     1.07639
         705       46.24      26.166     1.07524
         706       40.96      26.187     1.07392
         707       46.24     26.2153     1.07277
         708       51.84     26.2515     1.07187
         709       57.76      26.296     1.07128
         710       46.24     26.3241     1.07014
         711       46.24     26.3521       1.069
         712          36     26.3656     1.06758
         713          36     26.3791     1.06617
         714       40.96     26.3996     1.06487
         715       51.84     26.4351     1.06398
         716          64     26.4876     1.06379
         717          64     26.5399     1.06359
         718       70.56     26.6012     1.06387
         719          64     26.6532     1.06366
         720       77.44     26.7238     1.06452
         721       70.56     26.7846     1.06478
         722          64     26.8361     1.06455
         723       70.56     26.8966      1.0648
         724          64     26.9478     1.06456
         725          64      26.999     1.06432
         726          64     27.0499     1.06407
         727       46.24     27.0763     1.06293
         728       27.04     27.0763     1.06147
         729       31.36     27.0821     1.06003
         730       23.04     27.0766      1.0586
         731          16     27.0615     1.05726
         732       19.36     27.0509     1.05586
         733        5.76     27.0219     1.05482
         734        7.84     26.9957     1.05371
         735          16     26.9808     1.05238
         736        7.84     26.9548     1.05127
         737       12.96     26.9358     1.05002
         738          16      26.921      1.0487
         739        5.76     26.8923     1.04767
         740          16     26.8776     1.04636
         741          16     26.8629     1.04505
         742       19.36     26.8528     1.04369
         743       12.96     26.8341     1.04245
         744          16     26.8196     1.04116
         745       10.24     26.7973        1.04
         746        5.76     26.7691     1.03898
         747        7.84     26.7438      1.0379
         748        5.76     26.7157     1.03689
         749        7.84     26.6905     1.03582
         750        5.76     26.6626     1.03481
         751        5.76     26.6348     1.03381
         752           4     26.6047     1.03287
         753        2.56     26.5727     1.03199
         754        0.64     26.5384      1.0312
         755        0.64     26.5041      1.0304
         756           0      26.469     1.02963
         757           0      26.434     1.02887
         758        0.16     26.3994     1.02809
         759        1.44     26.3665     1.02726
         760        1.44     26.3337     1.02644
         761        1.44      26.301     1.02561
         762        0.64     26.2673     1.02482
         763        0.16     26.2331     1.02404
         764        0.64     26.1996     1.02325
         765           4     26.1706     1.02232
         766        0.64     26.1372     1.02153
         767        0.64      26.104     1.02074
         768           0       26.07     1.01998
         769           0     26.0361     1.01922
         770           0     26.0023     1.01845
         771        0.16     25.9688     1.01768
         772        2.56     25.9384     1.01682
         773        7.84      25.915     1.01577
         774       10.24     25.8948     1.01466
         775          16      25.882     1.01343
         776       12.96     25.8654     1.01226
         777       10.24     25.8453     1.01116
         778       10.24     25.8252     1.01006
         779       12.96     25.8087      1.0089
         780       23.04     25.8051     1.00761
         781          36     25.8182      1.0064
         782       31.36     25.8253     1.00514
         783       27.04     25.8268     1.00386
         784       27.04     25.8284     1.00258
         785       31.36     25.8354     1.00133
         786       31.36     25.8424     1.00008
         787       27.04      25.844    0.998809
         788       31.36      25.851    0.997566
         789       19.36     25.8427    0.996335
         790       27.04     25.8443    0.995075
         791          36     25.8571      0.9939
         792          36     25.8699    0.992727
         793       40.96     25.8889    0.991658
         794       40.96     25.9079    0.990591
         795          36     25.9206    0.989426
         796       40.96     25.9395    0.988363
         797       40.96     25.9583    0.987303
         798       46.24     25.9838    0.986393
         799       40.96     26.0025    0.985336
         800       27.04     26.0038    0.984106
         801       19.36     25.9955    0.982912
         802          16      25.983    0.981765
         803       31.36     25.9897    0.980566
         804       31.36     25.9964    0.979369
         805       40.96      26.015    0.978328
         806       51.84      26.047    0.977639
         807          36     26.0594    0.976506
         808       31.36     26.0659    0.975319
         809       19.36     26.0577    0.974149
         810       19.36     26.0494    0.972981
         811       19.36     26.0411    0.971816
         812          16     26.0288    0.970698
         813       12.96     26.0127    0.969637
         814        7.84     25.9904    0.968703
         815       10.24      25.971    0.967707
         816        2.56     25.9424    0.966947
         817        2.56     25.9137    0.966186
         818        5.76     25.8891    0.965319
         819           4     25.8624    0.964511
         820           4     25.8357    0.963703
         821           4     25.8091    0.962896
         822        5.76     25.7847    0.962033
         823           4     25.7583    0.961229
         824        1.44     25.7287    0.960515
         825        0.16     25.6977    0.959851
         826        0.64     25.6674    0.959168
         827        0.64     25.6371    0.958485
         828        0.16     25.6064    0.957821
         829        0.16     25.5757    0.957158
         830        0.64     25.5456    0.956476
         831        0.64     25.5157    0.955794
         832        0.16     25.4852    0.955131
         833        0.16     25.4548    0.954468
         834        0.16     25.4245    0.953806
         835        1.44     25.3957    0.953096
         836        2.56     25.3684    0.952347
         837        2.56     25.3412    0.951599
         838        0.64     25.3117     0.95092
         839           4     25.2863    0.950126
         840           4      25.261    0.949333
         841       10.24     25.2431    0.948372
         842        7.84     25.2224    0.947471
         843        7.84     25.2018    0.946571
         844        5.76     25.1788     0.94573
         845           4     25.1537    0.944943
         846           4     25.1287    0.944156
         847        1.44     25.1007    0.943456
         848        0.64     25.0719    0.942784
         849        0.16     25.0425     0.94213
         850        1.44     25.0148    0.941431
         851        1.44     24.9871    0.940732
         852        0.64     24.9585    0.940062
         853        0.16     24.9294    0.939409
         854        0.64      24.901     0.93874
         855        1.44     24.8735    0.938043
         856        2.56     24.8475    0.937309
         857           4     24.8232    0.936531
         858           4     24.7989    0.935754
         859        7.84     24.7791    0.934873
         860        7.84     24.7594    0.933993
         861       10.24     24.7426    0.933061
         862       10.24     24.7258     0.93213
         863        5.76     24.7038    0.931309
         864        2.56     24.6781    0.930583
         865           4     24.6542    0.929815
         866        5.76     24.6324    0.928997
         867       10.24     24.6158    0.928074
         868       10.24     24.5993    0.927152
         869        2.56     24.5739    0.926432
         870           4     24.5503    0.925669
         871        0.16     24.5223     0.92503
         872           0     24.4941    0.924396
         873        0.16     24.4663    0.923758
         874           0     24.4383    0.923125
         875        0.16     24.4105    0.922487
         876           0     24.3826    0.921854
         877        0.16      24.355    0.921217
         878        0.16     24.3275     0.92058
         879        1.44     24.3014    0.919901
         880        0.64     24.2745    0.919248
         881        0.64     24.2477    0.918596
         882        1.44     24.2219    0.917918
         883        2.56     24.1973    0.917207
         884        2.56     24.1729    0.916496
         885        5.76      24.152    0.915696
         886       10.24     24.1363    0.914797
         887       12.96     24.1237    0.913853
         888       12.96     24.1112     0.91291
         889        7.84     24.0929    0.912067
         890        7.84     24.0746    0.911225
         891       10.24     24.0591    0.910334
         892          16       24.05    0.909358
         893          16      24.041    0.908385
         894          16      24.032    0.907413
         895       23.04     24.0309      0.9064
         896       19.36     24.0257    0.905403
         897       23.04     24.0246    0.904395
         898       23.04     24.0235    0.903388
         899       19.36     24.0183    0.902398
         900       19.36     24.0132     0.90141
         901       19.36      24.008    0.900425
         902       23.04     24.0069    0.899427
         903       27.04     24.0103    0.898437
         904       19.36     24.0051    0.897458
         905          16     23.9963     0.89651
         906       19.36     23.9912    0.895535
         907       27.04     23.9945    0.894554
         908       27.04     23.9979    0.893575
         909       23.04     23.9968    0.892593
         910       27.04     24.0002    0.891618
         911       27.04     24.0035    0.890646
         912       23.04     24.0025     0.88967
         913       27.04     24.0058    0.888702
         914       31.36     24.0138    0.887766
         915       31.36     24.0219    0.886832
         916       23.04     24.0208    0.885864
         917       23.04     24.0197    0.884899
         918       23.04     24.0186    0.883936
         919       23.04     24.0176    0.882974
         920       31.36     24.0256    0.882051
         921          36     24.0386    0.881189
         922       27.04     24.0418    0.880239
         923       27.04     24.0451    0.879291
         924       31.36      24.053    0.878375
         925       27.04     24.0562    0.877432
         926       27.04     24.0594     0.87649
         927       19.36     24.0544    0.875559
         928       27.04     24.0576    0.874622
         929       23.04     24.0565    0.873681
         930       27.04     24.0597    0.872747
         931       27.04     24.0629    0.871816
         932          36     24.0757    0.870975
         933          36     24.0885    0.870135
         934          36     24.1012    0.869297
         935          36      24.114     0.86846
         936          36     24.1267    0.867625
         937       40.96     24.1446    0.866885
         938       40.96     24.1626    0.866146
         939       40.96     24.1804    0.865408
         940          36      24.193    0.864579
         941          36     24.2056    0.863751
         942          36     24.2181    0.862925
         943       40.96     24.2358    0.862193
         944          36     24.2483    0.861369
         945       23.04      24.247    0.860459
         946       27.04       24.25    0.859554
         947       27.04     24.2529    0.858652
         948       31.36     24.2604    0.857779
         949       31.36     24.2679    0.856908
         950       31.36     24.2754    0.856038
         951       31.36     24.2828     0.85517
         952       31.36     24.2903    0.854304
         953       31.36     24.2977     0.85344
         954       46.24     24.3207    0.852855
         955       57.76     24.3557    0.852681
         956       46.24     24.3786    0.852096
         957       40.96     24.3959    0.851382
         958          36      24.408    0.850579
         959          36     24.4201    0.849778
         960       40.96     24.4373    0.849068
         961       40.96     24.4545    0.848358
         962       31.36     24.4617    0.847507
         963       27.04     24.4644    0.846631
         964       19.36     24.4591    0.845769
         965       19.36     24.4538    0.844909
         966       23.04     24.4523    0.844036
         967       19.36     24.4471    0.843179
         968       19.36     24.4418    0.842325
         969          16     24.4331    0.841501
         970          16     24.4244    0.840678
         971          16     24.4157    0.839857
         972       23.04     24.4143    0.838994
         973       19.36     24.4091    0.838148
         974       23.04     24.4077    0.837289
         975       23.04     24.4063    0.836431
         976       27.04      24.409    0.835578
         977       27.04     24.4117    0.834727
         978       31.36     24.4188    0.833904
         979       23.04     24.4174    0.833054
         980       19.36     24.4122    0.832219
         981       19.36     24.4071    0.831387
         982       27.04     24.4098    0.830545
         983       31.36     24.4168     0.82973
         984       31.36     24.4239    0.828917
         985       31.36     24.4309    0.828105
         986       46.24     24.4531    0.827561
         987       40.96     24.4698    0.826891
         988       46.24     24.4918    0.826348
         989       23.04     24.4904    0.825513
         990       23.04     24.4889    0.824681
         991          16     24.4803    0.823893
         992       10.24      24.466    0.823188
         993       10.24     24.4516    0.822483
         994       12.96     24.4401    0.821737
         995       19.36      24.435    0.820927
         996          16     24.4265    0.820147
         997       12.96      24.415    0.819405
         998       12.96     24.4035    0.818664
         999       12.96     24.3921    0.817925
        1000       19.36      24.387    0.817122
        1001       19.36      24.382    0.816321
        1002       19.36      24.377    0.815522
        1003          36     24.3886    0.814791
        1004          36     24.4002    0.814062
        1005       31.36     24.4071    0.813281
        1006       31.36      24.414    0.812502
        1007          36     24.4255    0.811777
        1008       40.96     24.4419    0.811137
        1009       40.96     24.4583    0.810498
        1010       40.96     24.4746    0.809861
        1011       31.36     24.4814    0.809088
        1012          36     24.4928    0.808369
        1013       40.96     24.5091    0.807734
        1014          36     24.5204    0.807017
        1015       31.36     24.5271     0.80625
        1016          36     24.5384    0.805536
        1017       31.36     24.5451    0.804772
        1018       31.36     24.5518    0.804009
        1019          36     24.5631    0.803298
        1020       46.24     24.5843    0.802792
        1021       51.84      24.611    0.802449
        1022          64     24.6495    0.802589
        1023       51.84     24.6761    0.802245
        1024       40.96      24.692    0.801619
        1025       31.36     24.6985    0.800863
        1026       31.36      24.705    0.800109
        1027          36      24.716    0.799405
        1028       40.96     24.7318    0.798784
        1029       46.24     24.7527    0.798281
        1030          64     24.7908    0.798415
        1031       51.84     24.8171    0.798071
        1032       40.96     24.8327    0.797451
        1033       40.96     24.8483    0.796832
        1034       57.76     24.8802    0.796697
        1035       57.76     24.9119     0.79656
        1036       51.84     24.9379    0.796215
        1037       40.96     24.9534    0.795598
        1038       40.96     24.9688     0.79498
        1039       31.36     24.9749    0.794239
        1040       31.36     24.9811    0.793499
        1041       27.04     24.9831    0.792739
        1042       19.36     24.9777    0.791997
        1043       12.96     24.9661    0.791321
        1044          16     24.9575     0.79061
        1045       19.36     24.9522    0.789872
        1046       23.04     24.9504    0.789119
        1047       23.04     24.9485    0.788367
        1048       27.04     24.9505    0.787617
        1049       23.04     24.9487    0.786869
        1050       19.36     24.9434    0.786137
        1051       27.04     24.9454    0.785392
        1052          16     24.9369    0.784691
        1053       12.96     24.9255    0.784028
        1054        7.84     24.9093    0.783452
        1055       10.24     24.8954    0.782833
        1056       12.96     24.8841    0.782173
        1057          16     24.8757    0.781478
        1058          16     24.8673    0.780785
        1059       12.96     24.8561    0.780128
        1060          16     24.8477    0.779437
        1061       23.04      24.846    0.778704
        1062       27.04     24.8481    0.777974
        1063       23.04     24.8464    0.777244
        1064       27.04     24.8484    0.776516
        1065       27.04     24.8505     0.77579
        1066       23.04     24.8488    0.775064
        1067       27.04     24.8508     0.77434
        1068       23.04     24.8491    0.773617
        1069       23.04     24.8474    0.772895
        1070       27.04     24.8495    0.772176
        1071       27.04     24.8515    0.771457
        1072       31.36     24.8576    0.770762
        1073       40.96     24.8726    0.770189
        1074       46.24     24.8925    0.769729
        1075          36     24.9028    0.769082
        1076          36     24.9132    0.768437
        1077          36     24.9235    0.767792
        1078          36     24.9337    0.767149
        1079          36      24.944    0.766506
        1080       31.36     24.9499     0.76582
        1081       40.96     24.9647    0.765254
        1082       40.96     24.9795     0.76469
        1083          36     24.9897    0.764051
        1084          36     24.9999    0.763414
        1085       40.96     25.0146    0.762852
        1086       40.96     25.0292    0.762291
        1087       46.24     25.0488     0.76184
        1088       57.76     25.0788    0.761732
        1089       51.84     25.1034    0.761429
        1090       51.84     25.1279    0.761126
        1091       57.76     25.1578    0.761015
        1092          64     25.1934    0.761149
        1093       77.44     25.2412    0.761952
        1094          64     25.2766    0.762079
        1095       46.24     25.2958    0.761624
        1096       40.96     25.3101    0.761063
        1097       51.84     25.3343    0.760753
        1098       70.56     25.3754    0.761175
        1099       84.64     25.4294     0.76239
        1100       84.64     25.4832    0.763595
        1101       84.64     25.5369    0.764789
        1102       77.44      25.584    0.765544
        1103       77.44      25.631    0.766292
        1104         100     25.6984    0.768553
        1105         100     25.7656    0.770794
        1106         100     25.8328    0.773013
        1107         100     25.8998    0.775213
        1108         100     25.9666    0.777393
        1109         100     26.0334    0.779553
        1110         100        26.1    0.781694
        1111         100     26.1666    0.783815
        1112         100     26.2329    0.785917
        1113         100     26.2992    0.788001
        1114         100     26.3654    0.790066
        1115         100     26.4314    0.792112
        1116         100     26.4973    0.794141
        1117         100     26.5632    0.796152
        1118         100     26.6288    0.798145
        1119         100     26.6944     0.80012
        1120         100     26.7599    0.802078
        1121         100     26.8252    0.804019
        1122         100     26.8904    0.805944
        1123         100     26.9555    0.807851
        1124         100     27.0205    0.809742
        1125         100     27.0854    0.811616
        1126       77.44     27.1301    0.812127
        1127       84.64     27.1811    0.813008
        1128       84.64     27.2321    0.813881
        1129       84.64     27.2829    0.814747
        1130       84.64     27.3337    0.815606
        1131       92.16      27.391    0.816896
        1132       77.44     27.4352     0.81737
        1133       57.76      27.462    0.817087
        1134          64     27.4942    0.817001
        1135       70.56     27.5321    0.817162
        1136       84.64     27.5824    0.817988
        1137       92.16     27.6392    0.819238
        1138       92.16     27.6959    0.820477
        1139         100     27.7594    0.822209
        1140         100     27.8227    0.823926
        1141         100      27.886    0.825629
        1142         100     27.9491    0.827317
        1143         100     28.0122    0.828991
        1144         100     28.0751    0.830652
        1145         100     28.1379    0.832298
        1146         100     28.2006    0.833931
        1147         100     28.2632     0.83555
        1148         100     28.3257    0.837155
        1149         100     28.3881    0.838747
        1150         100     28.4504    0.840326
        1151         100     28.5125    0.841893
        1152         100     28.5746    0.843446
        1153         100     28.6365    0.844986
        1154         100     28.6984    0.846514
        1155         100     28.7601    0.848029
        1156         100     28.8217    0.849531
        1157         100     28.8832    0.851022
        1158         100     28.9447      0.8525
        1159         100      29.006    0.853966
        1160         100     29.0672     0.85542
        1161         100     29.1283    0.856862
        1162         100     29.1893    0.858293
        1163         100     29.2501    0.859712
        1164         100     29.3109    0.861119
        1165         100     29.3716    0.862515
        1166         100     29.4322      0.8639
        1167         100     29.4926    0.865273
        1168         100      29.553    0.866635
        1169         100     29.6133    0.867987
        1170         100     29.6734    0.869327
        1171         100     29.7335    0.870657
        1172         100     29.7934    0.871976
        1173         100     29.8533    0.873284
        1174         100      29.913    0.874582
        1175         100     29.9727    0.875869
        1176         100     30.0322    0.877146
        1177         100     30.0917    0.878413
        1178         100      30.151     0.87967
        1179         100     30.2103    0.880916
        1180         100     30.2694    0.882153
        1181         100     30.3285     0.88338
        1182         100     30.3874    0.884597
        1183         100     30.4463    0.885804
        1184         100      30.505    0.887002
        1185         100     30.5636     0.88819
        1186         100     30.6222    0.889368
        1187         100     30.6806    0.890538
        1188         100      30.739    0.891698
        1189         100     30.7972    0.892848
        1190         100     30.8554     0.89399
        1191         100     30.9135    0.895122
        1192         100     30.9714    0.896246
        1193         100     31.0293     0.89736
        1194         100      31.087    0.898466
        1195         100     31.1447    0.899563
        1196         100     31.2023    0.900651
        1197         100     31.2597    0.901731
        1198         100     31.3171    0.902802
        1199         100     31.3744    0.903864
        1200         100     31.4316    0.904919
        1201         100     31.4887    0.905964
        1202         100     31.5457    0.907002
        1203         100     31.6026    0.908031
        1204         100     31.6594    0.909052
        1205         100     31.7161    0.910065
        1206         100     31.7727     0.91107
        1207         100     31.8293    0.912067
        1208         100     31.8857    0.913056
        1209         100      31.942    0.914038
        1210         100     31.9983    0.915011
        1211         100     32.0544    0.915977
        1212         100     32.1105    0.916935
        1213         100     32.1665    0.917886
        1214         100     32.2223    0.918829
        1215         100     32.2781    0.919765
        1216         100     32.3338    0.920693
        1217         100     32.3894    0.921614
        1218         100     32.4449    0.922527
        1219         100     32.5003    0.923433
        1220         100     32.5557    0.924332
        1221         100     32.6109    0.925224
        1222         100     32.6661    0.926109
        1223         100     32.7211    0.926987
        1224         100     32.7761    0.927858
        1225         100      32.831    0.928722
        1226         100     32.8857    0.929579
        1227         100     32.9404    0.930429
        1228         100      32.995    0.931273
        1229         100     33.0496    0.932109
        1230         100      33.104     0.93294
        1231         100     33.1583    0.933763
        1232         100     33.2126     0.93458
        1233         100     33.2668     0.93539
        1234         100     33.3208    0.936194
        1235         100     33.3748    0.936992
        1236         100     33.4287    0.937783
        1237         100     33.4826    0.938568
        1238         100     33.5363    0.939346
        1239         100     33.5899    0.940119
        1240         100     33.6435    0.940885
        1241         100      33.697    0.941645
        1242         100     33.7503    0.942399
        1243         100     33.8036    0.943146
        1244         100     33.8568    0.943888
        1245         100       33.91    0.944624
        1246         100      33.963    0.945354
        1247         100      34.016    0.946078
        1248         100     34.0688    0.946796
        1249         100     34.1216    0.947508
        1250         100     34.1743    0.948215
        1251         100      34.227    0.948916
        1252         100     34.2795    0.949611
        1253         100     34.3319    0.950301
        1254         100     34.3843    0.950984
        1255         100     34.4366    0.951663
        1256         100     34.4888    0.952336
        1257         100     34.5409    0.953003
        1258         100     34.5929    0.953665
        1259         100     34.6449    0.954322
        1260         100     34.6968    0.954973
        1261         100     34.7485    0.955619
        1262         100     34.8003    0.956259
        1263         100     34.8519    0.956894
        1264         100     34.9034    0.957524
        1265         100     34.9549    0.958149
        1266         100     35.0063    0.958769
        1267         100     35.0576    0.959383
        1268         100     35.1088    0.959993
        1269         100     35.1599    0.960597
        1270         100      35.211    0.961197
        1271         100     35.2619    0.961791
        1272         100     35.3128    0.962381
        1273         100     35.3636    0.962965
        1274         100     35.4144    0.963545
        1275         100      35.465     0.96412
        1276         100     35.5156     0.96469
        1277         100     35.5661    0.965255
        1278         100     35.6165    0.965816
        1279         100     35.6669    0.966372
        1280         100     35.7171    0.966923
        1281         100     35.7673    0.967469
        1282         100     35.8174    0.968011
        1283         100     35.8674    0.968549
        1284         100     35.9174    0.969081
        1285         100     35.9673    0.969609
        1286         100      36.017    0.970133
        1287         100     36.0668    0.970652
        1288         100     36.1164    0.971167
        1289         100      36.166    0.971677
        1290         100     36.2154    0.972183
        1291         100     36.2648    0.972685
        1292         100     36.3142    0.973182
        1293         100     36.3634    0.973675
        1294         100     36.4126    0.974164
        1295         100     36.4617    0.974648
        1296         100     36.5107    0.975129
        1297         100     36.5597    0.975605
        1298         100     36.6086    0.976076
        1299         100     36.6574    0.976544
        1300         100     36.7061    0.977008
        1301         100     36.7547    0.977467
        1302         100     36.8033    0.977923
        1303         100     36.8518    0.978374
        1304         100     36.9002    0.978822
        1305         100     36.9486    0.979265
        1306         100     36.9969    0.979705
        1307         100     37.0451     0.98014
        1308         100     37.0932    0.980572
        1309         100     37.1413       0.981
        1310         100     37.1893    0.981424
        1311         100     37.2372    0.981844
        1312         100      37.285     0.98226
        1313         100     37.3328    0.982673
        1314         100     37.3805    0.983082
        1315         100     37.4281    0.983487
        1316       92.16     37.4697    0.983618
        1317         100     37.5171    0.984017
        1318         100     37.5646    0.984411
        1319         100     37.6119    0.984803
        1320         100     37.6592     0.98519
        1321         100     37.7063    0.985574
        1322         100     37.7535    0.985954
        1323         100     37.8005    0.986331
        1324         100     37.8475    0.986704
        1325         100     37.8944    0.987074
        1326         100     37.9412     0.98744
        1327         100      37.988    0.987803
        1328         100     38.0347    0.988162
        1329         100     38.0813    0.988518
        1330         100     38.1279     0.98887
        1331         100     38.1744    0.989219
        1332         100     38.2208    0.989565
        1333         100     38.2671    0.989907
        1334         100     38.3134    0.990246
        1335         100     38.3596    0.990582
        1336         100     38.4057    0.990914
        1337         100     38.4518    0.991244
        1338         100     38.4978     0.99157
        1339         100     38.5437    0.991892
        1340         100     38.5896    0.992212
        1341         100     38.6354    0.992528
        1342         100     38.6811    0.992841
        1343         100     38.7268    0.993151
        1344         100     38.7724    0.993458
        1345         100     38.8179    0.993762
        1346         100     38.8634    0.994063
        1347       84.64     38.8973    0.993905
        1348       77.44     38.9259    0.993579
        1349       70.56     38.9494    0.993119
        1350       51.84     38.9589     0.99243
        1351       57.76     38.9728    0.991793
        1352          36     38.9707    0.991062
        1353       40.96     38.9721     0.99033
        1354          64     38.9906    0.989771
        1355       57.76     39.0045    0.989138
        1356       70.56     39.0277    0.988682
        1357       84.64     39.0613    0.988525
        1358       70.56     39.0845    0.988069
        1359         100     39.1294    0.988358
        1360         100     39.1741    0.988644
        1361         100     39.2188    0.988927
        1362         100     39.2634    0.989208
        1363         100      39.308    0.989485
        1364         100     39.3525     0.98976
        1365         100     39.3969    0.990031
        1366         100     39.4413      0.9903
        1367         100     39.4856    0.990566
        1368         100     39.5298    0.990829
        1369         100      39.574    0.991089
        1370         100     39.6181    0.991347
        1371         100     39.6621    0.991602
        1372         100     39.7061    0.991854
        1373         100       39.75    0.992103
        1374         100     39.7939    0.992349
        1375         100     39.8377    0.992593
        1376         100     39.8814    0.992834
        1377         100     39.9251    0.993073
        1378         100     39.9687    0.993309
        1379         100     40.0122    0.993542
        1380         100     40.0557    0.993772
        1381         100     40.0991       0.994
        1382         100     40.1424    0.994226
        1383         100     40.1857    0.994448
        1384         100     40.2289    0.994668
        1385         100     40.2721    0.994886
        1386         100     40.3152    0.995101
        1387         100     40.3582    0.995314
        1388         100     40.4012    0.995524
        1389         100     40.4441    0.995731
        1390         100     40.4869    0.995936
        1391         100     40.5297    0.996139
        1392         100     40.5724    0.996339
        1393         100     40.6151    0.996537
        1394         100     40.6577    0.996732
        1395         100     40.7002    0.996925
        1396         100     40.7427    0.997115
        1397         100     40.7851    0.997303
        1398         100     40.8275    0.997489
        1399         100     40.8698    0.997672
        1400         100      40.912    0.997853
        1401         100     40.9542    0.998032
        1402       92.16     40.9907    0.997988
        1403         100     41.0328    0.998163
        1404         100     41.0748    0.998335
        1405         100     41.1167    0.998505
        1406         100     41.1586    0.998673
        1407         100     41.2004    0.998838
        1408         100     41.2422    0.999001
        1409         100     41.2839    0.999162
        1410         100     41.3255    0.999321
        1411         100     41.3671    0.999478
        1412         100     41.4086    0.999632
        1413         100     41.4501    0.999784
        1414         100     41.4915    0.999934
        1415         100     41.5328     1.00008
        1416         100     41.5741     1.00023
        1417         100     41.6154     1.00037
        1418         100     41.6565     1.00051
        1419         100     41.6976     1.00065
        1420         100     41.7387     1.00079
        1421         100     41.7797     1.00092
        1422       92.16     41.8151     1.00085
        1423         100      41.856     1.00098
        1424         100     41.8969     1.00111
        1425         100     41.9376     1.00124
        1426         100     41.9783     1.00136
        1427         100      42.019     1.00149
        1428         100     42.0596     1.00161
        1429         100     42.1002     1.00173
        1430         100     42.1406     1.00184
        1431         100     42.1811     1.00196
        1432         100     42.2215     1.00207
        1433         100     42.2618     1.00218
        1434         100      42.302     1.00229
        1435         100     42.3422      1.0024
        1436         100     42.3824     1.00251
        1437         100     42.4225     1.00261
        1438         100     42.4625     1.00271
        1439         100     42.5025     1.00281
        1440         100     42.5424     1.00291
        1441         100     42.5823     1.00301
        1442         100     42.6221      1.0031
        1443         100     42.6619     1.00319
        1444         100     42.7016     1.00329
        1445         100     42.7413     1.00337
        1446         100     42.7809     1.00346
        1447         100     42.8204     1.00355
        1448         100     42.8599     1.00363
        1449         100     42.8993     1.00371
        1450         100     42.9387     1.00379
        1451         100      42.978     1.00387
        1452         100     43.0173     1.00395
        1453         100     43.0565     1.00402
        1454         100     43.0957     1.00409
        1455         100     43.1348     1.00417
        1456         100     43.1738     1.00424
        1457         100     43.2128      1.0043
        1458         100     43.2518     1.00437
        1459         100     43.2907     1.00443
        1460         100     43.3295      1.0045
        1461         100     43.3683     1.00456
        1462         100     43.4071     1.00462
        1463         100     43.4457     1.00468
        1464         100     43.4844     1.00473
        1465         100     43.5229     1.00479
        1466         100     43.5615     1.00484
        1467         100     43.5999     1.00489
        1468         100     43.6384     1.00494
        1469         100     43.6767     1.00499
        1470         100      43.715     1.00503
        1471         100     43.7533     1.00508
        1472         100     43.7915     1.00512
        1473         100     43.8297     1.00516
        1474         100     43.8678      1.0052
        1475         100     43.9058     1.00524
        1476         100     43.9438     1.00528
        1477         100     43.9818     1.00532
        1478         100     44.0197     1.00535
        1479         100     44.0576     1.00538
        1480         100     44.0954     1.00541
        1481         100     44.1331     1.00544
        1482         100     44.1708     1.00547
        1483         100     44.2084      1.0055
        1484         100      44.246     1.00552
        1485         100     44.2836     1.00555
        1486         100     44.3211     1.00557
        1487         100     44.3585     1.00559
        1488         100     44.3959     1.00561
        1489         100     44.4333     1.00563
        1490         100     44.4706     1.00564
        1491       92.16     44.5025     1.00548
        1492       92.16     44.5345     1.00531
        1493       84.64     44.5613     1.00499
        1494         100     44.5984     1.00501
        1495         100     44.6355     1.00502
        1496         100     44.6725     1.00503
        1497         100     44.7095     1.00503
        1498         100     44.7464     1.00504
        1499         100     44.7832     1.00505
        1500         100     44.8201     1.00505
        1501         100     44.8568     1.00505
        1502         100     44.8935     1.00505
        1503         100     44.9302     1.00505
        1504         100     44.9668     1.00505
        1505         100     45.0034     1.00505
        1506         100     45.0399     1.00505
        1507         100     45.0764     1.00504
        1508         100     45.1128     1.00503
        1509         100     45.1492     1.00503
        1510         100     45.1855     1.00502
        1511         100     45.2218     1.00501
        1512         100      45.258     1.00499
        1513         100     45.2942     1.00498
        1514         100     45.3303     1.00497
        1515         100     45.3664     1.00495
        1516         100     45.4024     1.00493
        1517         100     45.4384     1.00492
        1518         100     45.4744      1.0049
        1519         100     45.5103     1.00487
        1520         100     45.5461     1.00485
        1521         100     45.5819     1.00483
        1522         100     45.6177     1.00481
        1523         100     45.6534     1.00478
        1524         100      45.689     1.00475
        1525         100     45.7246     1.00473
        1526         100     45.7602      1.0047
        1527         100     45.7957     1.00467
        1528         100     45.8312     1.00463
        1529         100     45.8666      1.0046
        1530         100      45.902     1.00457
        1531         100     45.9373     1.00453
        1532         100     45.9726      1.0045
        1533         100     46.0079     1.00446
        1534       92.16      46.038     1.00426
        1535       92.16      46.068     1.00405
        1536       92.16      46.098     1.00385
        1537       84.64     46.1231     1.00351
        1538       77.44     46.1435     1.00306
        1539       77.44     46.1638     1.00261
        1540          64     46.1754     1.00203
        1541       70.56     46.1912      1.0015
        1542       77.44     46.2115     1.00106
        1543       70.56     46.2272     1.00054
        1544       46.24     46.2273    0.999888
        1545       46.24     46.2273    0.999241
        1546       51.84     46.2309    0.998601
        1547       46.24     46.2309    0.997956
        1548       51.84     46.2345    0.997317
        1549       51.84     46.2381     0.99668
        1550       57.76     46.2456    0.996065
        1551          64      46.257    0.995488
        1552       57.76     46.2644    0.994875
        1553       46.24     46.2644    0.994234
        1554       51.84      46.268    0.993601
        1555       51.84     46.2716    0.992968
        1556       57.76      46.279    0.992358
        1557       46.24     46.2789     0.99172
        1558          64     46.2903    0.991149
        1559       70.56     46.3059    0.990635
        1560       70.56     46.3214    0.990122
        1561          64     46.3328    0.989553
        1562       70.56     46.3483    0.989041
        1563          64     46.3596    0.988473
        1564       70.56      46.375    0.987962
        1565       70.56     46.3905    0.987451
        1566          64     46.4017    0.986885
        1567       70.56     46.4172    0.986375
        1568       57.76     46.4244    0.985773
        1569          64     46.4356    0.985208
        1570          64     46.4468    0.984644
        1571       57.76      46.454    0.984044
        1572       51.84     46.4574    0.983424
        1573       46.24     46.4573    0.982798
        1574       46.24     46.4571    0.982174
        1575          36     46.4505    0.981573
        1576          36     46.4439    0.980972
        1577       27.04     46.4316    0.980428
        1578          16     46.4123    0.979996
        1579          16      46.393    0.979565
        1580       12.96     46.3718    0.979173
        1581          16     46.3526    0.978742
        1582       19.36     46.3356    0.978272
        1583          16     46.3164    0.977842
        1584       23.04     46.3017    0.977335
        1585       27.04     46.2896    0.976794
        1586       19.36     46.2726    0.976326
        1587       19.36     46.2556    0.975858
        1588       12.96     46.2347    0.975468
        1589       12.96     46.2137    0.975079
        1590       10.24     46.1911    0.974728
        1591       12.96     46.1702     0.97434
        1592          16     46.1513    0.973912
        1593       23.04     46.1367    0.973408
        1594       19.36     46.1199    0.972943
        1595       19.36     46.1032    0.972477
        1596       19.36     46.0864    0.972012
        1597       12.96     46.0657    0.971625
        1598          16     46.0469    0.971199
        1599       19.36     46.0302    0.970735
        1600       19.36     46.0135    0.970272
        1601       19.36     45.9969    0.969808
        1602       12.96     45.9762    0.969422
        1603       12.96     45.9556    0.969036
        1604       12.96     45.9351     0.96865
        1605          16     45.9164    0.968226
        1606          16     45.8978    0.967803
        1607          16     45.8792    0.967379
        1608       12.96     45.8587    0.966994
        1609          16     45.8401    0.966571
        1610          16     45.8216    0.966149
        1611          16     45.8031    0.965726
        1612          16     45.7846    0.965304
        1613          16     45.7662    0.964882
        1614       19.36     45.7498    0.964423
        1615       23.04     45.7357    0.963929
        1616       19.36     45.7194     0.96347
        1617          16      45.701     0.96305
        1618          16     45.6827    0.962629
        1619       23.04     45.6687    0.962136
        1620       27.04     45.6572    0.961611
        1621       27.04     45.6457    0.961087
        1622       27.04     45.6342    0.960562
        1623       40.96     45.6313    0.959975
        1624          36     45.6254    0.959402
        1625       40.96     45.6225    0.958816
        1626       40.96     45.6197    0.958231
        1627       46.24     45.6201    0.957642
        1628          36     45.6142    0.957072
        1629       40.96     45.6113    0.956489
        1630       40.96     45.6084    0.955906
        1631          36     45.6026    0.955338
        1632          36     45.5967    0.954771
        1633       31.36     45.5879    0.954226
        1634       31.36     45.5792    0.953682
        1635          36     45.5734    0.953116
        1636          36     45.5675    0.952552
        1637       46.24     45.5679     0.95197
        1638       46.24     45.5684    0.951389
        1639          36     45.5625    0.950826
        1640          36     45.5567    0.950264
        1641       40.96     45.5539    0.949689
        1642       46.24     45.5543    0.949111
        1643       40.96     45.5515    0.948538
        1644       31.36     45.5429       0.948
        1645       27.04     45.5316     0.94749
        1646       27.04     45.5204    0.946981
        1647       46.24     45.5208    0.946406
        1648       51.84     45.5247     0.94584
        1649       40.96     45.5219     0.94527
        1650       40.96     45.5191    0.944702
        1651       40.96     45.5164    0.944133
        1652       40.96     45.5136    0.943566
        1653          36     45.5079    0.943013
        1654       40.96     45.5051    0.942446
        1655       31.36     45.4966    0.941916
        1656       27.04     45.4854    0.941413
        1657       19.36     45.4696    0.940977
        1658       27.04     45.4585    0.940475
        1659       23.04      45.445    0.940005
        1660       23.04     45.4315    0.939536
        1661       23.04      45.418    0.939067
        1662       27.04      45.407    0.938567
        1663       23.04     45.3935    0.938099
        1664       27.04     45.3825      0.9376
        1665       31.36     45.3741    0.937075
        1666       27.04     45.3631    0.936577
        1667       23.04     45.3497    0.936111
        1668       19.36     45.3341    0.935679
        1669       19.36     45.3185    0.935248
        1670       19.36      45.303    0.934817
        1671       12.96     45.2836    0.934458
        1672       10.24     45.2627    0.934134
        1673          16     45.2452     0.93374
        1674          16     45.2277    0.933345
        1675       12.96     45.2085    0.932987
        1676       10.24     45.1876    0.932663
        1677       10.24     45.1668     0.93234
        1678       10.24     45.1459    0.932017
        1679        5.76     45.1225    0.931757
        1680        7.84     45.1003    0.931466
        1681           4     45.0758    0.931233
        1682           4     45.0514       0.931
        1683       10.24     45.0307    0.930676
        1684       19.36     45.0155    0.930248
        1685          16     44.9983    0.929856
        1686       10.24     44.9777    0.929533
        1687       10.24     44.9571     0.92921
        1688        5.76     44.9338    0.928949
        1689        2.56     44.9088    0.928738
        1690        1.44      44.883    0.928544
        1691        2.56      44.858    0.928333
        1692           4     44.8339    0.928098
        1693       10.24     44.8134    0.927775
        1694       10.24      44.793    0.927451
        1695       10.24     44.7726    0.927128
        1696          16     44.7557    0.926737
        1697       19.36     44.7407    0.926312
        1698       19.36     44.7257    0.925887
        1699       12.96     44.7071     0.92553
        1700       19.36     44.6921    0.925106
        1701       19.36     44.6772    0.924682
        1702       27.04     44.6669    0.924197
        1703       27.04     44.6565    0.923712
        1704       40.96     44.6544    0.923173
        1705       57.76     44.6621    0.922663
        1706       57.76     44.6697    0.922154
        1707       51.84     44.6739    0.921624
        1708       46.24     44.6748    0.921084
        1709       46.24     44.6758    0.920546
        1710       40.96     44.6736     0.92001
        1711          36     44.6685    0.919486
        1712       40.96     44.6664    0.918952
        1713       40.96     44.6642    0.918418
        1714       46.24     44.6651    0.917883
        1715          36     44.6601    0.917361
        1716       31.36     44.6523    0.916859
        1717       46.24     44.6532    0.916326
        1718       40.96     44.6511    0.915795
        1719       27.04     44.6408     0.91532
        1720          36     44.6358    0.914801
        1721       31.36     44.6281    0.914302
        1722       27.04     44.6179    0.913828
        1723          16     44.6013    0.913449
        1724       12.96     44.5829    0.913103
        1725       12.96     44.5646    0.912758
        1726        7.84     44.5433    0.912477
        1727       10.24     44.5235    0.912165
        1728       19.36     44.5089    0.911753
        1729       19.36     44.4943    0.911342
        1730       19.36     44.4798    0.910931
        1731       19.36     44.4653     0.91052
        1732       23.04     44.4529    0.910079
        1733       23.04     44.4406    0.909637
        1734       23.04     44.4282    0.909197
        1735       27.04     44.4182    0.908728
        1736       27.04     44.4082    0.908259
        1737       27.04     44.3982    0.907792
        1738       31.36     44.3907      0.9073
        1739       40.96     44.3887    0.906781
        1740       31.36     44.3812    0.906291
        1741       23.04      44.369    0.905853
        1742       23.04     44.3567    0.905416
        1743       23.04     44.3445    0.904979
        1744       23.04     44.3323    0.904542
        1745       23.04     44.3201    0.904106
        1746       19.36     44.3058    0.903701
        1747       12.96     44.2879    0.903362
        1748        7.84      44.267    0.903086
        1749        7.84     44.2462     0.90281
        1750       10.24     44.2267    0.902503
        1751       10.24     44.2073    0.902196
        1752       12.96     44.1895    0.901858
        1753       12.96     44.1717    0.901519
        1754        7.84      44.151    0.901243
        1755        5.76     44.1291    0.900995
        1756        7.84     44.1084    0.900719
        1757       10.24     44.0892    0.900412
        1758       12.96     44.0714    0.900074
        1759       10.24     44.0522    0.899768
        1760        7.84     44.0316    0.899492
        1761       10.24     44.0124    0.899186
        1762        7.84     43.9919     0.89891
        1763        2.56     43.9684    0.898707
        1764       12.96     43.9508     0.89837
        1765          16      43.935       0.898
        1766          16     43.9192    0.897631
        1767        7.84     43.8988    0.897355
        1768        7.84     43.8784    0.897079
        1769       12.96     43.8609    0.896743
        1770       10.24     43.8419    0.896437
        1771       12.96     43.8245      0.8961
        1772          16     43.8088    0.895732
        1773       12.96     43.7914    0.895396
        1774          16     43.7757    0.895028
        1775       12.96     43.7583    0.894693
        1776       10.24     43.7395    0.894388
        1777       10.24     43.7206    0.894083
        1778       19.36     43.7069    0.893685
        1779       19.36     43.6932    0.893288
        1780       19.36     43.6796     0.89289
        1781          16      43.664    0.892524
        1782       12.96     43.6468     0.89219
        1783       10.24      43.628    0.891886
        1784        7.84      43.608    0.891612
        1785       10.24     43.5893    0.891308
        1786       12.96     43.5721    0.890974
        1787          16     43.5567    0.890609
        1788       10.24     43.5381    0.890306
        1789       12.96      43.521    0.889972
        1790          16     43.5056    0.889608
        1791       23.04     43.4942    0.889185
        1792       12.96     43.4771    0.888852
        1793        7.84     43.4573    0.888578
        1794        7.84     43.4374    0.888305
        1795        2.56     43.4146    0.888102
        1796        5.76     43.3937    0.887854
        1797       12.96     43.3767    0.887522
        1798       12.96     43.3598     0.88719
        1799           4     43.3379    0.886966
        1800        2.56     43.3153    0.886763
        1801        0.64     43.2916    0.886587
        1802        0.16     43.2677    0.886418
        1803        0.64      43.244    0.886241
        1804        7.84     43.2244    0.885967
        1805        1.44     43.2012    0.885779
        1806        7.84     43.1817    0.885505
        1807        5.76      43.161    0.885257
        1808       10.24     43.1427    0.884955
        1809        7.84     43.1232    0.884681
        1810        5.76     43.1026    0.884433
        1811        5.76      43.082    0.884185
        1812        5.76     43.0614    0.883936
        1813        2.56      43.039    0.883731
        1814        5.76     43.0185    0.883483
        1815        7.84     42.9991    0.883209
        1816        5.76     42.9786     0.88296
        1817        5.76     42.9581    0.882712
        1818        5.76     42.9376    0.882464
        1819        1.44     42.9148    0.882273
        1820        2.56     42.8927    0.882067
        1821        7.84     42.8734    0.881793
        1822       10.24     42.8555    0.881491
        1823       12.96     42.8391     0.88116
        1824          16     42.8244    0.880799
        1825       12.96      42.808    0.880469
        1826           4     42.7868    0.880243
        1827           4     42.7655    0.880017
        1828        7.84     42.7464    0.879743
        1829        7.84     42.7273    0.879469
        1830       12.96     42.7111    0.879139
        1831       19.36     42.6983    0.878751
        1832          16     42.6838    0.878392
        1833       23.04      42.673    0.877979
        1834       23.04     42.6623    0.877565
        1835       31.36     42.6562    0.877109
        1836       31.36       42.65    0.876652
        1837       31.36     42.6439    0.876197
        1838       27.04     42.6354    0.875761
        1839       31.36     42.6293    0.875306
        1840       31.36     42.6231    0.874852
        1841       31.36      42.617    0.874398
        1842          36     42.6134    0.873931
        1843          36     42.6098    0.873464
        1844       40.96     42.6089    0.872991
        1845       51.84     42.6139    0.872532
        1846       57.76     42.6221    0.872098
        1847       70.56     42.6373    0.871757
        1848          64     42.6488    0.871362
        1849       46.24     42.6508    0.870893
        1850       51.84     42.6557    0.870436
        1851       46.24     42.6577    0.869968
        1852       51.84     42.6626    0.869513
        1853       57.76     42.6708    0.869081
        1854       46.24     42.6727    0.868615
        1855       46.24     42.6746    0.868149
        1856          36      42.671    0.867688
        1857          36     42.6674    0.867229
        1858          16     42.6531    0.866881
        1859       19.36     42.6406    0.866505
        1860       27.04     42.6322     0.86608
        1861       19.36     42.6197    0.865704
        1862       19.36     42.6072     0.86533
        1863          16     42.5929    0.864983
        1864       12.96      42.577    0.864665
        1865       10.24     42.5597    0.864375
        1866       10.24     42.5423    0.864085
        1867       19.36     42.5299    0.863712
        1868       19.36     42.5175    0.863339
        1869       19.36     42.5051    0.862966
        1870       23.04     42.4947    0.862567
        1871          36     42.4912    0.862113
        1872          36     42.4878    0.861659
        1873       23.04     42.4774    0.861262
        1874       27.04     42.4692    0.860842
        1875       19.36     42.4568    0.860471
        1876       19.36     42.4445      0.8601
        1877       19.36     42.4322     0.85973
        1878          16     42.4181    0.859387
        1879       31.36     42.4123     0.85895
        1880       31.36     42.4064    0.858513
        1881       31.36     42.4005    0.858077
        1882          36     42.3971    0.857628
        1883       27.04      42.389    0.857211
        1884          36     42.3856    0.856763
        1885       27.04     42.3774    0.856347
        1886       27.04     42.3693    0.855931
        1887       31.36     42.3635    0.855498
        1888       19.36     42.3513    0.855131
        1889       31.36     42.3455    0.854698
        1890       27.04     42.3374    0.854285
        1891       27.04     42.3293    0.853871
        1892       23.04     42.3191    0.853481
        1893       27.04      42.311    0.853068
        1894       31.36     42.3052    0.852637
        1895          36     42.3019    0.852194
        1896       31.36     42.2961    0.851764
        1897       27.04     42.2881    0.851353
        1898       31.36     42.2823    0.850924
        1899          36      42.279    0.850482
        1900          36     42.2757    0.850041
        1901          36     42.2724      0.8496
        1902       31.36     42.2667    0.849173
        1903       40.96      42.266    0.848727
        1904       31.36     42.2603      0.8483
        1905       19.36     42.2482     0.84794
        1906       19.36     42.2362     0.84758
        1907       19.36     42.2242    0.847221
        1908       12.96     42.2089    0.846916
        1909        5.76     42.1898    0.846687
        1910           4     42.1698     0.84648
        1911        1.44     42.1485    0.846305
        1912        0.16     42.1265    0.846148
        1913        0.16     42.1046     0.84599
        1914        0.16     42.0827    0.845831
        1915        0.16     42.0608    0.845673
        1916        2.56     42.0402    0.845483
        1917        2.56     42.0196    0.845293
        1918        1.44     41.9984    0.845117
        1919        2.56     41.9779    0.844926
        1920           4     41.9581    0.844717
        1921           4     41.9383    0.844509
        1922           4     41.9186      0.8443
        1923        0.64     41.8971    0.844134
        1924        0.64     41.8757    0.843967
        1925           0     41.8539    0.843809
        1926        0.16     41.8323    0.843649
        1927        0.64     41.8109    0.843482
        1928        2.56     41.7905     0.84329
        1929           4     41.7709     0.84308
        1930        1.44     41.7501    0.842902
        1931        0.64     41.7288    0.842735
        1932        1.44     41.7079    0.842556
        1933        5.76     41.6893    0.842326
        1934        5.76     41.6707    0.842095
        1935           4     41.6513    0.841885
        1936        1.44     41.6305    0.841706
        1937        1.44     41.6097    0.841527
        1938        2.56     41.5896    0.841334
        1939        2.56     41.5695    0.841141
        1940        0.64     41.5484    0.840972
        1941           4      41.529    0.840761
        1942        2.56      41.509    0.840568
        1943        0.64     41.4879    0.840398
        1944        0.16     41.4667    0.840235
        1945           0     41.4453    0.840073
        1946        0.64     41.4244    0.839903
        1947        0.16     41.4032    0.839739
        1948        0.16      41.382    0.839575
        1949           0     41.3608    0.839413
        1950           0     41.3396     0.83925
        1951           0     41.3184    0.839088
        1952           0     41.2972    0.838925
        1953        1.44     41.2768    0.838743
        1954        0.16     41.2558    0.838578
        1955        0.64      41.235    0.838406
        1956        0.16      41.214    0.838241
        1957        0.16      41.193    0.838075
        1958        0.16     41.1721    0.837909
        1959           0      41.151    0.837744
        1960        0.64     41.1304    0.837572
        1961        0.64     41.1097    0.837399
        1962        0.64     41.0891    0.837227
        1963        1.44     41.0689    0.837044
        1964           4       41.05     0.83683
        1965           4     41.0312    0.836617
        1966           4     41.0123    0.836403
        1967        7.84     40.9955    0.836148
        1968        7.84     40.9786    0.835893
        1969       12.96     40.9644    0.835589
        1970       12.96     40.9502    0.835286
        1971       19.36     40.9392    0.834934
        1972       19.36     40.9283    0.834583
        1973          16     40.9156    0.834255
        1974          16      40.903    0.833928
        1975       19.36     40.8921    0.833577
        1976       23.04     40.8831    0.833204
        1977       23.04     40.8741    0.832832
        1978       27.04     40.8671     0.83244
        1979       31.36     40.8623    0.832033
        1980          36     40.8598    0.831617
        1981       31.36      40.855    0.831211
        1982       27.04      40.848     0.83082
        1983       31.36     40.8432    0.830415
        1984       31.36     40.8385     0.83001
        1985       46.24     40.8412    0.829597
        1986          36     40.8388    0.829183
        1987          36     40.8363    0.828769
        1988       31.36     40.8315    0.828366
        1989       23.04     40.8226    0.827998
        1990       19.36     40.8118    0.827652
        1991       23.04     40.8029    0.827284
        1992       27.04      40.796    0.826898
        1993       31.36     40.7912    0.826496
        1994       40.96     40.7913    0.826082
        1995       51.84     40.7969    0.825686
        1996       31.36     40.7921    0.825286
        1997          36     40.7897    0.824876
        1998       51.84     40.7953    0.824482
        1999          64     40.8069    0.824151
        2000          64     40.8185    0.823821
