#     BLOCK:   ACTUAL_M:     M_AVE:       ERROR:
           1        0.48        0.48           0
           2        0.12         0.3    0.127279
           3         0.2    0.266667   0.0891108
           4        0.04        0.21   0.0829156
           5       -0.12       0.144   0.0887964
           6        0.16    0.146667    0.074037
           7        0.32    0.171429   0.0674742
           8        -0.2       0.125   0.0732931
           9       -0.12   0.0977778   0.0700225
          10       -0.28        0.06   0.0724983
          11           0   0.0545455   0.0661124
          12       -0.04   0.0466667   0.0610707
          13        0.08   0.0492308   0.0564268
          14        0.36   0.0714286   0.0565943
          15        0.32       0.088   0.0551942
          16         0.2       0.095   0.0521866
          17       -0.08   0.0847059   0.0501218
          18           0        0.08   0.0475576
          19           0   0.0757895   0.0452406
          20        0.08       0.076   0.0429791
          21        0.36   0.0895238   0.0430075
          22         0.2   0.0945455   0.0413448
          23         0.4    0.107826   0.0416256
          24        0.24    0.113333   0.0402538
          25         0.4      0.1248   0.0402437
          26         0.2    0.127692   0.0387997
          27        0.16    0.128889   0.0373811
          28        0.16        0.13   0.0360626
          29        0.08    0.128276   0.0348602
          30        0.04    0.125333   0.0338222
          31        0.24    0.129032   0.0329328
          32        0.24      0.1325   0.0320857
          33        0.04    0.129697   0.0312356
          34         0.2    0.131765   0.0303853
          35         0.2    0.133714   0.0295796
          36        0.08    0.132222   0.0287956
          37        0.24    0.135135   0.0281642
          38        0.08    0.133684   0.0274604
          39        0.12    0.133333   0.0267586
          40       -0.04       0.129   0.0264381
          41       -0.04    0.124878   0.0261127
          42           0    0.121905   0.0256596
          43       -0.32    0.111628   0.0270427
          44       -0.24    0.103636   0.0275836
          45        -0.2   0.0968889   0.0277837
          46        0.04   0.0956522   0.0272072
          47        0.28   0.0995745   0.0269096
          48        0.16    0.100833   0.0263784
          49        0.04   0.0995918   0.0258692
          50        0.08      0.0992   0.0253548
          51        0.04   0.0980392   0.0248842
          52       -0.04   0.0953846   0.0245469
          53           0   0.0935849   0.0241496
          54       -0.12   0.0896296   0.0240241
          55       -0.12   0.0858182   0.0238877
          56        -0.2   0.0807143   0.0240002
          57       -0.16   0.0764912   0.0239478
          58        0.04   0.0758621   0.0235432
          59        -0.2   0.0711864   0.0236039
          60        0.08   0.0713333   0.0232109
          61        0.08   0.0714754   0.0228309
          62        0.24   0.0741935   0.0226239
          63         0.2   0.0761905   0.0223527
          64        0.24     0.07875   0.0221495
          65        0.28   0.0818462   0.0220241
          66        0.04   0.0812121   0.0216995
          67       -0.12    0.078209   0.0215824
          68       -0.12   0.0752941    0.021461
          69       -0.32   0.0695652   0.0219013
          70        -0.2   0.0657143   0.0219243
          71           0   0.0647887   0.0216351
          72           0   0.0638889   0.0213533
          73       -0.08   0.0619178   0.0211516
          74           0   0.0610811   0.0208823
          75        0.08   0.0613333   0.0206054
          76        0.04   0.0610526   0.0203361
          77       -0.08   0.0592208   0.0201544
          78        0.04   0.0589744   0.0198975
          79       -0.16   0.0562025   0.0198378
          80       -0.04       0.055   0.0196262
          81       -0.16   0.0523457   0.0195626
          82       -0.08   0.0507317   0.0193905
          83       -0.24   0.0472289   0.0194706
          84       -0.48   0.0409524   0.0202252
          85           0   0.0404706    0.019993
          86        0.48   0.0455814   0.0204033
          87        0.28   0.0482759   0.0203459
          88         0.2        0.05   0.0201877
          89        0.16    0.051236   0.0199986
          90        0.16   0.0524444   0.0198129
          91        0.24   0.0545055   0.0197021
          92           0    0.053913   0.0194968
          93        0.08   0.0541935   0.0192892
          94        0.12   0.0548936   0.0190967
          95        0.08   0.0551579   0.0188975
          96       -0.12   0.0533333   0.0187885
          97       -0.04   0.0523711   0.0186195
          98        0.08   0.0526531   0.0184316
          99         0.2   0.0541414   0.0183054
         100        0.12      0.0548   0.0181342
         101       -0.04   0.0538614   0.0179789
         102        0.12   0.0545098   0.0178144
         103       -0.04   0.0535922    0.017665
         104           0   0.0530769   0.0175027
         105           0   0.0525714   0.0173433
         106        0.04   0.0524528   0.0171801
         107        0.04   0.0523364   0.0170199
         108        -0.2        0.05   0.0170219
         109        0.16   0.0510092   0.0168957
         110        0.04   0.0509091   0.0167424
         111        0.12   0.0515315   0.0166031
         112        0.24   0.0532143   0.0165399
         113        0.12   0.0538053   0.0164041
         114        0.32   0.0561404   0.0164255
         115        0.36   0.0587826   0.0164939
         116        0.12   0.0593103   0.0163601
         117        0.24   0.0608547    0.016293
         118        0.24   0.0623729   0.0162255
         119        0.28   0.0642017   0.0161919
         120        0.48   0.0676667   0.0164235
         121        0.16   0.0684298   0.0163055
         122        0.24   0.0698361   0.0162324
         123        0.44   0.0728455    0.016377
         124        0.24   0.0741935   0.0163003
         125        0.24     0.07552   0.0162238
         126        0.28   0.0771429    0.016176
         127         0.2   0.0781102   0.0160775
         128           0      0.0775   0.0159635
         129       -0.28   0.0747287   0.0160785
         130       -0.08   0.0735385   0.0159988
         131       -0.08   0.0723664   0.0159196
         132        0.16   0.0730303   0.0158128
         133       -0.08   0.0718797   0.0157357
         134       -0.12   0.0704478   0.0156833
         135       -0.24   0.0681481   0.0157348
         136       -0.28   0.0655882    0.015826
         137       -0.08   0.0645255   0.0157461
         138       -0.08   0.0634783   0.0156668
         139        0.24   0.0647482   0.0156055
         140        0.16   0.0654286   0.0155088
         141        0.12   0.0658156   0.0154037
         142        0.12   0.0661972   0.0152999
         143        0.16   0.0668531    0.015207
         144        0.24   0.0680556   0.0151488
         145        0.12   0.0684138   0.0150486
         146        0.24    0.069589   0.0149914
         147         0.2   0.0704762   0.0149156
         148         0.2   0.0713514   0.0148405
         149        0.16   0.0719463   0.0147528
         150       -0.04      0.0712   0.0146733
         151       -0.12   0.0699338   0.0146307
         152        0.08        0.07   0.0145346
         153        0.12   0.0703268   0.0144432
         154       -0.12   0.0690909   0.0144022
         155       -0.04   0.0683871   0.0143265
         156       -0.16   0.0669231   0.0143093
         157       -0.04    0.066242   0.0142343
         158       -0.08   0.0653165   0.0141743
         159        0.16   0.0659119   0.0140977
         160        0.04     0.06575   0.0140105
         161        0.16   0.0663354   0.0139357
         162        0.16   0.0669136   0.0138616
         163       -0.08   0.0660123   0.0138059
         164       -0.12    0.064878   0.0137682
         165       -0.04   0.0642424   0.0136994
         166       -0.12   0.0631325   0.0136618
         167       -0.24   0.0613174      0.0137
         168       -0.12   0.0602381   0.0136609
         169           0   0.0598817   0.0135847
         170        0.08        0.06   0.0135053
         171        0.04    0.059883   0.0134269
         172           0   0.0595349   0.0133533
         173       -0.16   0.0582659   0.0133363
         174       -0.04   0.0577011   0.0132716
         175       -0.12   0.0566857   0.0132346
         176        0.08   0.0568182     0.01316
         177       -0.04   0.0562712    0.013097
         178       -0.16   0.0550562   0.0130797
         179       -0.16   0.0538547   0.0130617
         180       -0.16   0.0526667    0.013043
         181       -0.04   0.0521547    0.012981
         182       -0.08   0.0514286     0.01293
         183       -0.08   0.0507104   0.0128793
         184        0.04   0.0506522   0.0128094
         185        -0.2   0.0492973   0.0128116
         186           0   0.0490323   0.0127455
         187        -0.2   0.0477005   0.0127467
         188       -0.24   0.0461702   0.0127704
         189       -0.44   0.0435979   0.0129593
         190       -0.28   0.0418947   0.0130026
         191       -0.32        0.04   0.0130718
         192       -0.12   0.0391667   0.0130303
         193           0   0.0389637   0.0129643
         194        0.04   0.0389691   0.0128975
         195       -0.04   0.0385641   0.0128377
         196       -0.08   0.0379592   0.0127865
         197       -0.12   0.0371574   0.0127467
         198       -0.08   0.0365657    0.012696
         199       -0.24   0.0351759   0.0127081
         200       -0.16      0.0342   0.0126819
         201       -0.16   0.0332338   0.0126556
         202       -0.12   0.0324752   0.0126157
         203       -0.12   0.0317241   0.0125759
         204       -0.12   0.0309804   0.0125362
         205       -0.08    0.030439   0.0124867
         206        -0.2   0.0293204   0.0124761
         207           0   0.0291787   0.0124166
         208       -0.04   0.0288462   0.0123614
         209       -0.08   0.0283254   0.0123132
         210        0.24   0.0293333   0.0122958
         211        0.04   0.0293839   0.0122376
         212        0.12   0.0298113   0.0121873
         213        0.12   0.0302347   0.0121375
         214           0   0.0300935   0.0120816
         215       -0.04   0.0297674   0.0120298
         216       -0.36    0.027963   0.0121087
         217        -0.2   0.0269124   0.0120984
         218       -0.04   0.0266055   0.0120468
         219       -0.12   0.0259361   0.0120103
         220        -0.4       0.024   0.0121108
         221        -0.4   0.0220814    0.012207
         222       -0.36   0.0203604   0.0122727
         223       -0.16   0.0195516   0.0122443
         224       -0.12   0.0189286   0.0122055
         225       -0.04   0.0186667   0.0121541
         226         0.2    0.019469   0.0121267
         227           0   0.0193833   0.0120736
         228        0.04   0.0194737    0.012021
         229        0.28   0.0206114   0.0120222
         230        0.12   0.0210435   0.0119777
         231       -0.08   0.0206061   0.0119339
         232       -0.12        0.02   0.0118978
         233       -0.16   0.0192275   0.0118718
         234        -0.4   0.0174359   0.0119555
         235        -0.2   0.0165106   0.0119404
         236       -0.24   0.0154237   0.0119391
         237        -0.2   0.0145148   0.0119233
         238        0.28   0.0156303   0.0119253
         239         0.2   0.0164017   0.0119003
         240        0.08   0.0166667   0.0118537
         241           0   0.0165975   0.0118047
         242        -0.2   0.0157025   0.0117898
         243       -0.24   0.0146502   0.0117881
         244        0.12    0.015082   0.0117477
         245       -0.08   0.0146939   0.0117062
         246        -0.2   0.0138211   0.0116911
         247       -0.36   0.0123077   0.0117413
         248       -0.12   0.0117742   0.0117061
         249       -0.12    0.011245    0.011671
         250       -0.28     0.01008   0.0116823
         251        -0.4  0.00844622   0.0117495
         252        -0.4   0.0068254   0.0118141
         253       -0.04  0.00664032   0.0117689
         254       -0.12  0.00614173   0.0117331
         255        0.04  0.00627451   0.0116878
         256       -0.04  0.00609375   0.0116436
         257           0  0.00607004   0.0115983
         258       -0.12   0.0055814   0.0115636
         259       -0.16  0.00494208   0.0115366
         260       -0.04  0.00476923   0.0114936
         261       -0.08  0.00444444   0.0114541
         262       -0.08  0.00412214   0.0114149
         263           0  0.00410646   0.0113715
         264       -0.04  0.00393939   0.0113297
         265        0.16   0.0045283   0.0113022
         266        0.32  0.00571429   0.0113218
         267         0.2  0.00644195   0.0113027
         268        0.36  0.00776119   0.0113373
         269        0.16  0.00832714   0.0113093
         270        0.12  0.00874074   0.0112749
         271        0.04  0.00885609   0.0112339
         272        0.04  0.00897059   0.0111932
         273           0  0.00893773   0.0111523
         274       -0.08  0.00861314   0.0111163
         275           0  0.00858182   0.0110759
         276        0.12  0.00898551   0.0110431
         277        0.24  0.00981949   0.0110347
         278        0.12   0.0102158   0.0110021
         279        0.08   0.0104659   0.0109655
         280        0.08   0.0107143   0.0109292
         281         0.2   0.0113879    0.010911
         282         0.2   0.0120567   0.0108928
         283        0.32   0.0131449   0.0109085
         284        0.48   0.0147887   0.0109933
         285        0.32   0.0158596   0.0110068
         286        0.24   0.0166434   0.0109961
         287        0.04   0.0167247   0.0109581
         288        0.04   0.0168056   0.0109204
         289           0   0.0167474   0.0108827
         290        0.04   0.0168276   0.0108455
         291        0.12   0.0171821    0.010814
         292        0.04   0.0172603   0.0107773
         293           0   0.0172014   0.0107407
         294       -0.08   0.0168707   0.0107092
         295        0.24   0.0176271   0.0106996
         296        0.12    0.017973    0.010669
         297        0.12   0.0183165   0.0106386
         298        0.04   0.0183893   0.0106032
         299       -0.04    0.018194   0.0105695
         300       -0.24   0.0173333   0.0105693
         301        -0.2   0.0166113   0.0105588
         302       -0.36   0.0153642   0.0105972
         303       -0.08   0.0150495   0.0105669
         304         0.2   0.0156579   0.0105497
         305        0.12       0.016   0.0105206
         306       -0.16   0.0154248   0.0105019
         307       -0.12   0.0149837    0.010477
         308       -0.12   0.0145455   0.0104521
         309       -0.28   0.0135922   0.0104617
         310       -0.24   0.0127742   0.0104599
         311       -0.32   0.0117042   0.0104808
         312       -0.28   0.0107692   0.0104889
         313       -0.12   0.0103514   0.0104637
         314        -0.2  0.00968153   0.0104518
         315       -0.08  0.00939683   0.0104225
         316           0  0.00936709   0.0103895
         317       -0.28  0.00845426   0.0103968
         318        -0.4  0.00716981   0.0104431
         319       -0.36  0.00601881   0.0104736
         320       -0.32       0.005   0.0104903
         321       -0.44  0.00361371   0.0105488
         322       -0.48   0.0021118   0.0106225
         323       -0.36 0.000990712   0.0106486
         324       -0.52-0.000617284   0.0107364
         325        -0.6 -0.00246154   0.0108606
         326        -0.6 -0.00429448   0.0109809
         327       -0.56 -0.00599388    0.011078
         328        -0.4 -0.00719512   0.0111092
         329       -0.28 -0.00802432   0.0111063
         330       -0.08 -0.00824242   0.0110748
         331           0 -0.00821752   0.0110414
         332       -0.04 -0.00831325   0.0110086
         333       -0.12 -0.00864865   0.0109806
         334       -0.12 -0.00898204   0.0109528
         335       -0.16 -0.00943284   0.0109294
         336       -0.08 -0.00964286   0.0108989
         337           0 -0.00961424   0.0108666
         338           0  -0.0095858   0.0108344
         339        0.16 -0.00908555    0.010814
         340        0.24 -0.00835294    0.010807
         341        0.08 -0.00809384   0.0107784
         342        0.16 -0.00760234   0.0107581
         343        0.24 -0.00688047   0.0107509
         344        0.12 -0.00651163    0.010726
         345       -0.04  -0.0066087   0.0106954
         346       -0.32 -0.00751445   0.0107027
         347       -0.32 -0.00841499   0.0107097
         348       -0.16 -0.00885057   0.0106878
         349       -0.32 -0.00974212   0.0106943
         350       -0.28  -0.0105143   0.0106916
         351        0.04  -0.0103704   0.0106621
         352        0.08  -0.0101136   0.0106349
         353           0   -0.010085   0.0106048
         354       -0.08  -0.0102825   0.0105767
         355       -0.16  -0.0107042   0.0105553
         356       -0.16  -0.0111236    0.010534
         357       -0.08  -0.0113165   0.0105062
         358       -0.04  -0.0113966   0.0104772
         359       -0.04  -0.0114763   0.0104483
         360           0  -0.0114444   0.0104193
         361       -0.16   -0.011856   0.0103986
         362       -0.36  -0.0128177   0.0104142
         363        -0.6  -0.0144353   0.0105104
         364       -0.44  -0.0156044   0.0105464
         365       -0.44  -0.0167671   0.0105814
         366        -0.2  -0.0172678   0.0105643
         367       -0.24  -0.0178747   0.0105529
         368       -0.24  -0.0184783   0.0105415
         369       -0.44  -0.0196206   0.0105746
         370        -0.6  -0.0211892   0.0106618
         371       -0.64  -0.0228571   0.0107627
         372        -0.4   -0.023871   0.0107814
         373       -0.16  -0.0242359   0.0107587
         374       -0.08   -0.024385    0.010731
         375        0.16  -0.0238933   0.0107136
         376         0.2  -0.0232979   0.0107016
         377        0.12  -0.0229178     0.01068
         378        0.28  -0.0221164   0.0106818
         379        0.24  -0.0214248    0.010676
         380        0.04  -0.0212632   0.0106491
         381        0.04  -0.0211024   0.0106223
         382        0.32  -0.0202094    0.010632
         383        0.36  -0.0192167   0.0106505
         384        0.36  -0.0182292   0.0106684
         385        0.52  -0.0168312   0.0107319
         386        0.04  -0.0166839   0.0107051
         387        0.28  -0.0159173   0.0107049
         388        0.28  -0.0151546   0.0107044
         389        0.32  -0.0142931   0.0107115
         390        0.16  -0.0138462   0.0106934
         391        0.04  -0.0137084   0.0106669
         392       -0.08  -0.0138776   0.0106411
         393        -0.2  -0.0143511   0.0106245
         394       -0.12  -0.0146193   0.0106009
         395       -0.24  -0.0151899   0.0105894
         396       -0.08  -0.0153535    0.010564
         397       -0.04  -0.0154156   0.0105375
         398        -0.2  -0.0158794   0.0105213
         399       -0.24  -0.0164411   0.0105099
         400        0.16      -0.016   0.0104929
         401       -0.04  -0.0160599   0.0104669
         402       -0.24  -0.0166169   0.0104556
         403       -0.28  -0.0172705   0.0104501
         404       -0.24  -0.0178218   0.0104388
         405       -0.16  -0.0181728   0.0104189
         406        -0.2  -0.0186207   0.0104028
         407       -0.08  -0.0187715   0.0103784
         408        -0.2  -0.0192157   0.0103624
         409       -0.32  -0.0199511   0.0103632
         410       -0.12  -0.0201951   0.0103408
         411        0.12   -0.019854   0.0103212
         412        0.04  -0.0197087   0.0102972
         413        -0.4  -0.0206295   0.0103134
         414       -0.56  -0.0219324   0.0103704
         415       -0.52  -0.0231325   0.0104146
         416        -0.4  -0.0240385   0.0104289
         417       -0.32  -0.0247482    0.010428
         418       -0.28  -0.0253589    0.010421
         419       -0.04  -0.0253938   0.0103961
         420        -0.2  -0.0258095   0.0103797
         421       -0.08  -0.0259382   0.0103558
         422        -0.2  -0.0263507   0.0103395
         423       -0.28  -0.0269504   0.0103324
         424       -0.36  -0.0277358   0.0103379
         425        -0.4  -0.0286118   0.0103506
         426       -0.36  -0.0293897   0.0103555
         427       -0.04  -0.0294145   0.0103313
         428           0  -0.0293458   0.0103074
         429       -0.16  -0.0296503   0.0102878
         430       -0.12  -0.0298605   0.0102661
         431       -0.24   -0.030348   0.0102538
         432       -0.28  -0.0309259   0.0102464
         433       -0.08  -0.0310393   0.0102233
         434        0.04  -0.0308756   0.0102011
         435        0.24  -0.0302529   0.0101966
         436        0.24   -0.029633    0.010192
         437        0.08  -0.0293822   0.0101718
         438        0.16  -0.0289498   0.0101578
         439        0.08  -0.0287016   0.0101377
         440        0.16  -0.0282727   0.0101237
         441        0.28  -0.0275737   0.0101248
         442        0.28  -0.0268778   0.0101258
         443        0.24  -0.0262754   0.0101209
         444        0.08   -0.026036   0.0101009
         445           0  -0.0259775   0.0100784
         446        0.04  -0.0258296   0.0100569
         447       -0.08  -0.0259508   0.0100351
         448        0.08  -0.0257143   0.0100155
         449        0.28  -0.0250334   0.0100163
         450        0.16  -0.0246222   0.0100025
         451        0.24  -0.0240355  0.00999748
         452        0.08  -0.0238053  0.00997801
         453        0.08  -0.0235762  0.00995862
         454       -0.04  -0.0236123  0.00993675
         455       -0.16  -0.0239121  0.00991943
         456       -0.08  -0.0240351  0.00989844
         457       -0.04    -0.02407  0.00987684
         458       -0.32  -0.0247162  0.00987639
         459       -0.32  -0.0253595   0.0098758
         460       -0.32      -0.026  0.00987508
         461       -0.24  -0.0264642  0.00986456
         462        -0.2  -0.0268398  0.00985036
         463       -0.12   -0.027041  0.00983114
         464        0.04  -0.0268966  0.00981101
         465        0.04  -0.0267527  0.00979097
         466         0.4  -0.0258369  0.00981269
         467         0.2  -0.0253533  0.00980359
         468        0.12  -0.0250427  0.00978756
         469           0  -0.0249893  0.00976684
         470       -0.24  -0.0254468  0.00975676
         471        -0.6  -0.0266667  0.00981201
         472       -0.36  -0.0273729   0.0098166
         473       -0.56  -0.0284989  0.00986022
         474       -0.24  -0.0289451  0.00984951
         475       -0.08  -0.0290526  0.00982936
         476        0.16  -0.0286555  0.00981673
         477        0.08  -0.0284277   0.0097988
         478        0.04  -0.0282845  0.00977934
         479        0.08  -0.0280585  0.00976154
         480           0      -0.028  0.00974138
         481       -0.24  -0.0284407  0.00973109
         482        0.04  -0.0282988  0.00971194
         483       -0.16  -0.0285714  0.00969566
         484        0.04  -0.0284298  0.00967666
         485        0.28  -0.0277938  0.00967758
         486        0.32  -0.0270782  0.00968409
         487        0.12  -0.0267762  0.00966892
         488        0.04  -0.0266393  0.00965007
         489        0.04  -0.0265031   0.0096313
         490        0.08  -0.0262857  0.00961409
         491       -0.12  -0.0264766  0.00959641
         492       -0.16   -0.026748  0.00958074
         493           0  -0.0266937  0.00956146
         494        0.08  -0.0264777  0.00954454
         495        0.36   -0.025697  0.00955714
         496        0.28  -0.0250806  0.00955773
         497       -0.04  -0.0251107  0.00953854
         498       -0.04  -0.0251406  0.00951944
         499       -0.04  -0.0251703  0.00950041
         500        -0.2    -0.02552  0.00948784
         501        0.08  -0.0253094  0.00947124
         502       -0.08  -0.0254183    0.009453
         503           0  -0.0253678  0.00943434
         504       -0.16  -0.0256349   0.0094194
         505       -0.36   -0.026297  0.00942399
         506        -0.2  -0.0266403  0.00941162
         507       -0.16  -0.0269034  0.00939673
         508       -0.32  -0.0274803  0.00939593
         509        -0.4  -0.0282122  0.00940593
         510        -0.4  -0.0289412  0.00941569
         511       -0.24  -0.0293542  0.00940632
         512       -0.32  -0.0299219  0.00940506
         513        -0.4  -0.0306433  0.00941435
         514        -0.2  -0.0309728   0.0094018
         515           0  -0.0309126  0.00938374
         516       -0.36  -0.0315504   0.0093872
         517           0  -0.0314894  0.00936924
         518         0.2  -0.0310425  0.00936181
         519        0.44  -0.0301349  0.00938766
         520        0.52  -0.0290769  0.00942903
         521        0.56  -0.0279463  0.00947848
         522        0.52  -0.0268966  0.00951827
         523         0.4  -0.0260803  0.00953501
         524        0.36  -0.0253435  0.00954524
         525        0.32  -0.0246857  0.00954969
         526        0.44  -0.0238023  0.00957231
         527        0.48  -0.0228463  0.00960177
         528        0.28  -0.0222727   0.0096007
         529       -0.12  -0.0224575  0.00958433
         530       -0.08   -0.022566  0.00956686
         531       -0.12  -0.0227495   0.0095506
         532       -0.32  -0.0233083  0.00954898
         533       -0.24  -0.0237148  0.00953971
         534       -0.04  -0.0237453   0.0095219
         535        -0.2  -0.0240748   0.0095098
         536       -0.12  -0.0242537  0.00949374
         537       -0.36   -0.024879  0.00949663
         538       -0.24  -0.0252788  0.00948739
         539       -0.04  -0.0253061  0.00946983
         540        0.12   -0.025037  0.00945611
         541         0.2  -0.0246211  0.00944778
         542         0.2  -0.0242066  0.00943943
         543        0.12  -0.0239411  0.00942578
         544        0.08    -0.02375  0.00941039
         545        0.08  -0.0235596  0.00939505
         546        0.04  -0.0234432  0.00937856
         547        0.16  -0.0231079  0.00936741
         548         0.2  -0.0227007  0.00935916
         549        0.28  -0.0221494  0.00935834
         550        0.32  -0.0215273  0.00936198
         551        0.08   -0.021343   0.0093468
         552        0.16  -0.0210145  0.00933564
         553        0.04  -0.0209042  0.00931941
         554       -0.08  -0.0210108   0.0093032
         555        0.12  -0.0207568  0.00928991
         556        0.08  -0.0205755  0.00927496
         557        0.12  -0.0203232  0.00926175
         558        0.12  -0.0200717  0.00924856
         559         0.2   -0.019678  0.00924039
         560        0.28  -0.0191429  0.00923937
         561        0.16  -0.0188235  0.00922842
         562       -0.16  -0.0190747  0.00921542
         563       -0.16   -0.019325  0.00920245
         564       -0.12  -0.0195035  0.00918786
         565       -0.08  -0.0196106  0.00917223
         566       -0.12   -0.019788  0.00915774
         567        -0.2  -0.0201058   0.0091471
         568       -0.28  -0.0205634  0.00914243
         569        0.04  -0.0204569  0.00912698
         570        0.12  -0.0202105   0.0091143
         571       -0.04  -0.0202452   0.0090984
         572       -0.28  -0.0206993  0.00909382
         573        -0.2  -0.0210122  0.00908333
         574       -0.28  -0.0214634  0.00907871
         575       -0.44  -0.0221913  0.00909205
         576       -0.56   -0.023125  0.00912408
         577        -0.4  -0.0237782  0.00913162
         578       -0.64  -0.0248443  0.00917784
         579       -0.36  -0.0254231  0.00918023
         580       -0.32   -0.025931  0.00917844
         581       -0.04  -0.0259552  0.00916267
         582       -0.12  -0.0261168  0.00914835
         583       -0.16  -0.0263465  0.00913554
         584        0.04  -0.0262329  0.00912061
         585        -0.2  -0.0265299  0.00910985
         586       -0.04  -0.0265529  0.00909434
         587       -0.12  -0.0267121  0.00908024
         588       -0.12  -0.0268707  0.00906618
         589       -0.04   -0.026893  0.00905081
         590       -0.24  -0.0272542  0.00904268
         591       -0.36  -0.0278173  0.00904489
         592       -0.36  -0.0283784    0.009047
         593       -0.12  -0.0285329  0.00903306
         594        0.04  -0.0284175  0.00901859
         595        0.04  -0.0283025  0.00900417
         596        0.24  -0.0278523  0.00900031
         597        0.28  -0.0273367  0.00899999
         598        0.12  -0.0270903  0.00898831
         599         0.2  -0.0267112   0.0089813
         600        0.28     -0.0262  0.00898086
         601         0.4  -0.0254908  0.00899388
         602        0.24  -0.0250498  0.00898974
         603        0.04   -0.024942  0.00897548
         604        0.12   -0.024702  0.00896383
         605        0.04   -0.024595  0.00894965
         606           0  -0.0245545  0.00893497
         607           0   -0.024514  0.00892035
         608           0  -0.0244737  0.00890577
         609       -0.08  -0.0245649  0.00889161
         610       -0.08  -0.0246557   0.0088775
         611       -0.08  -0.0247463  0.00886343
         612        0.12  -0.0245098   0.0088521
         613       -0.04  -0.0245351   0.0088377
         614       -0.08  -0.0246254  0.00882376
         615        0.04  -0.0245203  0.00881004
         616       -0.16  -0.0247403  0.00879849
         617       -0.32  -0.0252188  0.00879723
         618       -0.12  -0.0253722  0.00878433
         619       -0.12   -0.025525  0.00877147
         620        0.04  -0.0254194  0.00875796
         621       -0.04  -0.0254428  0.00874389
         622        -0.2  -0.0257235  0.00873433
         623       -0.24  -0.0260674  0.00872708
         624       -0.16  -0.0262821  0.00871574
         625       -0.12   -0.026432  0.00870308
         626       -0.08  -0.0265176   0.0086896
         627       -0.08  -0.0266029  0.00867616
         628       -0.04  -0.0266242  0.00866237
         629        0.08  -0.0264547  0.00865025
         630        0.08  -0.0262857  0.00863817
         631        0.16  -0.0259905  0.00862953
         632        0.12  -0.0257595  0.00861897
         633        0.28  -0.0252765  0.00861887
         634           0  -0.0252366  0.00860537
         635       -0.08  -0.0253228  0.00859225
         636       -0.08  -0.0254088  0.00857917
         637        0.04  -0.0253061  0.00856632
         638       -0.08  -0.0253918  0.00855332
         639        -0.2  -0.0256651   0.0085443
         640       -0.16   -0.025875  0.00853353
         641           0  -0.0258346  0.00852031
         642        -0.2  -0.0261059  0.00851136
         643       -0.12  -0.0262519  0.00849937
         644       -0.12  -0.0263975  0.00848742
         645       -0.16  -0.0266047  0.00847679
         646           0  -0.0265635  0.00846377
         647        0.04  -0.0264606  0.00845131
         648       -0.04  -0.0264815  0.00843829
         649         0.2  -0.0261325   0.0084325
         650        0.48  -0.0253538  0.00845541
         651        0.72  -0.0242089  0.00851958
         652         0.8  -0.0229448  0.00859979
         653        0.56  -0.0220521  0.00863283
         654         0.6  -0.0211009  0.00867187
         655        0.48  -0.0203359  0.00869231
         656        0.52  -0.0195122    0.008718
         657        0.16   -0.019239  0.00870901
         658        0.08  -0.0190881  0.00869708
         659        0.04  -0.0189985  0.00868435
         660        0.16  -0.0187273  0.00867542
         661        0.36  -0.0181543   0.0086812
         662        0.28  -0.0177039  0.00867976
         663           0  -0.0176772  0.00866671
         664       -0.16  -0.0178916   0.0086563
         665           0  -0.0178647  0.00864333
         666           0  -0.0178378  0.00863039
         667       -0.04  -0.0178711  0.00861752
         668        0.04  -0.0177844  0.00860505
         669       -0.08  -0.0178774  0.00859269
         670        0.04   -0.017791   0.0085803
         671         0.2  -0.0174665  0.00857365
         672        0.28  -0.0170238  0.00857231
         673         0.2  -0.0167013  0.00856564
         674        0.24  -0.0163205  0.00856139
         675        0.16  -0.0160593  0.00855269
         676        0.24  -0.0156805  0.00854843
         677        0.36  -0.0151256  0.00855379
         678         0.2  -0.0148083  0.00854706
         679         0.2  -0.0144919  0.00854032
         680       -0.04  -0.0145294  0.00852785
         681       -0.04  -0.0145668  0.00851541
         682       -0.04  -0.0146041    0.008503
         683       -0.08  -0.0146999  0.00849109
         684       -0.08  -0.0147953  0.00847921
         685       -0.08  -0.0148905  0.00846737
         686       -0.16   -0.015102  0.00845767
         687       -0.04  -0.0151383  0.00844543
         688       -0.08  -0.0152326  0.00843369
         689       -0.12  -0.0153846  0.00842282
         690       -0.16  -0.0155942  0.00841322
         691       -0.16  -0.0158032  0.00840364
         692       -0.32  -0.0162428  0.00840298
         693       -0.24  -0.0165657  0.00839706
         694        -0.2    -0.01683  0.00838912
         695        0.24  -0.0164604  0.00838518
         696         0.2  -0.0161494   0.0083789
         697        0.32  -0.0156671  0.00838075
         698        0.36  -0.0151289    0.008386
         699        0.56  -0.0143062  0.00841427
         700        0.56  -0.0134857  0.00844216
         701        0.64  -0.0125535  0.00848143
         702         0.4  -0.0119658  0.00848968
         703        0.24  -0.0116074  0.00848517
         704        0.04  -0.0115341  0.00847343
         705           0  -0.0115177  0.00846143
         706       -0.12  -0.0116714  0.00845084
         707       -0.16  -0.0118812  0.00844149
         708       -0.04  -0.0119209  0.00842966
         709       -0.12  -0.0120733  0.00841915
         710       -0.12  -0.0122254  0.00840866
         711        0.08  -0.0120956  0.00839784
         712        0.24  -0.0117416   0.0083935
         713        0.12  -0.0115568  0.00838376
         714       -0.12  -0.0117087   0.0083734
         715       -0.04  -0.0117483  0.00836178
         716        0.24  -0.0113966  0.00835749
         717        0.32  -0.0109344   0.0083586
         718        0.44  -0.0103064  0.00837052
         719        0.28 -0.00990264  0.00836861
         720         0.4 -0.00933333  0.00837633
         721        0.28 -0.00893204  0.00837432
         722         0.2 -0.00864266  0.00836772
         723        0.28 -0.00824343  0.00836567
         724        0.36 -0.00773481  0.00836956
         725        0.24  -0.0073931  0.00836499
         726        0.12 -0.00721763  0.00835531
         727        0.08 -0.00709766  0.00834467
         728        0.16 -0.00686813  0.00833637
         729        0.28 -0.00647462  0.00833422
         730        0.44 -0.00586301  0.00834521
         731        0.12 -0.00569083  0.00833557
         732        0.28 -0.00530055  0.00833331
         733         0.2 -0.00502046  0.00832665
         734         0.2 -0.00474114  0.00831999
         735        0.36  -0.0042449  0.00832346
         736        0.12 -0.00407609  0.00831386
         737        0.24 -0.00374491  0.00830917
         738        0.32 -0.00330623  0.00830949
         739        0.12 -0.00313938  0.00829992
         740        0.04 -0.00308108   0.0082889
         741       -0.08 -0.00318489  0.00827837
         742       -0.28 -0.00355795  0.00827561
         743       -0.36 -0.00403769  0.00827837
         744        0.08 -0.00392473  0.00826801
         745       -0.08 -0.00402685  0.00825755
         746        -0.2 -0.00428954  0.00825065
         747       -0.24 -0.00460509  0.00824564
         748       -0.12 -0.00475936  0.00823606
         749        0.04  -0.0046996  0.00822528
         750       -0.04 -0.00474667  0.00821445
         751       -0.04 -0.00479361  0.00820364
         752       -0.28 -0.00515957  0.00820089
         753       -0.24 -0.00547145  0.00819593
         754        -0.2 -0.00572944  0.00818912
         755        -0.2 -0.00598675  0.00818232
         756        -0.4 -0.00650794  0.00818807
         757       -0.32 -0.00692206  0.00818772
         758       -0.28 -0.00728232  0.00818484
         759        0.12 -0.00711462  0.00817578
         760         0.2 -0.00684211  0.00816956
         761        0.12 -0.00667543  0.00816053
         762        0.12 -0.00650919  0.00815151
         763       -0.04 -0.00655308  0.00814094
         764       -0.16 -0.00675393  0.00813277
         765       -0.24 -0.00705882  0.00812785
         766       -0.08 -0.00715405  0.00811779
         767        0.04 -0.00709257  0.00810744
         768        0.08 -0.00697917  0.00809768
         769        0.12 -0.00681404  0.00808883
         770        0.08  -0.0067013  0.00807911
         771        0.08 -0.00658885  0.00806942
         772       -0.12 -0.00673575   0.0080603
         773        -0.4  -0.0072445  0.00806592
         774        -0.4 -0.00775194  0.00807144
         775       -0.28 -0.00810323  0.00806867
         776       -0.24 -0.00840206   0.0080638
         777       -0.32 -0.00880309  0.00806339
         778       -0.04 -0.00884319  0.00805312
         779       -0.08 -0.00893453   0.0080433
         780       -0.24 -0.00923077  0.00803845
         781        -0.2 -0.00947503  0.00803186
         782       -0.08 -0.00956522   0.0080221
         783       -0.08 -0.00965517  0.00801236
         784       -0.32   -0.010051  0.00801191
         785       -0.36  -0.0104968   0.0080141
         786       -0.28  -0.0108397  0.00801123
         787       -0.04  -0.0108767  0.00800114
         788       -0.04  -0.0109137  0.00799107
         789       -0.16  -0.0111027  0.00798318
         790        0.04   -0.011038  0.00797333
         791       -0.24  -0.0113274   0.0079685
         792        -0.2  -0.0115657    0.007962
         793       -0.24  -0.0118537  0.00795717
         794       -0.04  -0.0118892  0.00794723
         795       -0.08  -0.0119748  0.00793769
         796       -0.24  -0.0122613  0.00793289
         797        -0.4  -0.0127478  0.00793784
         798        -0.4  -0.0132331  0.00794271
         799       -0.44  -0.0137672  0.00795071
         800       -0.28     -0.0141  0.00794773
         801        0.04  -0.0140325   0.0079381
         802        0.08  -0.0139152  0.00792907
         803       -0.08  -0.0139975  0.00791962
         804       -0.08  -0.0140796   0.0079102
         805        0.04  -0.0140124  0.00790065
         806        0.12  -0.0138462   0.0078926
         807       -0.08  -0.0139281  0.00788325
         808        0.04  -0.0138614  0.00787377
         809        0.08  -0.0137454  0.00786489
         810       -0.16  -0.0139259  0.00785726
         811       -0.24  -0.0142047  0.00785251
         812        0.04  -0.0141379  0.00784313
         813        0.08  -0.0140221  0.00783433
         814        0.04  -0.0139558  0.00782499
         815       -0.12  -0.0140859  0.00781647
         816       -0.08  -0.0141667  0.00780731
         817       -0.24  -0.0144431  0.00780264
         818       -0.28  -0.0147677  0.00779986
         819        0.04  -0.0147009  0.00779062
         820        0.08  -0.0145854  0.00778197
         821       -0.08   -0.014665   0.0077729
         822       -0.04  -0.0146959  0.00776351
         823        0.04  -0.0146294  0.00775436
         824       -0.08  -0.0147087  0.00774536
         825       -0.08  -0.0147879  0.00773637
         826       -0.08  -0.0148668  0.00772741
         827           0  -0.0148489  0.00771809
         828       -0.04  -0.0148792  0.00770882
         829        0.04   -0.014813  0.00769981
         830        0.36  -0.0143614  0.00770376
         831        0.24  -0.0140554  0.00770057
         832        0.24    -0.01375  0.00769737
         833         0.4  -0.0132533  0.00770414
         834        0.32  -0.0128537  0.00770525
         835         0.2  -0.0125988  0.00770024
         836         0.2  -0.0123445  0.00769523
         837        0.32  -0.0119474  0.00769627
         838        0.32  -0.0115513  0.00769728
         839        0.08  -0.0114422  0.00768887
         840       -0.12  -0.0115714  0.00768081
         841        -0.2  -0.0117955  0.00767494
         842        0.08  -0.0116865   0.0076666
         843        0.08  -0.0115777  0.00765828
         844        0.36  -0.0111374  0.00766185
         845        0.36  -0.0106982  0.00766536
         846        0.24  -0.0104019  0.00766202
         847         0.4 -0.00991736  0.00766828
         848        0.36 -0.00948113  0.00767164
         849        0.32 -0.00909305  0.00767241
         850        0.32 -0.00870588  0.00767315
         851        0.08 -0.00860165  0.00766484
         852       -0.08 -0.00868545   0.0076563
         853        0.04 -0.00862837  0.00764754
         854        0.12 -0.00847775  0.00764007
         855        0.08 -0.00837427  0.00763183
         856        0.44 -0.00785047  0.00764087
         857         0.2 -0.00760793   0.0076358
         858        0.24 -0.00731935  0.00763235
         859        0.28 -0.00698487  0.00763079
         860        0.36 -0.00655814  0.00763384
         861        0.04 -0.00650407  0.00762517
         862        0.32 -0.00612529  0.00762573
         863        0.16 -0.00593279  0.00761932
         864        0.28 -0.00560185  0.00761768
         865        0.12 -0.00545665  0.00761026
         866        0.04 -0.00540416  0.00760165
         867       -0.12 -0.00553633  0.00759403
         868       -0.28 -0.00585253  0.00759187
         869           0  -0.0058458  0.00758313
         870       -0.08 -0.00593103   0.0075749
         871       -0.16 -0.00610792  0.00756826
         872       -0.32 -0.00646789  0.00756814
         873        -0.4 -0.00691867  0.00757288
         874       -0.24 -0.00718535  0.00756891
         875       -0.16    -0.00736  0.00756228
         876        -0.2 -0.00757991  0.00755684
         877       -0.36 -0.00798176   0.0075589
         878       -0.32 -0.00833713  0.00755864
         879       -0.32  -0.0086917  0.00755835
         880       -0.28      -0.009  0.00755605
         881       -0.44 -0.00948922  0.00756329
         882        -0.2 -0.00970522   0.0075578
         883       -0.36  -0.0101019  0.00755965
         884        -0.4   -0.010543  0.00756395
         885       -0.32  -0.0108927  0.00756348
         886       -0.04  -0.0109255  0.00755502
         887        0.12  -0.0107779  0.00754794
         888        0.04  -0.0107207  0.00753966
         889       -0.24  -0.0109786  0.00753559
         890        -0.2   -0.011191  0.00753011
         891       -0.12  -0.0113131  0.00752265
         892        -0.2  -0.0115247  0.00751719
         893       -0.32  -0.0118701  0.00751671
         894       -0.44   -0.012349  0.00752354
         895       -0.16   -0.012514  0.00751694
         896       -0.12  -0.0126339  0.00750951
         897        0.04  -0.0125753  0.00750137
         898        0.16  -0.0123831  0.00749547
         899        0.04  -0.0123248  0.00748736
         900        0.04  -0.0122667  0.00747927
         901         0.2  -0.0120311  0.00747468
         902        0.36  -0.0116186  0.00747776
         903        0.36  -0.0112071   0.0074808
         904        0.36  -0.0107965  0.00748378
         905        0.32  -0.0104309  0.00748443
         906        0.16  -0.0102428  0.00747854
         907        0.32 -0.00987872  0.00747915
         908        0.36 -0.00947137    0.007482
         909        0.48 -0.00893289  0.00749312
         910        0.48  -0.0083956  0.00750412
         911         0.6 -0.00772777  0.00752554
         912         0.4  -0.0072807  0.00753056
         913        0.08  -0.0071851  0.00752292
         914        0.24 -0.00691466  0.00751955
         915        0.08 -0.00681967  0.00751193
         916        0.16 -0.00663755  0.00750594
         917         0.2 -0.00641221  0.00750113
         918        0.24 -0.00614379  0.00749776
         919        0.12 -0.00600653  0.00749086
         920        0.16 -0.00582609  0.00748489
         921        0.16 -0.00564604  0.00747893
         922        0.04 -0.00559653  0.00747098
         923        0.16 -0.00541712  0.00746504
         924        0.16  -0.0052381  0.00745911
         925        0.16 -0.00505946  0.00745318
         926         0.2 -0.00483801  0.00744842
         927        0.04 -0.00478964  0.00744055
         928       -0.04 -0.00482759  0.00743262
         929       -0.16 -0.00499462   0.0074265
         930       -0.12 -0.00511828  0.00741954
         931       -0.16 -0.00528464  0.00741344
         932        -0.2 -0.00549356  0.00740843
         933       -0.28 -0.00578778  0.00740633
         934       -0.24 -0.00603854  0.00740264
         935        -0.2 -0.00624599  0.00739763
         936       -0.28 -0.00653846  0.00739551
         937           0 -0.00653148  0.00738762
         938        0.08 -0.00643923  0.00738032
         939        0.36 -0.00604899  0.00738277
         940        0.36 -0.00565957  0.00738518
         941        0.36 -0.00527099  0.00738755
         942        0.28 -0.00496815  0.00738591
         943        0.16 -0.00479321  0.00738015
         944        0.24  -0.0045339  0.00737688
         945        0.04 -0.00448677  0.00736923
         946       -0.16 -0.00465116  0.00736327
         947       -0.16 -0.00481521  0.00735732
         948       -0.12 -0.00493671  0.00735056
         949           0 -0.00493151  0.00734282
         950       -0.16 -0.00509474  0.00733691
         951       -0.08  -0.0051735  0.00732961
         952       -0.12 -0.00529412  0.00732291
         953       -0.32 -0.00562434  0.00732266
         954       -0.16 -0.00578616  0.00731678
         955       -0.28  -0.0060733  0.00731475
         956       -0.16 -0.00623431  0.00730887
         957           0  -0.0062278  0.00730123
         958        0.08 -0.00613779  0.00729417
         959           0 -0.00613139  0.00728656
         960       -0.16 -0.00629167  0.00728074
         961        0.04  -0.0062435  0.00727332
         962        0.12 -0.00611227  0.00726694
         963        0.12 -0.00598131  0.00726058
         964       -0.08 -0.00605809  0.00725345
         965       -0.04 -0.00609326  0.00724602
         966           0 -0.00608696  0.00723852
         967       -0.24 -0.00632885  0.00723508
         968       -0.12 -0.00644628  0.00722855
         969        -0.2 -0.00664603  0.00722385
         970       -0.08 -0.00672165   0.0072168
         971       -0.08 -0.00679712  0.00720976
         972       -0.48 -0.00728395  0.00721876
         973       -0.24 -0.00752312  0.00721531
         974           0  -0.0075154   0.0072079
         975        0.12 -0.00738462   0.0072017
         976           0 -0.00737705  0.00719432
         977        0.16 -0.00720573    0.007189
         978        0.44 -0.00674847  0.00719617
         979         0.2 -0.00653728  0.00719192
         980       -0.16 -0.00669388  0.00718629
         981       -0.12 -0.00680938  0.00717989
         982       -0.08 -0.00688391  0.00717297
         983       -0.04  -0.0069176  0.00716575
         984        -0.4 -0.00731707  0.00716959
         985       -0.24  -0.0075533   0.0071662
         986       -0.04 -0.00758621  0.00715901
         987       -0.16 -0.00774063  0.00715342
         988        0.16 -0.00757085   0.0071482
         989        0.16 -0.00740142  0.00714298
         990        0.28 -0.00711111  0.00714166
         991        0.12 -0.00698285   0.0071356
         992       -0.24 -0.00721774  0.00713228
         993       -0.08 -0.00729104  0.00712547
         994        0.12 -0.00716298  0.00711945
         995        0.24 -0.00691457  0.00711663
         996       -0.08 -0.00698795  0.00710986
         997       -0.16 -0.00714142  0.00710439
         998        -0.2 -0.00733467   0.0070999
         999       -0.24 -0.00756757  0.00709661
        1000        0.08    -0.00748  0.00709005
        1001        0.12 -0.00735265  0.00708411
        1002        0.08 -0.00726547  0.00707758
        1003        0.12 -0.00713858  0.00707166
        1004       -0.04 -0.00717131  0.00706469
        1005       -0.08 -0.00724378  0.00705804
        1006       -0.12 -0.00735586  0.00705191
        1007       -0.12 -0.00746773  0.00704579
        1008        0.16 -0.00730159  0.00704076
        1009        0.16 -0.00713578  0.00703574
        1010        0.24 -0.00689109  0.00703302
        1011       -0.08  -0.0069634  0.00702644
        1012       -0.08 -0.00703557  0.00701987
        1013       -0.12 -0.00714709  0.00701382
        1014        0.04 -0.00710059  0.00700706
        1015       -0.12 -0.00721182  0.00700104
        1016        0.04 -0.00716535   0.0069943
        1017        0.16 -0.00700098  0.00698936
        1018           0 -0.00699411  0.00698249
        1019           0 -0.00698724  0.00697564
        1020        0.08 -0.00690196  0.00696933
        1021        0.28 -0.00662096  0.00696816
        1022        0.32 -0.00630137  0.00696867
        1023        0.08 -0.00621701  0.00696237
        1024        -0.2 -0.00640625  0.00695814
        1025       -0.36 -0.00675122   0.0069599
        1026       -0.56 -0.00729045  0.00697397
        1027       -0.16 -0.00743914  0.00696877
        1028       -0.12 -0.00754864  0.00696285
        1029        0.08 -0.00746356   0.0069566
        1030        0.16 -0.00730097  0.00695175
        1031           0 -0.00729389  0.00694501
        1032       -0.16 -0.00744186  0.00693986
        1033       -0.08  -0.0075121  0.00693349
        1034           0 -0.00750484  0.00692679
        1035       -0.04 -0.00753623  0.00692017
        1036       -0.04 -0.00756757  0.00691356
        1037       -0.04 -0.00759884  0.00690696
        1038           0 -0.00759152  0.00690031
        1039       -0.12 -0.00769971  0.00689452
        1040       -0.04 -0.00773077  0.00688796
        1041       -0.04 -0.00776177  0.00688141
        1042        -0.2 -0.00794626  0.00687728
        1043       -0.32 -0.00824545  0.00687719
        1044       -0.16  -0.0083908  0.00687214
        1045       -0.36 -0.00872727   0.0068738
        1046        -0.2 -0.00891013  0.00686966
        1047       -0.12 -0.00901624  0.00686392
        1048         0.2 -0.00881679  0.00686026
        1049        0.24  -0.0085796  0.00685782
        1050         0.4 -0.00819048  0.00686232
        1051        0.28 -0.00791627  0.00686127
        1052        0.16 -0.00775665   0.0068566
        1053        0.32 -0.00744539  0.00685715
        1054        0.32 -0.00713472  0.00685768
        1055         0.4 -0.00674882  0.00686203
        1056        0.44 -0.00632576  0.00686856
        1057        0.44  -0.0059035  0.00687503
        1058         0.4 -0.00551985  0.00687923
        1059        0.24 -0.00528801  0.00687664
        1060        0.56 -0.00475472   0.0068908
        1061        0.36 -0.00441093  0.00689288
        1062        0.68 -0.00376648  0.00691645
        1063        0.52 -0.00327375  0.00692747
        1064        0.44 -0.00285714  0.00693347
        1065        0.16 -0.00270423  0.00692865
        1066         0.2 -0.00251407  0.00692476
        1067        0.24 -0.00228679    0.006922
        1068        0.36 -0.00194757  0.00692382
        1069         0.2 -0.00175865  0.00691992
        1070        0.08 -0.00168224  0.00691388
        1071        0.12 -0.00156863  0.00690836
        1072        0.04 -0.00152985  0.00690202
        1073       -0.08 -0.00160298  0.00689598
        1074           0 -0.00160149  0.00688955
        1075       -0.04 -0.00163721  0.00688324
        1076       -0.36 -0.00197026  0.00688489
        1077       -0.28 -0.00222841  0.00688334
        1078       -0.16 -0.00237477  0.00687851
        1079       -0.12 -0.00248378    0.006873
        1080       -0.08 -0.00255556  0.00686701
        1081       -0.32 -0.00284921  0.00686693
        1082        -0.2 -0.00303142    0.006863
        1083        -0.2  -0.0032133  0.00685908
        1084       -0.16 -0.00335793  0.00685427
        1085       -0.12 -0.00346544   0.0068488
        1086           0 -0.00346225  0.00684249
        1087        0.12 -0.00334867  0.00683714
        1088       -0.04 -0.00338235  0.00683094
        1089       -0.08 -0.00345271  0.00682503
        1090        0.08 -0.00337615   0.0068192
        1091       -0.08 -0.00344638  0.00681331
        1092        0.04 -0.00340659  0.00680719
        1093        0.04 -0.00336688  0.00680107
        1094           0  -0.0033638  0.00679486
        1095       -0.16 -0.00350685  0.00679016
        1096           0 -0.00350365  0.00678396
        1097        0.16  -0.0033546  0.00677942
        1098        0.28 -0.00309654  0.00677815
        1099        0.32 -0.00280255  0.00677836
        1100         0.4 -0.00243636  0.00678208
        1101        0.12 -0.00232516  0.00677683
        1102        0.04 -0.00228675  0.00677079
        1103       -0.04 -0.00232094  0.00676474
        1104       -0.12 -0.00242754  0.00675945
        1105        0.28 -0.00217195  0.00675816
        1106           0 -0.00216998  0.00675205
        1107        0.12 -0.00205962  0.00674686
        1108       -0.32 -0.00234657  0.00674687
        1109       -0.52 -0.00281335  0.00675691
        1110        -0.4 -0.00317117  0.00676029
        1111       -0.24 -0.00338434  0.00675756
        1112       -0.08 -0.00345324  0.00675184
        1113           0 -0.00345013  0.00674577
        1114        -0.2 -0.00362657  0.00674202
        1115       -0.12 -0.00373094  0.00673679
        1116       -0.28 -0.00397849   0.0067353
        1117        -0.2 -0.00415398  0.00673155
        1118       -0.08 -0.00422182  0.00672587
        1119       -0.12 -0.00432529  0.00672066
        1120       -0.32 -0.00460714  0.00672057
        1121       -0.16 -0.00474576    0.006716
        1122       -0.24 -0.00495544  0.00671329
        1123           0 -0.00495102  0.00670731
        1124       -0.16 -0.00508897  0.00670276
        1125       -0.12 -0.00519111  0.00669758
        1126       -0.24 -0.00539964  0.00669488
        1127           0 -0.00539485  0.00668894
        1128        0.04 -0.00535461  0.00668313
        1129        0.04 -0.00531444  0.00667733
        1130       -0.04 -0.00534513  0.00667149
        1131        0.08 -0.00526967  0.00666602
        1132        0.12 -0.00515901  0.00666105
        1133        0.04 -0.00511915  0.00665529
        1134        0.08 -0.00504409  0.00664985
        1135        0.28 -0.00479295  0.00664873
        1136        0.12  -0.0046831  0.00664378
        1137        0.28 -0.00443272  0.00664266
        1138        0.04 -0.00439367  0.00663693
        1139       -0.16 -0.00453029  0.00663251
        1140       -0.24 -0.00473684  0.00662991
        1141       -0.12 -0.00483786  0.00662487
        1142           0 -0.00483363  0.00661907
        1143       -0.16 -0.00496938  0.00661467
        1144       -0.28 -0.00520979  0.00661325
        1145       -0.28 -0.00544978  0.00661183
        1146       -0.36 -0.00575916   0.0066133
        1147        -0.2 -0.00592851   0.0066097
        1148       -0.04 -0.00595819  0.00660401
        1149        0.12 -0.00584856  0.00659917
        1150        0.32 -0.00556522  0.00659951
        1151        0.52  -0.0051086  0.00660956
        1152        0.52 -0.00465278  0.00661952
        1153        0.68 -0.00405898  0.00664036
        1154        0.56 -0.00357019  0.00665257
        1155        0.68 -0.00297835  0.00667308
        1156        0.76 -0.00231834  0.00669987
        1157         0.6 -0.00179775  0.00671427
        1158        0.32 -0.00151986  0.00671422
        1159        0.28 -0.00127696  0.00671282
        1160        0.28 -0.00103448  0.00671141
        1161        0.36-0.000723514  0.00671283
        1162        0.64-0.000172117  0.00672966
        1163        0.48 0.000240757  0.00673653
        1164        0.48 0.000652921  0.00674334
        1165        0.24 0.000858369  0.00674068
        1166        0.32  0.00113208  0.00674046
        1167         0.4  0.00147386  0.00674334
        1168        0.28  0.00171233  0.00674178
        1169        0.28  0.00195038  0.00674022
        1170        0.04  0.00198291  0.00673453
        1171       -0.12  0.00187874  0.00672959
        1172       -0.24  0.00167235  0.00672701
        1173           0  0.00167093  0.00672127
        1174        0.08  0.00173765  0.00671588
        1175        0.24  0.00194043  0.00671323
        1176        0.28  0.00217687  0.00671168
        1177         0.2  0.00234494  0.00670808
        1178        0.24  0.00254669  0.00670542
        1179        0.04  0.00257846  0.00669981
        1180        0.32  0.00284746  0.00669953
        1181        0.16  0.00298052  0.00669518
        1182         0.2  0.00314721  0.00669159
        1183       -0.04  0.00311074  0.00668603
        1184       -0.16  0.00297297   0.0066818
        1185       -0.04  0.00293671  0.00667626
        1186       -0.04  0.00290051  0.00667073
        1187       -0.08  0.00283067  0.00666548
        1188        0.16  0.00296296  0.00666118
        1189           0  0.00296047  0.00665558
        1190       -0.16  0.00282353  0.00665139
        1191       -0.12   0.0027204  0.00664661
        1192           0  0.00271812  0.00664103
        1193       -0.12  0.00261526  0.00663626
        1194       -0.12  0.00251256   0.0066315
        1195        -0.2   0.0023431  0.00662811
        1196       -0.16  0.00220736  0.00662396
        1197       -0.28   0.0019716  0.00662262
        1198        -0.2  0.00180301  0.00661924
        1199        -0.4  0.00146789   0.0066222
        1200       -0.04  0.00143333  0.00661677
        1201       -0.16  0.00129892  0.00661262
        1202       -0.12    0.001198  0.00660789
        1203        -0.2  0.00103076  0.00660452
        1204       -0.08 0.000963455  0.00659937
        1205        -0.2  0.00079668    0.006596
        1206         0.2 0.000961857   0.0065926
        1207         0.2  0.00112676   0.0065892
        1208        0.28  0.00135762  0.00658779
        1209        0.32  0.00162117  0.00658761
        1210        0.08  0.00168595  0.00658249
        1211        0.12  0.00178365  0.00657778
        1212        0.04  0.00181518  0.00657242
        1213        0.12  0.00191261  0.00656773
        1214       -0.12  0.00181219  0.00656308
        1215        -0.2  0.00164609  0.00655978
        1216       -0.16  0.00151316  0.00655574
        1217       -0.04  0.00147905  0.00655044
        1218        0.28  0.00170772  0.00654905
        1219         0.2  0.00187039   0.0065457
        1220         0.2  0.00203279  0.00654235
        1221       -0.12  0.00193284  0.00653775
        1222       -0.32  0.00166939  0.00653771
        1223       -0.32  0.00140638  0.00653765
        1224       -0.36  0.00111111  0.00653897
        1225        -0.2 0.000946939   0.0065357
        1226       -0.16 0.000815661  0.00653168
        1227        -0.2 0.000651997  0.00652841
        1228       -0.08 0.000586319  0.00652343
        1229        -0.2 0.000423108  0.00652016
        1230        0.16 0.000552846  0.00651615
        1231         0.2 0.000714866  0.00651287
        1232        0.16 0.000844156  0.00650887
        1233        0.08 0.000908354   0.0065039
        1234         0.2  0.00106969  0.00650063
        1235        0.12  0.00116599  0.00649608
        1236        0.12  0.00126214  0.00649154
        1237        0.08  0.00132579   0.0064866
        1238           0  0.00132472  0.00648136
        1239        0.24  0.00151735  0.00647899
        1240        0.16  0.00164516  0.00647503
        1241        0.08   0.0017083  0.00647012
        1242       -0.12  0.00161031  0.00646565
        1243        0.12  0.00170555  0.00646115
        1244        0.08  0.00176849  0.00645627
        1245        0.44  0.00212048  0.00646067
        1246         0.4  0.00243981  0.00646337
        1247        0.32  0.00269447   0.0064632
        1248        0.24  0.00288462  0.00646082
        1249        0.24  0.00307446  0.00645843
        1250        0.04    0.003104  0.00645334
        1251       -0.24  0.00290967   0.0064511
        1252       -0.28  0.00268371  0.00644991
        1253       -0.12  0.00258579   0.0064455
        1254       -0.16  0.00245614  0.00644167
        1255       -0.24  0.00226295  0.00643943
        1256       -0.04   0.0022293  0.00643439
        1257       -0.12  0.00213206  0.00643001
        1258       -0.12  0.00203498  0.00642563
        1259       -0.28  0.00181096  0.00642443
        1260       -0.48  0.00142857   0.0064307
        1261        -0.4  0.00111023  0.00643347
        1262       -0.36 0.000824089  0.00643474
        1263       -0.08 0.000760095  0.00642996
        1264        -0.2 0.000601266  0.00642683
        1265       -0.36 0.000316206  0.00642807
        1266       -0.32 6.31912e-05  0.00642797
        1267       -0.08 5.26852e-18  0.00642321
        1268       -0.16-0.000126183  0.00641938
        1269           0-0.000126084  0.00641432
        1270       -0.08-0.000188976  0.00640958
        1271       -0.12-0.000283242  0.00640523
        1272        0.08-0.000220126  0.00640051
        1273           0-0.000219953  0.00639548
        1274        0.16-9.41915e-05   0.0063917
        1275        0.32 0.000156863  0.00639161
        1276        0.32 0.000407524  0.00639152
        1277        0.12 0.000501175   0.0063872
        1278         0.2 0.000657277  0.00638411
        1279        0.24  0.00084441  0.00638186
        1280        0.24  0.00103125  0.00637961
        1281        0.16  0.00115535  0.00637583
        1282        0.08  0.00121685  0.00637116
        1283       -0.12  0.00112237  0.00636689
        1284        -0.2 0.000965732  0.00636386
        1285       -0.36 0.000684825   0.0063651
        1286        -0.4  0.00037325  0.00636777
        1287       -0.24  0.00018648  0.00636556
        1288           0 0.000186335  0.00636062
        1289       -0.28-3.10318e-05   0.0063594
        1290        -0.2-0.000186047  0.00635636
        1291       -0.24-0.000371805  0.00635415
        1292       -0.24-0.000557276  0.00635194
        1293        0.04-0.000525909   0.0063471
        1294       -0.24-0.000710974   0.0063449
        1295       -0.16-0.000833977  0.00634119
        1296        0.12-0.000740741  0.00633698
        1297        0.12-0.000647648  0.00633278
        1298       -0.12-0.000739599  0.00632857
        1299       -0.12-0.000831409  0.00632436
        1300           0-0.000830769   0.0063195
        1301       -0.28 -0.00104535  0.00631828
        1302       -0.32 -0.00129032  0.00631818
        1303        -0.2 -0.00144282  0.00631517
        1304       -0.28 -0.00165644  0.00631394
        1305        -0.2 -0.00180843  0.00631093
        1306       -0.24 -0.00199081  0.00630873
        1307       -0.16 -0.00211171  0.00630506
        1308       -0.04 -0.00214067  0.00630031
        1309       -0.08 -0.00220015  0.00629577
        1310       -0.12 -0.00229008  0.00629161
        1311       -0.04 -0.00231884  0.00628688
        1312       -0.04 -0.00234756  0.00628215
        1313        0.04 -0.00231531  0.00627745
        1314        0.08 -0.00225266  0.00627298
        1315         0.2 -0.00209886   0.0062701
        1316        0.08 -0.00203647  0.00626565
        1317        0.08 -0.00197418   0.0062612
        1318       -0.12 -0.00206373  0.00625709
        1319        0.12 -0.00197119  0.00625303
        1320        0.28 -0.00175758  0.00625194
        1321        0.08 -0.00169569  0.00624751
        1322        -0.2 -0.00184569  0.00624459
        1323        -0.2 -0.00199546  0.00624166
        1324        0.16 -0.00187311  0.00623815
        1325        0.28 -0.00166038  0.00623707
        1326        0.24 -0.00147813  0.00623502
        1327        0.08 -0.00141673  0.00623063
        1328        0.12  -0.0013253  0.00622661
        1329        -0.2 -0.00147479  0.00622372
        1330       -0.16 -0.00159398  0.00622018
        1331       -0.12 -0.00168295  0.00621614
        1332       -0.04 -0.00171171  0.00621154
        1333       -0.12 -0.00180045  0.00620751
        1334        0.16 -0.00167916  0.00620405
        1335         0.2 -0.00152809  0.00620124
        1336         0.2 -0.00137725  0.00619843
        1337        0.16 -0.00125654  0.00619497
        1338        0.44-0.000926756  0.00619911
        1339        0.24-0.000746826  0.00619709
        1340        0.24-0.000567164  0.00619507
        1341        0.36-0.000298285  0.00619628
        1342        0.44 2.98063e-05  0.00620035
        1343        0.36 0.000297841  0.00620152
        1344        0.32 0.000535714  0.00620147
        1345        0.32 0.000773234   0.0062014
        1346        0.48  0.00112927  0.00620701
        1347        0.48  0.00148478  0.00621257
        1348        0.28  0.00169139   0.0062114
        1349        0.16  0.00180875   0.0062079
        1350        0.16  0.00192593  0.00620441
        1351        0.16  0.00204293  0.00620092
        1352        0.28  0.00224852  0.00619974
        1353        0.36  0.00251293  0.00620079
        1354        0.52  0.00289513  0.00620798
        1355        0.56  0.00330627    0.006217
        1356        0.64  0.00377581  0.00623012
        1357        0.68  0.00427413  0.00624543
        1358        0.52   0.0046539  0.00625237
        1359        0.72  0.00518028  0.00626988
        1360        0.56  0.00558824  0.00627853
        1361        0.44  0.00590742  0.00628203
        1362        0.28  0.00610866  0.00628064
        1363         0.2  0.00625092  0.00627764
        1364        0.16  0.00636364  0.00627405
        1365         0.2  0.00650549  0.00627106
        1366         0.2  0.00664714  0.00626806
        1367        0.32  0.00687637  0.00626767
        1368         0.2  0.00701754  0.00626468
        1369        0.08  0.00707085  0.00626033
        1370       -0.08   0.0070073  0.00625608
        1371        0.04  0.00703136  0.00625156
        1372        0.04  0.00705539  0.00624705
        1373       -0.12  0.00696286  0.00624319
        1374        -0.2  0.00681223  0.00624046
        1375       -0.28  0.00660364  0.00623941
        1376        -0.2  0.00645349  0.00623668
        1377       -0.08   0.0063907  0.00623247
        1378           0  0.00638607  0.00622795
        1379       -0.16  0.00626541   0.0062246
        1380           0  0.00626087  0.00622009
        1381       -0.24  0.00608255  0.00621814
        1382       -0.28  0.00587554  0.00621709
        1383       -0.36  0.00561099  0.00621822
        1384        -0.2  0.00546243   0.0062155
        1385       -0.32  0.00522744  0.00621545
        1386       -0.16  0.00510823  0.00621211
        1387        -0.2  0.00496035  0.00620939
        1388        -0.4  0.00466859  0.00621177
        1389       -0.24  0.00449244  0.00620979
        1390       -0.12  0.00440288  0.00620597
        1391       -0.08   0.0043422  0.00620181
        1392       -0.04  0.00431034  0.00619743
        1393       -0.16  0.00419239  0.00619411
        1394       -0.24  0.00401722  0.00619214
        1395       -0.04  0.00398566  0.00618778
        1396       -0.04  0.00395415  0.00618343
        1397           0  0.00395132    0.006179
        1398        0.08  0.00400572  0.00617482
        1399       -0.08  0.00394568   0.0061707
        1400        0.04  0.00397143  0.00616635
        1401       -0.12  0.00388294  0.00616258
        1402        -0.2  0.00373752   0.0061599
        1403       -0.32  0.00350677  0.00615983
        1404       -0.32  0.00327635  0.00615975
        1405       -0.24   0.0031032   0.0061578
        1406       -0.16   0.0029872  0.00615451
        1407       -0.24   0.0028145  0.00615256
        1408       -0.12  0.00272727  0.00614881
        1409        0.16  0.00283889  0.00614546
        1410       -0.08  0.00278014  0.00614138
        1411       -0.08  0.00272147  0.00613731
        1412       -0.24  0.00254958  0.00613537
        1413       -0.16  0.00243454  0.00613211
        1414       -0.36  0.00217822  0.00613312
        1415       -0.16   0.0020636  0.00612986
        1416        0.04   0.0020904  0.00612559
        1417        0.28  0.00228652  0.00612441
        1418        0.24  0.00245416  0.00612238
        1419        0.32  0.00267794  0.00612215
        1420         0.2   0.0028169  0.00611942
        1421        0.08  0.00287122  0.00611535
        1422        0.08  0.00292546  0.00611129
        1423        0.16  0.00303584    0.006108
        1424         0.4  0.00331461  0.00611007
        1425        0.52  0.00367719  0.00611653
        1426         0.6  0.00409537  0.00612652
        1427        0.68  0.00456903   0.0061405
        1428        0.52  0.00492997   0.0061468
        1429        0.72  0.00543037  0.00616284
        1430         0.6  0.00584615  0.00617254
        1431        0.48   0.0061775  0.00617711
        1432        0.52  0.00653631  0.00618321
        1433        0.44   0.0068388  0.00618629
        1434        0.52  0.00719665  0.00619232
        1435        0.52  0.00755401   0.0061983
        1436        0.52  0.00791086  0.00620425
        1437        0.36  0.00815588  0.00620477
        1438        0.12  0.00823366  0.00620094
        1439         0.2  0.00836692  0.00619807
        1440        0.48  0.00869444  0.00620241
        1441         0.4    0.008966  0.00620405
        1442         0.4  0.00923717  0.00620567
        1443        0.16  0.00934165  0.00620225
        1444        0.08  0.00939058  0.00619814
        1445        0.16  0.00949481  0.00619473
        1446        0.08  0.00954357  0.00619064
        1447       -0.08  0.00948169  0.00618667
        1448       -0.16  0.00936464   0.0061835
        1449       -0.08  0.00930297  0.00617955
        1450       -0.04  0.00926897  0.00617538
        1451       -0.08  0.00920744  0.00617143
        1452       -0.24  0.00903581  0.00616956
        1453        0.12  0.00911218  0.00616579
        1454        0.08  0.00916094  0.00616174
        1455        0.12  0.00923711  0.00615798
        1456         0.2  0.00936813  0.00615514
        1457        0.12  0.00944406  0.00615139
        1458        0.08  0.00949246  0.00614736
        1459        0.32  0.00970528  0.00614683
        1460        0.28  0.00989041   0.0061454
        1461         0.2   0.0100205  0.00614258
        1462        0.08   0.0100684  0.00613856
        1463       -0.04   0.0100342  0.00613446
        1464       -0.08  0.00997268  0.00613058
        1465       -0.28  0.00977474  0.00612959
        1466       -0.28  0.00957708  0.00612859
        1467       -0.08  0.00951602  0.00612472
        1468        0.04  0.00953678  0.00612058
        1469        0.04  0.00955752  0.00611645
        1470        0.16  0.00965986  0.00611315
        1471        0.24  0.00981645    0.006111
        1472       -0.04  0.00978261  0.00610694
        1473       -0.16  0.00966735  0.00610388
        1474        -0.2   0.0095251   0.0061014
        1475        -0.2  0.00938305  0.00609891
        1476       -0.08  0.00932249  0.00609508
        1477        0.12  0.00939743  0.00609141
        1478         0.2  0.00952639  0.00608866
        1479        0.16  0.00962813  0.00608539
        1480        0.12   0.0097027  0.00608174
        1481           0  0.00969615  0.00607763
        1482       -0.12  0.00960864  0.00607416
        1483       -0.08  0.00954821  0.00607037
        1484       -0.12  0.00946092   0.0060669
        1485       -0.36  0.00921212  0.00606792
        1486       -0.24  0.00904441  0.00606615
        1487       -0.12  0.00895763  0.00606269
        1488           0  0.00895161  0.00605862
        1489        -0.2  0.00881128  0.00605618
        1490        -0.2  0.00867114  0.00605373
        1491        -0.2  0.00853119  0.00605129
        1492       -0.16  0.00841823  0.00604829
        1493       -0.36  0.00817147  0.00604927
        1494       -0.28  0.00797858   0.0060483
        1495       -0.24  0.00781271  0.00604652
        1496       -0.32  0.00759358  0.00604645
        1497       -0.36  0.00734803   0.0060474
        1498       -0.12  0.00726302  0.00604396
        1499        0.12  0.00733823  0.00604039
        1500       -0.12  0.00725333  0.00603696
        1501        0.08   0.0073018  0.00603314
        1502        0.12  0.00737683  0.00602959
        1503        0.16  0.00747838  0.00602643
        1504        0.08   0.0075266  0.00602262
        1505       -0.04  0.00749502   0.0060187
        1506           0  0.00749004   0.0060147
        1507       -0.32  0.00727273  0.00601463
        1508        -0.4  0.00700265  0.00601671
        1509       -0.28  0.00681246  0.00601573
        1510       -0.24  0.00664901  0.00601396
        1511       -0.28   0.0064593  0.00601297
        1512        -0.2  0.00632275  0.00601055
        1513       -0.16  0.00621282  0.00600758
        1514       -0.04   0.0061823  0.00600369
        1515       -0.04  0.00615182   0.0059998
        1516        0.04  0.00617414  0.00599589
        1517        0.12  0.00624918   0.0059924
        1518       -0.28  0.00606061  0.00599142
        1519        -0.4  0.00579329  0.00599344
        1520       -0.32  0.00557895  0.00599333
        1521       -0.16  0.00547009  0.00599038
        1522       -0.32  0.00525624  0.00599025
        1523       -0.08  0.00520026  0.00598658
        1524       -0.04   0.0051706  0.00598273
        1525       -0.04  0.00514098  0.00597888
        1526       -0.08  0.00508519  0.00597522
        1527       -0.12  0.00500327  0.00597187
        1528       -0.08  0.00494764  0.00596822
        1529       -0.04  0.00491825  0.00596439
        1530        0.12  0.00499346  0.00596097
        1531         0.2  0.00512084  0.00595843
        1532        0.16  0.00522193   0.0059554
        1533        0.12   0.0052968  0.00595199
        1534        0.28  0.00547588   0.0059508
        1535         0.4   0.0057329  0.00595247
        1536        0.32   0.0059375  0.00595211
        1537        0.16  0.00603774  0.00594908
        1538        0.16  0.00613784  0.00594606
        1539        0.52  0.00647173  0.00595156
        1540        0.28  0.00664935  0.00595035
        1541        0.16  0.00674886  0.00594732
        1542           0  0.00674449  0.00594346
        1543           0  0.00674012  0.00593961
        1544        0.16  0.00683938  0.00593659
        1545        0.08  0.00688673  0.00593294
        1546        0.36  0.00711514   0.0059335
        1547        0.28  0.00729153  0.00593228
        1548        0.24  0.00744186  0.00593035
        1549        0.04  0.00746288  0.00592656
        1550       -0.04  0.00743226  0.00592282
        1551       -0.04  0.00740168  0.00591908
        1552       -0.36  0.00716495     0.00592
        1553        -0.2  0.00703155  0.00591769
        1554       -0.04  0.00700129  0.00591396
        1555       -0.28  0.00681672  0.00591303
        1556       -0.48  0.00650386   0.0059175
        1557        -0.4  0.00624277  0.00591946
        1558        0.04  0.00626444   0.0059157
        1559        0.08  0.00631174   0.0059121
        1560       -0.04  0.00628205  0.00590838
        1561       -0.16  0.00617553  0.00590556
        1562       -0.32  0.00596671  0.00590547
        1563       -0.36  0.00573257  0.00590633
        1564       -0.24  0.00557545  0.00590464
        1565        0.04  0.00559744  0.00590091
        1566       -0.16   0.0054917  0.00589809
        1567       -0.04  0.00546267  0.00589439
        1568       -0.24  0.00530612  0.00589271
        1569       -0.36   0.0050733  0.00589356
        1570       -0.28  0.00489172   0.0058926
        1571        -0.2   0.0047613  0.00589029
        1572           0  0.00475827  0.00588654
        1573       -0.04  0.00472982  0.00588287
        1574           0  0.00472681  0.00587913
        1575       -0.32  0.00452063  0.00587902
        1576        -0.2  0.00439086  0.00587672
        1577       -0.12  0.00431198  0.00587352
        1578       -0.28  0.00413181  0.00587256
        1579       -0.28  0.00395187   0.0058716
        1580        -0.2  0.00382278   0.0058693
        1581        0.12  0.00389627  0.00586605
        1582           0  0.00389381  0.00586234
        1583       -0.04  0.00386608   0.0058587
        1584        0.24  0.00401515   0.0058569
        1585        0.08  0.00406309   0.0058534
        1586        0.16  0.00416141  0.00585054
        1587        0.12   0.0042344  0.00584731
        1588        0.24  0.00438287  0.00584551
        1589        0.28  0.00455632   0.0058444
        1590           0  0.00455346  0.00584073
        1591       -0.08  0.00450031   0.0058373
        1592       -0.04  0.00447236   0.0058337
        1593           0  0.00446955  0.00583004
        1594         0.2  0.00459222  0.00582767
        1595        0.32  0.00478997  0.00582737
        1596        0.36  0.00501253  0.00582797
        1597        0.32  0.00520977  0.00582765
        1598        0.28  0.00538173  0.00582654
        1599         0.4  0.00562852  0.00582812
        1600         0.2     0.00575  0.00582575
        1601        0.04  0.00577139  0.00582215
        1602       -0.28  0.00559301  0.00582125
        1603       -0.32  0.00538989  0.00582116
        1604       -0.24  0.00523691  0.00581954
        1605       -0.16  0.00513396  0.00581682
        1606       -0.16  0.00503113  0.00581411
        1607           0    0.005028  0.00581049
        1608       -0.12  0.00495025   0.0058074
        1609       -0.28  0.00477315  0.00580649
        1610       -0.24  0.00462112  0.00580487
        1611        -0.2   0.0044941  0.00580266
        1612       -0.08  0.00444169   0.0057993
        1613        0.12  0.00451333  0.00579614
        1614         0.2  0.00463445  0.00579382
        1615         0.2  0.00475542  0.00579149
        1616           0  0.00475248  0.00578791
        1617        0.04  0.00477427  0.00578437
        1618       -0.04   0.0047466  0.00578086
        1619       -0.04  0.00471896  0.00577736
        1620        0.08  0.00476543  0.00577398
        1621        0.08  0.00481184   0.0057706
        1622        0.24  0.00495684  0.00576887
        1623        0.32  0.00515096  0.00576858
        1624         0.4  0.00539409  0.00577015
        1625        0.24  0.00553846   0.0057684
        1626       -0.04  0.00551046  0.00576492
        1627           0  0.00550707  0.00576138
        1628       -0.12  0.00542998  0.00575836
        1629        0.16  0.00552486   0.0057556
        1630        0.04  0.00554601  0.00575211
        1631        -0.2  0.00541999  0.00574996
        1632       -0.08  0.00536765  0.00574668
        1633       -0.16  0.00526638  0.00574405
        1634       -0.08   0.0052142  0.00574077
        1635       -0.12  0.00513761  0.00573777
        1636       -0.12  0.00506112  0.00573478
        1637       -0.12  0.00498473  0.00573178
        1638        0.24  0.00512821  0.00573008
        1639        0.08  0.00517389  0.00572676
        1640        0.04  0.00519512  0.00572331
        1641        0.04  0.00521633  0.00571986
        1642       -0.04  0.00518879  0.00571645
        1643       -0.24  0.00503956  0.00571491
        1644       -0.12   0.0049635  0.00571194
        1645        0.08  0.00500912  0.00570865
        1646       -0.08  0.00495747  0.00570542
        1647        0.08  0.00500304  0.00570214
        1648        0.04  0.00502427  0.00569872
        1649        0.08  0.00506974  0.00569544
        1650           0  0.00506667  0.00569199
        1651       -0.04  0.00503937  0.00568861
        1652       -0.12  0.00496368  0.00568567
        1653       -0.08  0.00491228  0.00568246
        1654        0.04  0.00493349  0.00567907
        1655       -0.08  0.00488218  0.00567587
        1656           0  0.00487923  0.00567244
        1657           0  0.00487628  0.00566902
        1658       -0.04  0.00484922  0.00566566
        1659        0.12  0.00491863  0.00566267
        1660        0.08  0.00496386  0.00565944
        1661        0.36   0.0051776  0.00566007
        1662        0.36   0.0053911  0.00566069
        1663        0.24  0.00553217  0.00565904
        1664         0.2  0.00564904  0.00565685
        1665        0.28  0.00581381  0.00565585
        1666         0.2  0.00593037  0.00565366
        1667        0.32  0.00611878   0.0056534
        1668        0.28  0.00628297   0.0056524
        1669        0.24  0.00642301  0.00565075
        1670        0.32  0.00661078  0.00565048
        1671       -0.08  0.00655895  0.00564734
        1672       -0.24  0.00641148  0.00564588
        1673       -0.16  0.00631201  0.00564339
        1674       -0.08  0.00626045  0.00564025
        1675       -0.08  0.00620896  0.00563712
        1676        -0.2  0.00608592   0.0056351
        1677        0.04  0.00610614  0.00563177
        1678        0.16  0.00619785  0.00562916
        1679        0.28  0.00636093  0.00562817
        1680        0.36  0.00657143  0.00562876
        1681        0.16   0.0066627  0.00562615
        1682       -0.16  0.00656361  0.00562368
        1683       -0.04  0.00653595   0.0056204
        1684       -0.12  0.00646081  0.00561757
        1685       -0.28   0.0062908  0.00561681
        1686       -0.52  0.00597865  0.00562214
        1687       -0.56  0.00564315  0.00562881
        1688       -0.44  0.00537915  0.00563166
        1689       -0.56   0.0050444  0.00563827
        1690        -0.2  0.00492308  0.00563624
        1691       -0.16  0.00482555  0.00563375
        1692       -0.24  0.00468085  0.00563228
        1693       -0.32  0.00448907  0.00563221
        1694        -0.2  0.00436836  0.00563018
        1695       -0.36  0.00415339  0.00563096
        1696       -0.36  0.00393868  0.00563174
        1697       -0.16  0.00384207  0.00562925
        1698       -0.32  0.00365135  0.00562916
        1699       -0.32  0.00346086  0.00562907
        1700        -0.4  0.00322353  0.00563076
        1701       -0.28  0.00305703  0.00562991
        1702       -0.28  0.00289072  0.00562906
        1703       -0.32  0.00270112  0.00562894
        1704       -0.12  0.00262911   0.0056261
        1705        0.12  0.00269795  0.00562322
        1706         0.2   0.0028136  0.00562112
        1707        0.12  0.00288225  0.00561824
        1708        0.12  0.00295082  0.00561537
        1709           0  0.00294909  0.00561209
        1710        -0.2  0.00283041  0.00561006
        1711       -0.04  0.00280538  0.00560684
        1712        0.04   0.0028271   0.0056036
        1713        0.04   0.0028488  0.00560037
        1714        0.04  0.00287048  0.00559715
        1715       -0.08  0.00282216  0.00559409
        1716        -0.2  0.00270396  0.00559208
        1717        0.12  0.00277228  0.00558924
        1718       -0.08   0.0027241   0.0055862
        1719       -0.16  0.00262944  0.00558375
        1720        -0.2  0.00251163  0.00558175
        1721        -0.2  0.00239396  0.00557974
        1722       -0.28  0.00222997  0.00557891
        1723       -0.32  0.00204295  0.00557881
        1724       -0.16  0.00194896  0.00557636
        1725        -0.2  0.00183188  0.00557436
        1726       -0.16  0.00173812  0.00557192
        1727        0.16  0.00182976  0.00556944
        1728           0   0.0018287  0.00556622
        1729        0.04  0.00185078  0.00556305
        1730        0.04  0.00187283  0.00555987
        1731        0.12  0.00194107  0.00555708
        1732       -0.16  0.00184758  0.00555466
        1733        -0.4   0.0016157  0.00555629
        1734       -0.32  0.00143022  0.00555618
        1735        0.24  0.00156772  0.00555468
        1736        0.04  0.00158986  0.00555153
        1737        0.12  0.00165803  0.00554875
        1738       -0.12  0.00158803    0.005546
        1739           0  0.00158712  0.00554281
        1740         0.2  0.00170115   0.0055408
        1741       -0.04   0.0016772  0.00553766
        1742       -0.16  0.00158439  0.00553526
        1743       -0.24  0.00144578  0.00553382
        1744       -0.16  0.00135321  0.00553142
        1745           0  0.00135244  0.00552825
        1746       -0.16  0.00126002  0.00552586
        1747        0.04   0.0012822  0.00552274
        1748        0.04  0.00130435  0.00551963
        1749       -0.08  0.00125786  0.00551667
        1750       -0.04  0.00123429  0.00551356
        1751       -0.04  0.00121074  0.00551047
        1752       -0.04  0.00118721  0.00550737
        1753       -0.12  0.00111808  0.00550466
        1754       -0.16  0.00102623  0.00550229
        1755       -0.12 0.000957265  0.00549959
        1756       -0.24 0.000820046  0.00549817
        1757       -0.36 0.000614684  0.00549887
        1758       -0.32 0.000432309  0.00549877
        1759       -0.12 0.000363843  0.00549607
        1760       -0.16 0.000272727   0.0054937
        1761        0.04 0.000295287  0.00549063
        1762        0.04 0.000317821  0.00548756
        1763           0  0.00031764  0.00548444
        1764        0.04 0.000340136  0.00548138
        1765        0.16 0.000430595  0.00547902
        1766         0.2 0.000543601  0.00547709
        1767        0.16 0.000633843  0.00547473
        1768         0.2 0.000746606  0.00547279
        1769           0 0.000746184   0.0054697
        1770       -0.24 0.000610169   0.0054683
        1771        -0.2 0.000496894  0.00546639
        1772       -0.16 0.000406321  0.00546405
        1773       -0.36 0.000203046  0.00546475
        1774       -0.32 2.25479e-05  0.00546465
        1775       -0.48-0.000247887  0.00546826
        1776       -0.52-0.000540541    0.005473
        1777        -0.2-0.000652786  0.00547108
        1778       -0.24-0.000787402  0.00546965
        1779       -0.16-0.000876897  0.00546731
        1780        0.04-0.000853933  0.00546429
        1781        -0.2 -0.00096575  0.00546236
        1782       -0.36 -0.00116723  0.00546301
        1783        -0.4 -0.00139091  0.00546453
        1784       -0.12  -0.0014574  0.00546187
        1785        0.16 -0.00136695  0.00545956
        1786        0.28 -0.00120941  0.00545877
        1787        0.44-0.000962507   0.0054613
        1788        0.16-0.000872483  0.00545899
        1789        0.12-0.000804919  0.00545635
        1790        0.32-0.000625698  0.00545625
        1791        0.32-0.000446678  0.00545614
        1792       -0.28-0.000602679  0.00545532
        1793       -0.36-0.000803123  0.00545596
        1794        -0.2-0.000914158  0.00545405
        1795           0-0.000913649  0.00545101
        1796        0.04-0.000890869  0.00544802
        1797        0.24-0.000756817  0.00544664
        1798         0.4-0.000533927  0.00544817
        1799        0.48-0.000266815  0.00545169
        1800        0.16-0.000177778  0.00544938
        1801       -0.08-0.000222099  0.00544654
        1802       -0.04-0.000244173  0.00544356
        1803       -0.04-0.000266223  0.00544059
        1804        0.12-0.000199557  0.00543798
        1805       -0.04-0.000221607  0.00543501
        1806        0.04-0.000199336  0.00543205
        1807       -0.04-0.000221361  0.00542909
        1808       -0.04-0.000243363  0.00542613
        1809       -0.16-0.000331675  0.00542385
        1810           0-0.000331492  0.00542085
        1811        0.16 -0.00024296  0.00541858
        1812         0.2 -0.00013245  0.00541672
        1813        0.12-6.61886e-05  0.00541413
        1814       -0.12-0.000132304  0.00541155
        1815       -0.04 -0.00015427  0.00540862
        1816        -0.2-0.000264317  0.00540676
        1817        -0.2-0.000374243   0.0054049
        1818        -0.2-0.000484048  0.00540304
        1819        -0.2-0.000593733  0.00540118
        1820       -0.04-0.000615385  0.00539826
        1821        0.08-0.000571115  0.00539548
        1822        0.16-0.000482986  0.00539323
        1823        0.28-0.000329128  0.00539247
        1824         0.4-0.000109649  0.00539398
        1825        0.52 0.000175342  0.00539855
        1826         0.2 0.000284775   0.0053967
        1827       -0.12 0.000218938  0.00539415
        1828           0 0.000218818   0.0053912
        1829        0.16 0.000306178  0.00538896
        1830         0.4  0.00052459  0.00539044
        1831        0.56 0.000830147  0.00539614
        1832        0.48   0.0010917  0.00539953
        1833        0.28  0.00124386  0.00539873
        1834         0.2  0.00135224  0.00539688
        1835       -0.08   0.0013079  0.00539412
        1836       -0.12  0.00124183  0.00539158
        1837       -0.28  0.00108873  0.00539082
        1838       -0.28   0.0009358  0.00539006
        1839       -0.12 0.000870038  0.00538753
        1840       -0.16 0.000782609  0.00538531
        1841        0.16 0.000869093  0.00538308
        1842        0.16 0.000955483  0.00538085
        1843        0.12  0.00102008  0.00537832
        1844        0.16  0.00110629  0.00537609
        1845        0.36  0.00130081   0.0053767
        1846        0.24  0.00143012  0.00537534
        1847        0.16  0.00151597  0.00537311
        1848           0  0.00151515  0.00537021
        1849        0.24  0.00164413  0.00536885
        1850        0.12  0.00170811  0.00536633
        1851        0.04   0.0017288  0.00536347
        1852       -0.04  0.00170626  0.00536062
        1853       -0.08  0.00166217  0.00535791
        1854       -0.12  0.00159655  0.00535542
        1855       -0.04  0.00157412  0.00535258
        1856       -0.12  0.00150862   0.0053501
        1857       -0.08  0.00146473   0.0053474
        1858       -0.16  0.00137783  0.00534523
        1859       -0.28  0.00122647  0.00534449
        1860       -0.08   0.0011828   0.0053418
        1861       -0.28   0.0010317  0.00534106
        1862        -0.4 0.000816327  0.00534254
        1863       -0.44  0.00057971  0.00534491
        1864       -0.52 0.000300429  0.00534933
        1865       -0.44 6.43432e-05  0.00535167
        1866        -0.4-0.000150054  0.00535309
        1867        -0.2-0.000257097   0.0053513
        1868       -0.16-0.000342612  0.00534911
        1869        0.04-0.000321027   0.0053463
        1870       -0.12-0.000385027  0.00534382
        1871       -0.16-0.000470337  0.00534164
        1872           0-0.000470085  0.00533879
        1873       -0.36 -0.00066204  0.00533939
        1874       -0.52-0.000939168  0.00534373
        1875       -0.52   -0.001216  0.00534804
        1876       -0.24 -0.00134328  0.00534671
        1877           0 -0.00134257  0.00534386
        1878           0 -0.00134185  0.00534101
        1879        0.08 -0.00129856  0.00533835
        1880       -0.04 -0.00131915  0.00533555
        1881        0.08 -0.00127592  0.00533289
        1882        0.16 -0.00119022  0.00533074
        1883        0.04 -0.00116835  0.00532795
        1884        0.16  -0.0010828  0.00532581
        1885        0.24-0.000954907  0.00532452
        1886       -0.28 -0.00110286  0.00532376
        1887           0 -0.00110228  0.00532093
        1888        0.04 -0.00108051  0.00531816
        1889        0.28 -0.00093171  0.00531743
        1890        0.04-0.000910053  0.00531466
        1891       -0.04-0.000930724  0.00531189
        1892        0.08-0.000887949  0.00530925
        1893        0.24-0.000760697  0.00530797
        1894         0.2-0.000654699  0.00530623
        1895        0.32-0.000485488  0.00530612
        1896         0.4-0.000274262  0.00530753
        1897        0.44-4.21719e-05   0.0053098
        1898         0.4 0.000168599  0.00531119
        1899        0.36 0.000358083  0.00531177
        1900        0.28 0.000505263  0.00531101
        1901        0.32  0.00067333  0.00531088
        1902        0.28 0.000820189  0.00531011
        1903        0.36  0.00100893  0.00531068
        1904        0.32  0.00117647  0.00531053
        1905       -0.08  0.00113386  0.00530791
        1906           0  0.00113326  0.00530513
        1907       -0.16  0.00104877  0.00530302
        1908       -0.12 0.000985325  0.00530062
        1909        -0.4 0.000775275    0.005302
        1910        -0.4 0.000565445  0.00530338
        1911       -0.52  0.00029304  0.00530759
        1912       -0.44 6.27615e-05  0.00530981
        1913           0 6.27287e-05  0.00530704
        1914           0 6.26959e-05  0.00530426
        1915        -0.2-4.17755e-05  0.00530252
        1916       -0.28-0.000187891  0.00530177
        1917       -0.04-0.000208659  0.00529904
        1918         0.2-0.000104275  0.00529731
        1919           0-0.000104221  0.00529455
        1920       -0.16  -0.0001875  0.00529244
        1921         0.2  -8.329e-05  0.00529071
        1922        0.32 8.32466e-05  0.00529058
        1923        0.44 0.000312012  0.00529278
        1924         0.4 0.000519751   0.0052941
        1925        0.52  0.00078961  0.00529822
        1926        0.52  0.00105919  0.00530233
        1927        0.52  0.00132849  0.00530641
        1928        0.52  0.00159751  0.00531047
        1929        0.24   0.0017211  0.00530916
        1930        0.36  0.00190674  0.00530965
        1931       -0.12   0.0018436  0.00530727
        1932       -0.04  0.00182195  0.00530457
        1933       -0.28  0.00167615  0.00530383
        1934       -0.36  0.00148914  0.00530438
        1935       -0.08  0.00144703  0.00530181
        1936        0.12  0.00150826  0.00529943
        1937        0.28  0.00165204  0.00529864
        1938        0.36  0.00183695  0.00529913
        1939        0.36  0.00202166  0.00529962
        1940         0.4   0.0022268  0.00530085
        1941        0.44  0.00245234  0.00530292
        1942        0.12  0.00251287  0.00530053
        1943       -0.04  0.00249099  0.00529785
        1944       -0.08  0.00244856   0.0052953
        1945       -0.04  0.00242674  0.00529262
        1946         0.2  0.00252826  0.00529087
        1947        0.24  0.00265023  0.00528956
        1948        0.36  0.00283368  0.00529002
        1949        0.16  0.00291432  0.00528792
        1950           0  0.00291282  0.00528521
        1951        0.08  0.00295233  0.00528265
        1952        0.24  0.00307377  0.00528134
        1953        0.08  0.00311316  0.00527878
        1954        0.04  0.00313204  0.00527612
        1955         0.2  0.00323274  0.00527438
        1956       -0.12  0.00316973  0.00527206
        1957       -0.04  0.00314768  0.00526941
        1958        0.32   0.0033095   0.0052692
        1959        0.48  0.00355283  0.00527213
        1960         0.4   0.0037551  0.00527332
        1961        0.24  0.00387557    0.005272
        1962        0.08  0.00391437  0.00526946
        1963         0.2  0.00401426  0.00526772
        1964       -0.04  0.00399185  0.00526509
        1965           0  0.00398982  0.00526241
        1966         0.2  0.00408952  0.00526068
        1967       -0.08  0.00404677  0.00525818
        1968       -0.08  0.00400407  0.00525568
        1969       -0.24  0.00388014  0.00525447
        1970       -0.24  0.00375635  0.00525326
        1971        0.12  0.00381532  0.00525093
        1972        -0.2  0.00371197  0.00524928
        1973       -0.12  0.00364927  0.00524699
        1974        -0.4  0.00344478  0.00524832
        1975       -0.44  0.00322025  0.00525046
        1976        -0.4  0.00301619  0.00525177
        1977       -0.32  0.00285281  0.00525165
        1978       -0.08  0.00281092  0.00524917
        1979        0.12  0.00287014  0.00524685
        1980           0  0.00286869   0.0052442
        1981        0.04  0.00288743  0.00524158
        1982        0.12  0.00294652  0.00523927
        1983        0.24  0.00306606  0.00523799
        1984         0.2  0.00316532  0.00523629
        1985        0.04  0.00318388  0.00523369
        1986        0.16  0.00326284  0.00523165
        1987       -0.04  0.00324107  0.00522906
        1988       -0.32  0.00307847  0.00522896
        1989       -0.04  0.00305681  0.00522637
        1990        0.08  0.00309548  0.00522389
        1991        0.12  0.00315419   0.0052216
        1992       -0.04  0.00313253  0.00521902
        1993       -0.04  0.00311089  0.00521645
        1994        -0.2  0.00300903  0.00521483
        1995       -0.16  0.00292732  0.00521285
        1996        -0.2  0.00282565  0.00521123
        1997        -0.2  0.00272409  0.00520961
        1998       -0.28  0.00258258  0.00520893
        1999       -0.44  0.00236118  0.00521102
        2000       -0.24     0.00224  0.00520983
