#     BLOCK:   ACTUAL_X:     X_AVE:       ERROR:
           1        5.76        5.76           0
           2        0.36        3.06     1.90919
           3           1     2.37333     1.39081
           4        0.04        1.79       1.159
           5        0.36       1.504    0.961838
           6        0.64        1.36     0.81224
           7        2.56     1.53143    0.714067
           8           1       1.465    0.627891
           9        0.36     1.34222    0.570003
          10        1.96       1.404    0.516339
          11           0     1.27636    0.484918
          12        0.04     1.17333    0.455322
          13        0.16     1.09538    0.426918
          14        3.24     1.24857    0.423015
          15        2.56       1.336    0.403748
          16           1       1.315    0.379059
          17        0.16     1.24706    0.362799
          18           0     1.17778    0.349196
          19           0     1.11579    0.336274
          20        0.16       1.068    0.322839
          21        3.24     1.17143    0.323609
          22           1     1.16364    0.308994
          23           4     1.28696    0.319221
          24        1.44     1.29333    0.305984
          25           4      1.4016    0.312311
          26           1     1.38615    0.300681
          27        0.64     1.35852    0.290812
          28        0.64     1.33286    0.281556
          29        0.16     1.29241    0.274736
          30        0.04     1.25067    0.268732
          31        1.44     1.25677    0.260132
          32        1.44      1.2625    0.252066
          33        0.04     1.22545    0.247135
          34           1     1.21882    0.239955
          35           1     1.21257    0.233181
          36        0.16     1.18333    0.228529
          37        1.44     1.19027    0.222458
          38        0.16     1.16316     0.21825
          39        0.36     1.14256    0.213623
          40        0.04       1.115    0.210053
          41        0.04     1.08878     0.20656
          42           0     1.06286    0.203262
          43        2.56     1.09767    0.201495
          44        1.44     1.10545    0.197066
          45           1     1.10311      0.1927
          46        0.04        1.08    0.189892
          47        1.96     1.09872    0.186773
          48        0.64     1.08917    0.183126
          49        0.04     1.06776    0.180636
          50        0.16      1.0496    0.177933
          51        0.04      1.0298    0.175542
          52        0.04     1.01077    0.173195
          53           0    0.991698    0.170974
          54        0.36        0.98    0.168208
          55        0.36    0.968727    0.165527
          56           1    0.969286    0.162572
          57        0.64    0.963509    0.159822
          58        0.04    0.947586    0.157858
          59           1    0.948475    0.155185
          60        0.16    0.935333    0.153154
          61        0.16    0.922623     0.15117
          62        1.44    0.930968    0.148961
          63           1    0.932063    0.146601
          64        1.44        0.94    0.144525
          65        1.96    0.955692    0.143151
          66        0.04    0.941818    0.141653
          67        0.36    0.933134    0.139804
          68        0.36    0.924706    0.138002
          69        2.56    0.948406    0.138022
          70           1    0.949143    0.136053
          71           0    0.935775    0.134792
          72           0    0.922778    0.133545
          73        0.16    0.912329    0.132123
          74           0         0.9    0.130912
          75        0.16    0.890133    0.129538
          76        0.04    0.878947    0.128315
          77        0.16     0.86961    0.126988
          78        0.04    0.858974    0.125805
          79        0.64    0.856203    0.124243
          80        0.04       0.846    0.123108
          81        0.64    0.843457    0.121614
          82        0.16    0.835122    0.120416
          83        1.44     0.84241    0.119186
          84        5.76    0.900952     0.13136
          85           0    0.890353    0.130242
          86        5.76    0.946977    0.140498
          87        1.96    0.958621    0.139365
          88           1    0.959091    0.137782
          89        0.64    0.955506    0.136281
          90        0.64       0.952    0.134811
          91        1.44    0.957363    0.133437
          92           0    0.946957    0.132391
          93        0.16    0.938495    0.131238
          94        0.36     0.93234    0.129986
          95        0.16    0.924211    0.128872
          96        0.36    0.918333    0.127663
          97        0.04    0.909278    0.126668
          98        0.16    0.901633    0.125606
          99           1    0.902626    0.124341
         100        0.36      0.8972    0.123216
         101        0.04    0.888713    0.122288
         102        0.36    0.883529    0.121199
         103        0.04     0.87534    0.120298
         104           0    0.866923    0.119436
         105           0    0.858667    0.118583
         106        0.04    0.850943    0.117716
         107        0.04    0.843364     0.11686
         108           1    0.844815    0.115786
         109        0.64    0.842936    0.114739
         110        0.04    0.835636    0.113928
         111        0.36    0.831351    0.112982
         112        1.44    0.836786    0.112104
         113        0.36    0.832566    0.111192
         114        2.56    0.847719    0.111244
         115        3.24    0.868522    0.112205
         116        0.36    0.864138    0.111323
         117        1.44     0.86906     0.11048
         118        1.44    0.873898     0.10965
         119        1.96    0.883025    0.109108
         120        5.76    0.923667     0.11552
         121        0.64    0.921322    0.114589
         122        1.44    0.925574    0.113729
         123        4.84    0.957398    0.117172
         124        1.44     0.96129    0.116292
         125        1.44     0.96512    0.115425
         126        1.96    0.973016    0.114778
         127           1    0.973228    0.113875
         128           0    0.965625    0.113239
         129        1.96    0.973333    0.112623
         130        0.16    0.967077     0.11193
         131        0.16    0.960916    0.111245
         132        0.64    0.958485    0.110429
         133        0.16    0.952481    0.109762
         134        0.36     0.94806    0.109032
         135        1.44    0.951704    0.108285
         136        1.96    0.959118    0.107742
         137        0.16    0.953285    0.107114
         138        0.16    0.947536    0.106492
         139        1.44    0.951079    0.105784
         140        0.64    0.948857    0.105052
         141        0.36    0.944681     0.10439
         142        0.36    0.940563    0.103736
         143        0.64    0.938462    0.103032
         144        1.44    0.941944    0.102375
         145        0.36    0.937931    0.101748
         146        1.44     0.94137    0.101109
         147           1    0.941769    0.100422
         148           1    0.942162   0.0997442
         149        0.64    0.940134   0.0990954
         150        0.04    0.934133   0.0986163
         151        0.36    0.930331   0.0980365
         152        0.16    0.925263   0.0975224
         153        0.36    0.921569    0.096955
         154        0.36    0.917922   0.0963939
         155        0.04    0.912258   0.0959383
         156        0.64    0.910513   0.0953392
         157        0.04    0.904968    0.094893
         158        0.16    0.900253   0.0944095
         159        0.64    0.898616   0.0938299
         160        0.04     0.89325   0.0933968
         161        0.64    0.891677     0.09283
         162        0.64    0.890123   0.0922699
         163        0.16    0.885644   0.0918125
         164        0.36    0.882439   0.0913086
         165        0.04    0.877333   0.0908979
         166        0.36    0.874217   0.0904037
         167        1.44    0.877605   0.0899258
         168        0.36    0.874524   0.0894433
         169           0    0.869349   0.0890636
         170        0.16    0.865176   0.0886374
         171        0.04    0.860351   0.0882503
         172           0    0.855349   0.0878789
         173        0.64    0.854104   0.0873797
         174        0.04    0.849425   0.0870027
         175        0.36    0.846629   0.0865505
         176        0.16    0.842727   0.0861466
         177        0.04    0.838192   0.0857792
         178        0.64    0.837079   0.0853045
         179        0.64    0.835978   0.0848351
         180        0.64    0.834889   0.0843707
         181        0.04    0.830497   0.0840188
         182        0.16    0.826813   0.0836379
         183        0.16    0.823169   0.0832602
         184        0.04    0.818913   0.0829164
         185           1    0.819892    0.082474
         186           0    0.815484   0.0821483
         187           1    0.816471    0.081715
         188        1.44    0.819787   0.0813476
         189        4.84    0.841058   0.0836519
         190        1.96    0.846947   0.0834187
         191        2.56    0.855916   0.0834627
         192        0.36    0.853333    0.083068
         193           0    0.848912   0.0827552
         194        0.04    0.844742   0.0824336
         195        0.04    0.840615   0.0821141
         196        0.16    0.837143   0.0817685
         197        0.36    0.834721   0.0813893
         198        0.16    0.831313   0.0810496
         199        1.44    0.834372      0.0807
         200        0.64      0.8334   0.0803023
         201        0.64    0.832438   0.0799086
         202        0.36    0.830099   0.0795472
         203        0.36    0.827783    0.079189
         204        0.36     0.82549   0.0788341
         205        0.16    0.822244   0.0785163
         206           1    0.823107   0.0781399
         207           0     0.81913   0.0778635
         208        0.04    0.815385   0.0775792
         209        0.16    0.812249   0.0772714
         210        1.44    0.815238   0.0769612
         211        0.04    0.811564   0.0766841
         212        0.36    0.809434    0.076352
         213        0.36    0.807324   0.0760227
         214           0    0.803551    0.075761
         215        0.04         0.8   0.0754918
         216        3.24    0.811296   0.0759828
         217           1    0.812166   0.0756376
         218        0.04    0.808624   0.0753735
         219        0.36    0.806575   0.0750572
         220           4    0.821091   0.0761067
         221           4    0.835475   0.0771096
         222        3.24    0.846306   0.0775193
         223        0.64    0.845381   0.0771772
         224        0.36    0.843214    0.076863
         225        0.04    0.839644   0.0766043
         226           1    0.840354   0.0762686
         227           0    0.836652   0.0760224
         228        0.04    0.833158   0.0757692
         229        1.96    0.838079    0.075598
         230        0.36       0.836   0.0752979
         231        0.16    0.833074   0.0750287
         232        0.36    0.831034    0.074733
         233        0.64    0.830215   0.0744168
         234           4    0.843761   0.0753216
         235           1    0.844426    0.075004
         236        1.44    0.846949   0.0747286
         237           1    0.847595   0.0744161
         238        1.96    0.852269   0.0742501
         239           1    0.852887    0.073942
         240        0.16        0.85   0.0736902
         241           0    0.846473   0.0734688
         242           1    0.847107    0.073168
         243        1.44    0.849547   0.0729075
         244        0.36    0.847541   0.0726363
         245        0.16    0.844735    0.072394
         246           1    0.845366   0.0721025
         247        3.24    0.855061   0.0724595
         248        0.36    0.853065   0.0721948
         249        0.36    0.851084    0.071932
         250        1.96     0.85552   0.0717809
         251           4    0.868048   0.0725799
         252           4    0.880476   0.0733483
         253        0.04    0.877154   0.0731335
         254        0.36    0.875118    0.072874
         255        0.04    0.871843   0.0726617
         256        0.04    0.868594   0.0724505
         257           0    0.865214   0.0722474
         258        0.36    0.863256   0.0719939
         259        0.64    0.862394   0.0717211
         260        0.04    0.859231    0.071515
         261        0.16    0.856552   0.0712911
         262        0.16    0.853893   0.0710686
         263           0    0.850646   0.0708725
         264        0.04    0.847576   0.0706705
         265        0.64    0.846792   0.0704082
         266        2.56    0.853233   0.0704374
         267           1    0.853783   0.0701758
         268        3.24    0.862687   0.0704765
         269        0.64    0.861859   0.0702194
         270        0.36        0.86   0.0699839
         271        0.04    0.856974    0.069791
         272        0.04    0.853971    0.069599
         273           0    0.850842   0.0694144
         274        0.16    0.848321   0.0692068
         275           0    0.845236   0.0690239
         276        0.36    0.843478   0.0687962
         277        1.44    0.845632   0.0685815
         278        0.36    0.843885    0.068357
         279        0.16    0.841434    0.068156
         280        0.16       0.839    0.067956
         281           1    0.839573   0.0677166
         282           1    0.840142   0.0674788
         283        2.56    0.846219   0.0675135
         284        5.76    0.863521   0.0694574
         285        2.56    0.869474   0.0694683
         286        1.44    0.871469   0.0692541
         287        0.04    0.868571   0.0690733
         288        0.04    0.865694   0.0688934
         289           0    0.862699   0.0687201
         290        0.04    0.859862   0.0685417
         291        0.36    0.858144   0.0683276
         292        0.04    0.855342   0.0681511
         293           0    0.852423    0.067981
         294        0.16    0.850068   0.0677905
         295        1.44    0.852068   0.0675902
         296        0.36    0.850405   0.0673823
         297        0.36    0.848754   0.0671757
         298        0.04     0.84604    0.067005
         299        0.04    0.843344   0.0668351
         300        1.44    0.845333    0.066642
         301           1    0.845847   0.0664225
         302        3.24    0.853775    0.066674
         303        0.16    0.851485   0.0664933
         304           1    0.851974   0.0662763
         305        0.36    0.850361   0.0660787
         306        0.64    0.849673   0.0658663
         307        0.36    0.848078    0.065671
         308        0.36    0.846494   0.0654769
         309        1.96    0.850097   0.0653641
         310        1.44       0.852    0.065181
         311        2.56    0.857492   0.0652023
         312        1.96    0.861026    0.065089
         313        0.36    0.859425   0.0649008
         314           1    0.859873   0.0646956
         315        0.16    0.857651   0.0645284
         316           0    0.854937   0.0643812
         317        1.96    0.858423   0.0642724
         318           4    0.868302   0.0648251
         319        3.24    0.875737   0.0650469
         320        2.56       0.881   0.0650562
         321        4.84    0.893333   0.0660123
         322        5.76    0.908447   0.0675153
         323        3.24    0.915666    0.067691
         324        6.76    0.933704   0.0698441
         325           9    0.958523   0.0739076
         326           9     0.98319   0.0776883
         327        7.84     1.00416   0.0802307
         328           4     1.01329   0.0805043
         329        1.96     1.01617    0.080311
         330        0.16     1.01358   0.0801096
         331           0     1.01051    0.079926
         332        0.04     1.00759   0.0797387
         333        0.36     1.00565    0.079523
         334        0.36     1.00371   0.0793084
         335        0.64     1.00263   0.0790791
         336        0.16     1.00012   0.0788835
         337           0    0.997151   0.0787052
         338           0    0.994201   0.0785276
         339        0.64    0.993156   0.0783029
         340        1.44    0.994471   0.0780837
         341        0.16    0.992023    0.077893
         342        0.64    0.990994   0.0776721
         343        1.44    0.992303   0.0774566
         344        0.36    0.990465   0.0772533
         345        0.04     0.98771   0.0770785
         346        2.56    0.992254   0.0769895
         347        2.56    0.996772   0.0769001
         348        0.64    0.995747    0.076686
         349        2.56     1.00023   0.0765971
         350        1.96     1.00297   0.0764273
         351        0.04     1.00023   0.0762588
         352        0.16    0.997841   0.0760795
         353           0    0.995014   0.0759165
         354        0.16    0.992655   0.0757387
         355        0.64    0.991662   0.0755318
         356        0.64    0.990674   0.0753261
         357        0.16    0.988347   0.0751511
         358        0.04    0.985698   0.0749878
         359        0.04    0.983064   0.0748252
         360           0    0.980333   0.0746672
         361        0.64    0.979391   0.0744663
         362        3.24    0.985635    0.074522
         363           9     1.00771   0.0775182
         364        4.84     1.01824   0.0780169
         365        4.84     1.02871   0.0785026
         366           1     1.02863   0.0782882
         367        1.44     1.02975   0.0780829
         368        1.44     1.03087   0.0778787
         369        4.84     1.04119   0.0783488
         370           9      1.0627    0.081036
         371       10.24     1.08744   0.0845088
         372           4     1.09527   0.0846435
         373        0.64     1.09405   0.0844254
         374        0.16     1.09155   0.0842366
         375        0.64     1.09035   0.0840206
         376           1     1.09011   0.0837974
         377        0.36     1.08817   0.0835975
         378        1.96     1.09048   0.0834082
         379        1.44      1.0914   0.0831932
         380        0.04     1.08863   0.0830203
         381        0.04     1.08588    0.082848
         382        2.56     1.08974   0.0827209
         383        3.24     1.09535   0.0826953
         384        3.24     1.10094   0.0826683
         385        6.76     1.11564   0.0837501
         386        0.04     1.11285   0.0835795
         387        1.96     1.11504   0.0833922
         388        1.96     1.11722   0.0832057
         389        2.56     1.12093   0.0830744
         390        0.64     1.11969   0.0828706
         391        0.04     1.11693   0.0827046
         392        0.16     1.11449   0.0825297
         393           1      1.1142   0.0823202
         394        0.36     1.11228   0.0821335
         395        1.44     1.11311   0.0819298
         396        0.16     1.11071   0.0817582
         397        0.04     1.10801   0.0815967
         398           1     1.10774   0.0813922
         399        1.44     1.10857   0.0811925
         400        0.64      1.1074   0.0809979
         401        0.04     1.10474   0.0808397
         402        1.44     1.10557   0.0806429
         403        1.96     1.10769   0.0804706
         404        1.44     1.10851   0.0802756
         405        0.64     1.10736   0.0800858
         406           1     1.10709   0.0798889
         407        0.16     1.10477   0.0797265
         408           1     1.10451   0.0795315
         409        2.56     1.10807   0.0794167
         410        0.36     1.10624   0.0792439
         411        0.36     1.10443   0.0790719
         412        0.04     1.10184   0.0789222
         413           4     1.10886   0.0790425
         414        7.84     1.12512   0.0805064
         415        6.76      1.1387   0.0814493
         416           4     1.14558   0.0815434
         417        2.56     1.14897   0.0814184
         418        1.96     1.15091   0.0812467
         419        0.04     1.14826   0.0810961
         420           1      1.1479   0.0809038
         421        0.16     1.14556   0.0807456
         422           1     1.14521    0.080555
         423        1.96     1.14714   0.0803876
         424        3.24     1.15208   0.0803494
         425           4     1.15878   0.0804393
         426        3.24     1.16366   0.0803987
         427        0.04     1.16103   0.0802535
         428           0     1.15832   0.0801118
         429        0.64     1.15711   0.0799342
         430        0.36     1.15526   0.0797698
         431        1.44     1.15592   0.0795874
         432        1.96     1.15778   0.0794249
         433        0.16     1.15547   0.0792749
         434        0.04      1.1529   0.0791339
         435        1.44     1.15356   0.0789548
         436        1.44     1.15422   0.0787764
         437        0.16     1.15195    0.078629
         438        0.64     1.15078   0.0784582
         439        0.16     1.14852   0.0783119
         440        0.64     1.14736   0.0781424
         441        1.96     1.14921    0.077987
         442        1.96     1.15104   0.0778321
         443        1.44     1.15169   0.0776591
         444        0.16     1.14946   0.0775163
         445           0     1.14688   0.0773852
         446        0.04     1.14439   0.0772514
         447        0.16     1.14219     0.07711
         448        0.16        1.14   0.0769691
         449        1.96     1.14183   0.0768193
         450        0.64     1.14071   0.0766567
         451        1.44     1.14137   0.0764896
         452        0.16      1.1392   0.0763512
         453        0.16     1.13704   0.0762132
         454        0.04     1.13463   0.0760836
         455        0.64     1.13354   0.0759242
         456        0.16      1.1314   0.0757877
         457        0.04     1.12902   0.0756595
         458        2.56     1.13214   0.0755588
         459        2.56     1.13525   0.0754582
         460        2.56     1.13835   0.0753577
         461        1.44       1.139    0.075197
         462           1      1.1387   0.0750349
         463        0.36     1.13702   0.0748917
         464        0.04     1.13466   0.0747676
         465        0.04      1.1323   0.0746438
         466           4     1.13845   0.0747369
         467           1     1.13816   0.0745774
         468        0.36      1.1365   0.0744366
         469           0     1.13407   0.0743173
         470        1.44     1.13472   0.0741621
         471           9     1.15142   0.0758614
         472        3.24     1.15585   0.0758296
         473        7.84     1.16998   0.0769748
         474        1.44     1.17055   0.0768145
         475        0.16     1.16842   0.0766822
         476        0.64     1.16731   0.0765292
         477        0.16      1.1652   0.0763979
         478        0.04     1.16285   0.0762743
         479        0.16     1.16075   0.0761438
         480           0     1.15833   0.0760235
         481        1.44     1.15892   0.0758677
         482        0.04      1.1566   0.0757458
         483        0.64     1.15553   0.0755966
         484        0.04     1.15322   0.0754755
         485        1.96     1.15489   0.0753382
         486        2.56     1.15778   0.0752387
         487        0.36     1.15614    0.075102
         488        0.04     1.15385   0.0749829
         489        0.04     1.15157   0.0748642
         490        0.16     1.14955   0.0747387
         491        0.36     1.14794   0.0746038
         492        0.64     1.14691   0.0744593
         493           0     1.14458   0.0743446
         494        0.16     1.14259   0.0742208
         495        3.24     1.14683   0.0741917
         496        1.96     1.14847   0.0740603
         497        0.04     1.14624   0.0739448
         498        0.04     1.14402   0.0738297
         499        0.04      1.1418   0.0737149
         500           1     1.14152    0.073568
         501        0.16     1.13956   0.0734472
         502        0.16     1.13761   0.0733269
         503           0     1.13535   0.0732159
         504        0.64     1.13437   0.0730773
         505        3.24     1.13853   0.0730514
         506           1     1.13826   0.0729076
         507        0.64     1.13728   0.0727704
         508        2.56     1.14008    0.072681
         509           4      1.1457   0.0727551
         510           4     1.15129   0.0728274
         511        1.44     1.15186    0.072687
         512        2.56     1.15461   0.0725971
         513           4     1.16016   0.0726671
         514           1     1.15984   0.0725264
         515           0     1.15759   0.0724206
         516        3.24     1.16163   0.0723926
         517           0     1.15938   0.0722874
         518           1     1.15907   0.0721485
         519        4.84     1.16617   0.0723572
         520        6.76     1.17692   0.0730134
         521        7.84     1.18971   0.0739848
         522        6.76     1.20038   0.0746087
         523           4     1.20574   0.0746578
         524        3.24     1.20962   0.0746162
         525        2.56     1.21219   0.0745184
         526        4.84     1.21909   0.0746952
         527        5.76      1.2277   0.0750488
         528        1.96     1.22909   0.0749195
         529        0.36     1.22745   0.0747959
         530        0.16     1.22543   0.0746819
         531        0.36      1.2238    0.074559
         532        2.56     1.22632   0.0744611
         533        1.44     1.22672   0.0743225
         534        0.04     1.22449   0.0742166
         535           1     1.22407    0.074079
         536        0.36     1.22246   0.0739583
         537        3.24     1.22622    0.073916
         538        1.44     1.22662   0.0737797
         539        0.04     1.22442   0.0736756
         540        0.36     1.22281   0.0735566
         541           1      1.2224   0.0734218
         542           1     1.22199   0.0732874
         543        0.36     1.22041   0.0731697
         544        0.16     1.21846   0.0730611
         545        0.16     1.21651   0.0729529
         546        0.04     1.21436   0.0728511
         547        0.64     1.21331   0.0727255
         548           1     1.21292   0.0725938
         549        1.96     1.21428   0.0724743
         550        2.56     1.21673   0.0723838
         551        0.16     1.21481   0.0722779
         552        0.64     1.21377   0.0721544
         553        0.04     1.21165   0.0720552
         554        0.16     1.20975   0.0719501
         555        0.36     1.20822   0.0718368
         556        0.16     1.20633   0.0717323
         557        0.36     1.20481   0.0716196
         558        0.36      1.2033   0.0715072
         559           1     1.20293   0.0713802
         560        1.96     1.20429   0.0712656
         561        0.64     1.20328   0.0711456
         562        0.64     1.20228   0.0710261
         563        0.64     1.20128    0.070907
         564        0.36     1.19979   0.0707969
         565        0.16     1.19795   0.0706956
         566        0.36     1.19647   0.0705862
         567           1     1.19612   0.0704625
         568        1.96     1.19746   0.0703513
         569        0.04     1.19543   0.0702571
         570        0.36     1.19396   0.0701491
         571        0.04     1.19194   0.0700553
         572        1.96     1.19329   0.0699457
         573           1     1.19295   0.0698245
         574        1.96     1.19429   0.0697156
         575        4.84     1.20063   0.0698821
         576        7.84     1.21215    0.070705
         577           4     1.21698   0.0707474
         578       10.24      1.2326   0.0723268
         579        3.24     1.23606   0.0722849
         580        2.56     1.23834   0.0721963
         581        0.04     1.23628   0.0721015
         582        0.36     1.23478   0.0719933
         583        0.64     1.23376   0.0718771
         584        0.04     1.23171    0.071783
         585           1     1.23132   0.0716614
         586        0.04     1.22928    0.071568
         587        0.36      1.2278   0.0714614
         588        0.36     1.22633   0.0713551
         589        0.04     1.22431   0.0712623
         590        1.44     1.22468   0.0711425
         591        3.24     1.22809   0.0711038
         592        3.24     1.23149   0.0710649
         593        0.36     1.23002   0.0709602
         594        0.04     1.22801    0.070869
         595        0.04     1.22602    0.070778
         596        1.44     1.22638   0.0706602
         597        1.96      1.2276   0.0705525
         598        0.36     1.22615   0.0704495
         599           1     1.22578   0.0703329
         600        1.96       1.227   0.0702263
         601           4     1.23161   0.0702608
         602        1.44     1.23196    0.070145
         603        0.04     1.22998   0.0700565
         604        0.36     1.22854   0.0699553
         605        0.04     1.22658   0.0698673
         606           0     1.22455   0.0697813
         607           0     1.22254   0.0696955
         608           0     1.22053   0.0696099
         609        0.16     1.21878   0.0695173
         610        0.16     1.21705    0.069425
         611        0.16     1.21532    0.069333
         612        0.36     1.21392   0.0692338
         613        0.04     1.21201   0.0691473
         614        0.16     1.21029   0.0690559
         615        0.04     1.20839   0.0689698
         616        0.64     1.20747    0.068864
         617        2.56     1.20966   0.0687873
         618        0.36     1.20828   0.0686897
         619        0.36     1.20691   0.0685924
         620        0.04     1.20503   0.0685076
         621        0.04     1.20316    0.068423
         622           1     1.20283   0.0683138
         623        1.44     1.20321   0.0682052
         624        0.64     1.20231   0.0681018
         625        0.36     1.20096   0.0680062
         626        0.16      1.1993   0.0679179
         627        0.16     1.19764   0.0678298
         628        0.04      1.1958   0.0677468
         629        0.16     1.19415   0.0676591
         630        0.16     1.19251   0.0675717
         631        0.64     1.19163   0.0674702
         632        0.36     1.19032   0.0673763
         633        1.96     1.19153   0.0672809
         634           0     1.18965    0.067201
         635        0.16     1.18803   0.0671147
         636        0.16     1.18642   0.0670286
         637        0.04     1.18462   0.0669476
         638        0.16     1.18301   0.0668619
         639           1     1.18272   0.0667579
         640        0.64     1.18187    0.066659
         641           0     1.18003   0.0665805
         642           1     1.17975   0.0664773
         643        0.36     1.17848   0.0663862
         644        0.36      1.1772   0.0662953
         645        0.64     1.17637   0.0661977
         646           0     1.17455   0.0661203
         647        0.04      1.1728   0.0660413
         648        0.04     1.17105   0.0659625
         649           1     1.17079   0.0658614
         650        5.76     1.17785   0.0661375
         651       12.96     1.19594   0.0684674
         652          16     1.21865    0.072029
         653        7.84     1.22879   0.0726289
         654           9     1.24067   0.0734835
         655        5.76     1.24757   0.0736945
         656        6.76     1.25598   0.0740597
         657        0.64     1.25504   0.0739529
         658        0.16     1.25337   0.0738592
         659        0.04     1.25153   0.0737701
         660        0.64     1.25061   0.0736641
         661        3.24     1.25362   0.0736141
         662        1.96     1.25468   0.0735107
         663           0     1.25279   0.0734242
         664        0.64     1.25187   0.0733194
         665           0     1.24998   0.0732333
         666           0     1.24811   0.0731474
         667        0.04      1.2463   0.0730601
         668        0.04     1.24449   0.0729731
         669        0.16     1.24287    0.072882
         670        0.04     1.24107   0.0727953
         671           1     1.24072   0.0726877
         672        1.96     1.24179   0.0725874
         673           1     1.24143   0.0724805
         674        1.44     1.24172   0.0723735
         675        0.64     1.24083   0.0722718
         676        1.44     1.24112   0.0721655
         677        3.24     1.24408   0.0721193
         678           1     1.24372   0.0720138
         679           1     1.24336   0.0719086
         680        0.04     1.24159   0.0718247
         681        0.04     1.23982   0.0717409
         682        0.04     1.23806   0.0716572
         683        0.16     1.23649   0.0715697
         684        0.16     1.23491   0.0714824
         685        0.16     1.23334   0.0713952
         686        0.64     1.23248   0.0712964
         687        0.04     1.23074   0.0712137
         688        0.16     1.22919   0.0711272
         689        0.36     1.22792   0.0710352
         690        0.64     1.22707   0.0709374
         691        0.64     1.22622   0.0708398
         692        2.56     1.22815   0.0707636
         693        1.44     1.22846   0.0706622
         694           1     1.22813   0.0705611
         695        1.44     1.22843   0.0704603
         696           1      1.2281   0.0703598
         697        2.56     1.23001   0.0702848
         698        3.24     1.23289   0.0702431
         699        7.84     1.24235   0.0707757
         700        7.84     1.25177   0.0712994
         701       10.24     1.26459   0.0723414
         702           4     1.26849   0.0723432
         703        1.44     1.26873   0.0722407
         704        0.04     1.26699   0.0721592
         705           0     1.26519   0.0720792
         706        0.36     1.26391   0.0719885
         707        0.64     1.26303   0.0718921
         708        0.04      1.2613   0.0718113
         709        0.36     1.26003   0.0717213
         710        0.36     1.25876   0.0716315
         711        0.16     1.25722   0.0715474
         712        1.44     1.25747   0.0714474
         713        0.36     1.25621   0.0713582
         714        0.36     1.25496   0.0712693
         715        0.04     1.25326   0.0711899
         716        1.44     1.25352    0.071091
         717        2.56     1.25534   0.0710152
         718        4.84     1.26033   0.0710915
         719        1.96     1.26131   0.0709993
         720           4     1.26511   0.0710025
         721        1.96     1.26607   0.0709106
         722           1     1.26571   0.0708133
         723        1.96     1.26667   0.0707219
         724        3.24     1.26939   0.0706767
         725        1.44     1.26963   0.0705796
         726        0.36     1.26837   0.0704935
         727        0.16     1.26685    0.070413
         728        0.64     1.26599   0.0703216
         729        1.96     1.26694   0.0702316
         730        4.84     1.27184   0.0703057
         731        0.36     1.27059   0.0702206
         732        1.96     1.27153    0.070131
         733           1     1.27116   0.0700363
         734           1     1.27079   0.0699418
         735        3.24     1.27347    0.069898
         736        0.36     1.27223    0.069814
         737        1.44     1.27246   0.0697197
         738        2.56      1.2742    0.069647
         739        0.36     1.27296   0.0695638
         740        0.04      1.2713   0.0694897
         741        0.16      1.2698   0.0694121
         742        1.96     1.27073   0.0693248
         743        3.24     1.27338   0.0692822
         744        0.16     1.27188   0.0692052
         745        0.16     1.27039   0.0691284
         746           1     1.27003   0.0690367
         747        1.44     1.27025   0.0689446
         748        0.36     1.26904   0.0688632
         749        0.04      1.2674   0.0687908
         750        0.04     1.26576   0.0687185
         751        0.04     1.26413   0.0686464
         752        1.96     1.26505   0.0685614
         753        1.44     1.26529   0.0684707
         754           1     1.26493   0.0683808
         755           1     1.26458   0.0682911
         756           4      1.2682   0.0682966
         757        2.56     1.26991   0.0682277
         758        1.96     1.27082   0.0681438
         759        0.36     1.26962   0.0680645
         760           1     1.26926   0.0679759
         761        0.36     1.26807   0.0678971
         762        0.36     1.26688   0.0678184
         763        0.04     1.26527   0.0677486
         764        0.64     1.26445   0.0676649
         765        1.44     1.26468   0.0675768
         766        0.16     1.26324    0.067504
         767        0.04     1.26164   0.0674348
         768        0.16     1.26021   0.0673623
         769        0.36     1.25904   0.0672848
         770        0.16     1.25761   0.0672126
         771        0.16     1.25619   0.0671405
         772        0.36     1.25503   0.0670635
         773           4     1.25858   0.0670707
         774           4     1.26212   0.0670775
         775        1.96     1.26302    0.066997
         776        1.44     1.26325   0.0669111
         777        2.56     1.26492   0.0668458
         778        0.04     1.26334   0.0667784
         779        0.16     1.26193   0.0667077
         780        1.44     1.26215   0.0666226
         781           1     1.26182   0.0665381
         782        0.16     1.26041   0.0664679
         783        0.16       1.259   0.0663979
         784        2.56     1.26066   0.0663339
         785        3.24     1.26318   0.0662973
         786        1.96     1.26407   0.0662189
         787        0.04     1.26252    0.066153
         788        0.04     1.26096   0.0660873
         789        0.64     1.26018   0.0660082
         790        0.04     1.25863   0.0659427
         791        1.44     1.25886   0.0658598
         792           1     1.25854   0.0657774
         793        1.44     1.25876   0.0656949
         794        0.04     1.25723   0.0656301
         795        0.16     1.25585    0.065562
         796        1.44     1.25608   0.0654801
         797           4     1.25952   0.0654883
         798           4     1.26296   0.0654963
         799        4.84     1.26743   0.0655671
         800        1.96      1.2683   0.0654909
         801        0.04     1.26677   0.0654271
         802        0.16     1.26539     0.06536
         803        0.16     1.26401   0.0652931
         804        0.16     1.26264   0.0652264
         805        0.04     1.26112    0.065163
         806        0.36        1.26   0.0650918
         807        0.16     1.25864   0.0650254
         808        0.04     1.25713   0.0649624
         809        0.16     1.25577   0.0648962
         810        0.64     1.25501   0.0648206
         811        1.44     1.25524    0.064741
         812        0.04     1.25374   0.0646786
         813        0.16      1.2524    0.064613
         814        0.04     1.25091   0.0645508
         815        0.36     1.24982   0.0644809
         816        0.16     1.24848   0.0644157
         817        1.44     1.24871   0.0643373
         818        1.96     1.24958   0.0642645
         819        0.04     1.24811    0.064203
         820        0.16     1.24678   0.0641384
         821        0.16     1.24546   0.0640739
         822        0.04     1.24399   0.0640128
         823        0.04     1.24253   0.0639517
         824        0.16     1.24121   0.0638876
         825        0.16      1.2399   0.0638236
         826        0.16      1.2386   0.0637597
         827           0      1.2371   0.0637002
         828        0.04     1.23565   0.0636397
         829        0.04     1.23421   0.0635793
         830        3.24     1.23663   0.0635486
         831        1.44     1.23687   0.0634726
         832        1.44     1.23712   0.0633967
         833           4     1.24043   0.0634073
         834        2.56     1.24201    0.063351
         835           1     1.24172   0.0632758
         836           1     1.24144   0.0632008
         837        2.56     1.24301   0.0631449
         838        2.56     1.24458   0.0630891
         839        0.16     1.24329   0.0630272
         840        0.36     1.24224   0.0629609
         841           1     1.24195   0.0628867
         842        0.16     1.24067   0.0628252
         843        0.16     1.23938   0.0627637
         844        3.24     1.24175   0.0627341
         845        3.24     1.24412   0.0627044
         846        1.44     1.24435   0.0626307
         847           4      1.2476   0.0626412
         848        3.24     1.24995   0.0626114
         849        2.56      1.2515   0.0625567
         850        2.56     1.25304    0.062502
         851        0.16     1.25175   0.0624417
         852        0.16     1.25047   0.0623816
         853        0.04     1.24905   0.0623246
         854        0.36     1.24801   0.0622603
         855        0.16     1.24674   0.0622005
         856        4.84     1.25093   0.0622693
         857           1     1.25064   0.0621974
         858        1.44     1.25086   0.0621253
         859        1.96     1.25169   0.0620584
         860        3.24       1.254   0.0620293
         861        0.04     1.25259   0.0619733
         862        2.56     1.25411     0.06192
         863        0.64      1.2534   0.0618523
         864        1.96     1.25421   0.0617861
         865        0.36     1.25318   0.0617233
         866        0.04     1.25178    0.061668
         867        0.36     1.25075   0.0616054
         868        1.96     1.25157   0.0615398
         869           0     1.25013   0.0614859
         870        0.16     1.24887    0.061428
         871        0.64     1.24817   0.0613614
         872        2.56     1.24968   0.0613095
         873           4     1.25283   0.0613202
         874        1.44     1.25304   0.0612504
         875        0.64     1.25234   0.0611844
         876           1     1.25205   0.0611152
         877        3.24     1.25432   0.0610875
         878        2.56     1.25581   0.0610361
         879        2.56     1.25729   0.0609847
         880        1.96     1.25809   0.0609206
         881        4.84     1.26216    0.060987
         882           1     1.26186   0.0609185
         883        3.24      1.2641   0.0608907
         884           4     1.26719   0.0609004
         885        2.56     1.26866   0.0608491
         886        0.04     1.26727   0.0607963
         887        0.36     1.26625   0.0607363
         888        0.04     1.26486   0.0606836
         889        1.44     1.26506   0.0606157
         890           1     1.26476   0.0605483
         891        0.36     1.26375   0.0604889
         892           1     1.26345   0.0604218
         893        2.56      1.2649   0.0603716
         894        4.84      1.2689   0.0604363
         895        0.64      1.2682   0.0603729
         896        0.36     1.26719    0.060314
         897        0.04     1.26582   0.0602623
         898        0.64     1.26512   0.0601992
         899        0.04     1.26376   0.0601477
         900        0.04      1.2624   0.0600962
         901           1     1.26211   0.0600302
         902        3.24      1.2643   0.0600037
         903        3.24     1.26649   0.0599771
         904        3.24     1.26867   0.0599505
         905        2.56      1.2701   0.0599012
         906        0.64      1.2694   0.0598392
         907        2.56     1.27083   0.0597901
         908        3.24       1.273   0.0597636
         909        5.76     1.27793   0.0599013
         910        5.76     1.28286   0.0600377
         911           9     1.29133   0.0605664
         912           4      1.2943   0.0605728
         913        0.16     1.29306   0.0605192
         914        1.44     1.29322   0.0604532
         915        0.16     1.29198   0.0603998
         916        0.64     1.29127   0.0603381
         917           1     1.29095   0.0602731
         918        1.44     1.29111   0.0602077
         919        0.36      1.2901   0.0601507
         920        0.64     1.28939   0.0600894
         921        0.64     1.28869   0.0600283
         922        0.04     1.28733   0.0599785
         923        0.64     1.28663   0.0599176
         924        0.64     1.28593   0.0598569
         925        0.64     1.28523   0.0597962
         926           1     1.28492   0.0597324
         927        0.04     1.28358   0.0596831
         928        0.04     1.28224   0.0596338
         929        0.64     1.28155   0.0595736
         930        0.36     1.28056   0.0595178
         931        0.64     1.27987   0.0594579
         932           1     1.27957   0.0593948
         933        1.96      1.2803   0.0593356
         934        1.44     1.28047   0.0592724
         935           1     1.28017   0.0592097
         936        1.96      1.2809   0.0591509
         937           0     1.27953   0.0591036
         938        0.16     1.27834   0.0590526
         939        3.24     1.28043   0.0590267
         940        3.24     1.28251   0.0590007
         941        3.24     1.28459   0.0589747
         942        1.96     1.28531   0.0589164
         943        0.64     1.28462   0.0588579
         944        1.44     1.28479   0.0587958
         945        0.04     1.28347   0.0587483
         946        0.64     1.28279   0.0586902
         947        0.64     1.28211   0.0586321
         948        0.36     1.28114   0.0585783
         949           0     1.27979   0.0585321
         950        0.64     1.27912   0.0584744
         951        0.16     1.27794   0.0584248
         952        0.36     1.27697   0.0583713
         953        2.56     1.27832   0.0583256
         954        0.64     1.27765   0.0582683
         955        1.96     1.27837   0.0582117
         956        0.64      1.2777   0.0581546
         957           0     1.27636   0.0581092
         958        0.16      1.2752   0.0580602
         959           0     1.27387   0.0580149
         960        0.64     1.27321   0.0579582
         961        0.04     1.27193   0.0579121
         962        0.36     1.27098   0.0578597
         963        0.36     1.27003   0.0578073
         964        0.16     1.26888   0.0577588
         965        0.04     1.26761    0.057713
         966           0     1.26629   0.0576682
         967        1.44     1.26647   0.0576088
         968        0.36     1.26554   0.0575569
         969           1     1.26526   0.0574982
         970        0.16     1.26412   0.0574502
         971        0.16     1.26299   0.0574023
         972        5.76     1.26761   0.0575294
         973        1.44     1.26779   0.0574705
         974           0     1.26649   0.0574262
         975        0.36     1.26556   0.0573749
         976           0     1.26426   0.0573307
         977        0.64     1.26362   0.0572756
         978        4.84     1.26728   0.0573337
         979           1     1.26701   0.0572758
         980        0.64     1.26637   0.0572209
         981        0.36     1.26544     0.05717
         982        0.16     1.26432   0.0571229
         983        0.04     1.26307   0.0570783
         984           4     1.26585   0.0570881
         985        1.44     1.26603   0.0570304
         986        0.04     1.26479   0.0569861
         987        0.64     1.26415   0.0569319
         988        0.64     1.26352   0.0568778
         989        0.64     1.26289   0.0568237
         990        1.96      1.2636   0.0567707
         991        0.36     1.26268   0.0567207
         992        1.44     1.26286   0.0566638
         993        0.16     1.26175   0.0566177
         994        0.36     1.26085    0.056568
         995        1.44     1.26103   0.0565114
         996        0.16     1.25992   0.0564655
         997        0.64      1.2593   0.0564123
         998           1     1.25904   0.0563563
         999        1.44     1.25922   0.0563002
        1000        0.16     1.25812   0.0562546
        1001        0.36     1.25722   0.0562056
        1002        0.16     1.25613   0.0561602
        1003        0.36     1.25523   0.0561113
        1004        0.04     1.25402   0.0560685
        1005        0.16     1.25294   0.0560232
        1006        0.36     1.25205   0.0559746
        1007        0.36     1.25116    0.055926
        1008        0.64     1.25056   0.0558738
        1009        0.64     1.24995   0.0558217
        1010        1.44     1.25014   0.0557668
        1011        0.16     1.24906    0.055722
        1012        0.16     1.24798   0.0556773
        1013        0.36     1.24711   0.0556293
        1014        0.04     1.24592   0.0555872
        1015        0.36     1.24504   0.0555392
        1016        0.04     1.24386   0.0554972
        1017        0.64     1.24326   0.0554458
        1018           0     1.24204   0.0554048
        1019           0     1.24082   0.0553639
        1020        0.16     1.23976   0.0553197
        1021        1.96     1.24047     0.05527
        1022        2.56     1.24176    0.055231
        1023        0.16      1.2407   0.0551872
        1024           1     1.24047   0.0551338
        1025        3.24     1.24242   0.0551145
        1026        7.84     1.24885   0.0554346
        1027        0.64     1.24826   0.0553838
        1028        0.36     1.24739   0.0553367
        1029        0.16     1.24634    0.055293
        1030        0.64     1.24575   0.0552425
        1031           0     1.24454   0.0552021
        1032        0.64     1.24395   0.0551517
        1033        0.16      1.2429   0.0551083
        1034           0      1.2417   0.0550681
        1035        0.04     1.24054   0.0550271
        1036        0.04     1.23938   0.0549862
        1037        0.04     1.23823   0.0549454
        1038           0     1.23703   0.0549054
        1039        0.36     1.23619    0.054859
        1040        0.04     1.23504   0.0548183
        1041        0.04     1.23389   0.0547777
        1042           1     1.23367   0.0547256
        1043        2.56     1.23494   0.0546879
        1044        0.64     1.23437   0.0546385
        1045        3.24     1.23629   0.0546199
        1046           1     1.23606   0.0545681
        1047        0.36     1.23522   0.0545224
        1048           1       1.235   0.0544709
        1049        1.44      1.2352   0.0544193
        1050           4     1.23783   0.0544311
        1051        1.96     1.23852   0.0543837
        1052        0.64     1.23795   0.0543349
        1053        2.56      1.2392   0.0542979
        1054        2.56     1.24046   0.0542608
        1055           4     1.24307   0.0542724
        1056        4.84     1.24648   0.0543278
        1057        4.84     1.24988   0.0543826
        1058           4     1.25248   0.0543933
        1059        1.44     1.25265   0.0543422
        1060        7.84     1.25887   0.0546452
        1061        3.24     1.26074   0.0546255
        1062       11.56     1.27043   0.0554283
        1063        6.76      1.2756   0.0556162
        1064        4.84     1.27895   0.0556647
        1065        0.64     1.27835   0.0556157
        1066           1     1.27809   0.0555641
        1067        1.44     1.27824   0.0555123
        1068        3.24     1.28007   0.0554907
        1069           1     1.27981   0.0554394
        1070        0.16     1.27877   0.0553975
        1071        0.36     1.27791   0.0553524
        1072        0.04     1.27675   0.0553128
        1073        0.16     1.27571    0.055271
        1074           0     1.27453   0.0552323
        1075        0.04     1.27338   0.0551929
        1076        3.24      1.2752   0.0551718
        1077        1.96     1.27584   0.0551243
        1078        0.64     1.27525   0.0550763
        1079        0.36      1.2744   0.0550318
        1080        0.16     1.27337   0.0549905
        1081        2.56     1.27456   0.0549525
        1082           1     1.27431   0.0549023
        1083           1     1.27405   0.0548522
        1084        0.64     1.27347   0.0548047
        1085        0.36     1.27263   0.0547607
        1086           0     1.27145   0.0547228
        1087        0.36     1.27062   0.0546789
        1088        0.04     1.26949   0.0546403
        1089        0.16     1.26847   0.0545996
        1090        0.16     1.26745    0.054559
        1091        0.16     1.26643   0.0545184
        1092        0.04     1.26531   0.0544801
        1093        0.04     1.26419   0.0544418
        1094           0     1.26303   0.0544043
        1095        0.64     1.26247   0.0543576
        1096           0     1.26131   0.0543202
        1097        0.64     1.26075   0.0542736
        1098        1.96     1.26138   0.0542279
        1099        2.56     1.26257   0.0541914
        1100           4     1.26505   0.0541993
        1101        0.36     1.26423   0.0541563
        1102        0.04     1.26312   0.0541185
        1103        0.04     1.26201   0.0540808
        1104        0.36      1.2612    0.054038
        1105        1.96     1.26183   0.0539928
        1106           0     1.26069    0.053956
        1107        0.36     1.25987   0.0539134
        1108        2.56     1.26105   0.0538776
        1109        6.76     1.26601   0.0540567
        1110           4     1.26847    0.054064
        1111        1.44     1.26862   0.0540156
        1112        0.16     1.26763   0.0539762
        1113           0     1.26649   0.0539397
        1114           1     1.26625   0.0538919
        1115        0.36     1.26543   0.0538497
        1116        1.96     1.26606    0.053805
        1117           1     1.26582   0.0537574
        1118        0.16     1.26483   0.0537184
        1119        0.36     1.26402   0.0536764
        1120        2.56     1.26518    0.053641
        1121        0.64     1.26462    0.053596
        1122        1.44     1.26478   0.0535485
        1123           0     1.26365   0.0535127
        1124        0.64      1.2631   0.0534679
        1125        0.36     1.26229   0.0534264
        1126        1.44     1.26245   0.0533792
        1127           0     1.26133   0.0533436
        1128        0.04     1.26025   0.0533073
        1129        0.04     1.25917    0.053271
        1130        0.04     1.25809   0.0532348
        1131        0.16     1.25712   0.0531966
        1132        0.36     1.25633   0.0531555
        1133        0.04     1.25525   0.0531194
        1134        0.16     1.25429   0.0530814
        1135        1.96     1.25491   0.0530382
        1136        0.36     1.25412   0.0529974
        1137        1.96     1.25474   0.0529544
        1138        0.04     1.25367   0.0529187
        1139        0.64     1.25313   0.0528749
        1140        1.44      1.2533   0.0528288
        1141        0.36     1.25252   0.0527883
        1142           0     1.25142   0.0527535
        1143        0.64     1.25088     0.05271
        1144        1.96      1.2515   0.0526676
        1145        1.96     1.25212   0.0526252
        1146        3.24     1.25386   0.0526079
        1147           1     1.25364   0.0525625
        1148        0.04     1.25258   0.0525273
        1149        0.36      1.2518   0.0524874
        1150        2.56     1.25294   0.0524541
        1151        6.76     1.25772   0.0526262
        1152        6.76      1.2625   0.0527969
        1153       11.56     1.27143   0.0535011
        1154        7.84     1.27712   0.0537567
        1155       11.56     1.28603   0.0544424
        1156       14.44      1.2974   0.0555717
        1157           9     1.30406    0.055921
        1158        2.56     1.30515   0.0558833
        1159        1.96     1.30571   0.0558379
        1160        1.96     1.30628   0.0557926
        1161        3.24     1.30794   0.0557694
        1162       10.24     1.31563   0.0562487
        1163        5.76     1.31945     0.05633
        1164        5.76     1.32326   0.0564106
        1165        1.44     1.32336   0.0563623
        1166        2.56     1.32443   0.0563239
        1167           4     1.32672   0.0563223
        1168        1.96     1.32726   0.0562767
        1169        1.96      1.3278   0.0562311
        1170        0.04      1.3267   0.0561938
        1171        0.36     1.32588   0.0561519
        1172        1.44     1.32597   0.0561041
        1173           0     1.32484   0.0560677
        1174        0.16     1.32385   0.0560287
        1175        1.44     1.32395   0.0559811
        1176        1.96     1.32449   0.0559361
        1177           1     1.32421   0.0558892
        1178        1.44     1.32431   0.0558419
        1179        0.04     1.32322   0.0558051
        1180        2.56     1.32427   0.0557677
        1181        0.64     1.32369   0.0557235
        1182           1     1.32342    0.055677
        1183        0.04     1.32233   0.0556405
        1184        0.64     1.32176   0.0555965
        1185        0.04     1.32068   0.0555601
        1186        0.04      1.3196   0.0555238
        1187        0.16     1.31862   0.0554856
        1188        0.64     1.31805   0.0554418
        1189           0     1.31694   0.0554063
        1190        0.64     1.31637   0.0553626
        1191        0.36     1.31557    0.055322
        1192           0     1.31446   0.0552866
        1193        0.36     1.31366    0.055246
        1194        0.36     1.31286   0.0552055
        1195           1      1.3126   0.0551599
        1196        0.64     1.31204   0.0551167
        1197        1.96     1.31258   0.0550733
        1198           1     1.31232   0.0550279
        1199           4     1.31456   0.0550277
        1200        0.04      1.3135   0.0549921
        1201        0.64     1.31294   0.0549491
        1202        0.36     1.31215   0.0549091
        1203           1     1.31189   0.0548641
        1204        0.16     1.31093   0.0548269
        1205           1     1.31067    0.054782
        1206           1     1.31041   0.0547372
        1207           1     1.31016   0.0546924
        1208        1.96      1.3107   0.0546498
        1209        2.56     1.31173   0.0546144
        1210        0.16     1.31078   0.0545775
        1211        0.36     1.30999   0.0545381
        1212        0.04     1.30894   0.0545032
        1213        0.36     1.30816   0.0544639
        1214        0.36     1.30738   0.0544246
        1215           1     1.30713   0.0543804
        1216        0.64     1.30658   0.0543384
        1217        0.04     1.30554   0.0543037
        1218        1.96     1.30608   0.0542618
        1219           1     1.30582   0.0542179
        1220           1     1.30557    0.054174
        1221        0.36      1.3048   0.0541352
        1222        2.56     1.30583   0.0541006
        1223        2.56     1.30685   0.0540661
        1224        3.24     1.30843    0.054045
        1225           1     1.30818   0.0540015
        1226        0.64     1.30763   0.0539602
        1227           1     1.30738   0.0539168
        1228        0.16     1.30645    0.053881
        1229           1      1.3062   0.0538377
        1230        0.64     1.30566   0.0537967
        1231           1     1.30541   0.0537535
        1232        0.64     1.30487   0.0537126
        1233        0.16     1.30394   0.0536771
        1234           1      1.3037   0.0536342
        1235        0.36     1.30293   0.0535962
        1236        0.36     1.30217   0.0535582
        1237        0.16     1.30124   0.0535229
        1238           0     1.30019     0.05349
        1239        1.44     1.30031   0.0534469
        1240        0.64     1.29977   0.0534065
        1241        0.16     1.29886   0.0533713
        1242        0.36      1.2981   0.0533337
        1243        0.36     1.29735   0.0532962
        1244        0.16     1.29643   0.0532612
        1245        4.84     1.29928   0.0532944
        1246           4     1.30144   0.0532957
        1247        2.56     1.30245   0.0532625
        1248        1.44     1.30256   0.0532199
        1249        1.44     1.30267   0.0531774
        1250        0.04     1.30166   0.0531445
        1251        1.44     1.30177   0.0531021
        1252        1.96      1.3023   0.0530623
        1253        0.36     1.30155   0.0530253
        1254        0.64     1.30102   0.0529856
        1255        1.44     1.30113   0.0529435
        1256        0.04     1.30013   0.0529109
        1257        0.36     1.29938   0.0528741
        1258        0.36     1.29863   0.0528373
        1259        1.96     1.29916   0.0527979
        1260        5.76      1.3027   0.0528746
        1261           4     1.30484   0.0528759
        1262        3.24     1.30637   0.0528563
        1263        0.16     1.30546   0.0528222
        1264           1     1.30522    0.052781
        1265        3.24     1.30675   0.0527614
        1266        2.56     1.30774    0.052729
        1267        0.16     1.30684   0.0526952
        1268        0.64     1.30631   0.0526562
        1269           0     1.30528   0.0526248
        1270        0.16     1.30438   0.0525911
        1271        0.36     1.30363    0.052555
        1272        0.16     1.30274   0.0525213
        1273           0     1.30171     0.05249
        1274        0.64     1.30119   0.0524514
        1275        2.56     1.30218   0.0524196
        1276        2.56     1.30317   0.0523878
        1277        0.36     1.30243   0.0523519
        1278           1     1.30219   0.0523115
        1279        1.44      1.3023   0.0522707
        1280        1.44     1.30241     0.05223
        1281        0.64     1.30189   0.0521918
        1282        0.16       1.301   0.0521587
        1283        0.36     1.30027   0.0521232
        1284           1     1.30003   0.0520831
        1285        3.24     1.30154   0.0520644
        1286           4     1.30364   0.0520662
        1287        1.44     1.30375   0.0520259
        1288           0     1.30273   0.0519953
        1289        1.96     1.30324   0.0519575
        1290           1     1.30301   0.0519177
        1291        1.44     1.30311   0.0518776
        1292        1.44     1.30322   0.0518376
        1293        0.04     1.30224   0.0518067
        1294        1.44     1.30235   0.0517668
        1295        0.64     1.30184   0.0517293
        1296        0.36     1.30111   0.0516945
        1297        0.36     1.30039   0.0516598
        1298        0.36     1.29966    0.051625
        1299        0.36     1.29894   0.0515904
        1300           0     1.29794   0.0515604
        1301        1.96     1.29845   0.0515232
        1302        2.56     1.29942   0.0514928
        1303           1     1.29919   0.0514538
        1304        1.96     1.29969   0.0514168
        1305           1     1.29946   0.0513779
        1306        1.44     1.29957   0.0513387
        1307        0.64     1.29907   0.0513019
        1308        0.04      1.2981   0.0512717
        1309        0.16     1.29723   0.0512399
        1310        0.36     1.29652   0.0512058
        1311        0.04     1.29556   0.0511757
        1312        0.04      1.2946   0.0511456
        1313        0.04     1.29365   0.0511156
        1314        0.16     1.29279    0.051084
        1315           1     1.29256   0.0510456
        1316        0.16      1.2917   0.0510141
        1317        0.16     1.29084   0.0509826
        1318        0.36     1.29014   0.0509488
        1319        0.36     1.28943   0.0509151
        1320        1.96     1.28994    0.050879
        1321        0.16     1.28908   0.0508477
        1322           1     1.28887   0.0508097
        1323           1     1.28865   0.0507718
        1324        0.64     1.28816   0.0507358
        1325        1.96     1.28866      0.0507
        1326        1.44     1.28878   0.0506619
        1327        0.16     1.28793   0.0506309
        1328        0.36     1.28723   0.0505976
        1329           1     1.28701     0.05056
        1330        0.64     1.28653   0.0505243
        1331        0.36     1.28583   0.0504911
        1332        0.04     1.28489   0.0504619
        1333        0.36      1.2842   0.0504288
        1334        0.64     1.28372   0.0503933
        1335           1     1.28351    0.050356
        1336           1     1.28329   0.0503188
        1337        0.64     1.28281   0.0502834
        1338        4.84     1.28547   0.0503161
        1339        1.44     1.28559   0.0502786
        1340        1.44      1.2857   0.0502412
        1341        3.24     1.28716   0.0502249
        1342        4.84     1.28981   0.0502572
        1343        3.24     1.29126   0.0502408
        1344        2.56      1.2922   0.0502122
        1345        2.56     1.29314   0.0501838
        1346        5.76     1.29646   0.0502561
        1347        5.76     1.29978   0.0503279
        1348        1.96     1.30027    0.050293
        1349        0.64     1.29978   0.0502581
        1350        0.64     1.29929   0.0502232
        1351        0.64      1.2988   0.0501884
        1352        1.96     1.29929   0.0501537
        1353        3.24     1.30072   0.0501371
        1354        6.76     1.30476   0.0502619
        1355        7.84     1.30958   0.0504557
        1356       10.24     1.31617   0.0508465
        1357       11.56     1.32371   0.0513663
        1358        6.76     1.32772   0.0514843
        1359       12.96     1.33628   0.0521531
        1360        7.84     1.34106   0.0523335
        1361        4.84     1.34363   0.0523582
        1362        1.96     1.34408   0.0523217
        1363           1     1.34383   0.0522839
        1364        0.64     1.34331   0.0522481
        1365           1     1.34306   0.0522104
        1366           1     1.34281   0.0521728
        1367        2.56      1.3437   0.0521422
        1368           1     1.34345   0.0521047
        1369        0.16     1.34259   0.0520738
        1370        0.16     1.34172    0.052043
        1371        0.04     1.34077   0.0520137
        1372        0.04     1.33983   0.0519844
        1373        0.36     1.33911   0.0519515
        1374           1     1.33886   0.0519142
        1375        1.96     1.33932   0.0518784
        1376           1     1.33907   0.0518413
        1377        0.16     1.33821   0.0518107
        1378           0     1.33724   0.0517823
        1379        0.64     1.33674   0.0517472
        1380           0     1.33577   0.0517187
        1381        1.44     1.33584   0.0516813
        1382        1.96      1.3363   0.0516459
        1383        3.24     1.33767   0.0516269
        1384           1     1.33743   0.0515902
        1385        2.56     1.33831   0.0515605
        1386        0.64     1.33781   0.0515258
        1387           1     1.33756   0.0514892
        1388           4     1.33948   0.0514878
        1389        1.44     1.33955   0.0514508
        1390        0.36     1.33885   0.0514186
        1391        0.16       1.338   0.0513886
        1392        0.04     1.33707   0.0513602
        1393        0.64     1.33657   0.0513257
        1394        1.44     1.33664    0.051289
        1395        0.04     1.33571   0.0512606
        1396        0.04     1.33479   0.0512323
        1397           0     1.33383   0.0512045
        1398        0.16     1.33299   0.0511748
        1399        0.16     1.33215   0.0511451
        1400        0.04     1.33123   0.0511169
        1401        0.36     1.33054   0.0510851
        1402           1      1.3303   0.0510492
        1403        2.56     1.33118   0.0510203
        1404        2.56     1.33205   0.0509915
        1405        1.44     1.33213   0.0509553
        1406        0.64     1.33164   0.0509214
        1407        1.44     1.33171   0.0508853
        1408        0.36     1.33102   0.0508538
        1409        0.64     1.33053   0.0508201
        1410        0.16      1.3297   0.0507908
        1411        0.16     1.32887   0.0507616
        1412        1.44     1.32895   0.0507257
        1413        0.64     1.32846   0.0506921
        1414        3.24     1.32982   0.0506743
        1415        0.64     1.32933   0.0506408
        1416        0.04     1.32842   0.0506133
        1417        1.96     1.32886   0.0505795
        1418        1.44     1.32894   0.0505439
        1419        2.56     1.32981   0.0505157
        1420           1     1.32958   0.0504807
        1421        0.16     1.32875   0.0504519
        1422        0.16     1.32793   0.0504231
        1423        0.64     1.32745     0.05039
        1424           4     1.32933   0.0503895
        1425        6.76     1.33314   0.0504981
        1426           9     1.33851   0.0507481
        1427       11.56     1.34568   0.0512155
        1428        6.76     1.34947   0.0513198
        1429       12.96     1.35759   0.0519231
        1430           9     1.36294   0.0521611
        1431        5.76     1.36601   0.0522151
        1432        6.76     1.36978   0.0523143
        1433        4.84      1.3722   0.0523338
        1434        6.76     1.37596    0.052432
        1435        6.76     1.37971   0.0525295
        1436        6.76     1.38345   0.0526264
        1437        3.24     1.38475   0.0526056
        1438        0.36     1.38403   0.0525739
        1439           1     1.38377    0.052538
        1440        5.76     1.38681   0.0525894
        1441           4     1.38862   0.0525841
        1442           4     1.39043   0.0525788
        1443        0.64     1.38991    0.052545
        1444        0.16     1.38906   0.0525155
        1445        0.64     1.38854   0.0524817
        1446        0.16     1.38769   0.0524523
        1447        0.16     1.38684   0.0524229
        1448        0.64     1.38633   0.0523892
        1449        0.16     1.38548   0.0523599
        1450        0.04     1.38455    0.052332
        1451        0.16     1.38371   0.0523028
        1452        1.44     1.38375   0.0522667
        1453        0.36     1.38304   0.0522355
        1454        0.16      1.3822   0.0522064
        1455        0.36      1.3815   0.0521752
        1456           1     1.38124     0.05214
        1457        0.36     1.38054    0.052109
        1458        0.16      1.3797   0.0520799
        1459        2.56     1.38051   0.0520505
        1460        1.96      1.3809   0.0520164
        1461           1     1.38064   0.0519814
        1462        0.16     1.37981   0.0519526
        1463        0.04     1.37889   0.0519252
        1464        0.16     1.37806   0.0518964
        1465        1.96     1.37846   0.0518625
        1466        1.96     1.37885   0.0518286
        1467        0.16     1.37802   0.0517999
        1468        0.04     1.37711   0.0517727
        1469        0.04      1.3762   0.0517454
        1470        0.64      1.3757   0.0517126
        1471        1.44     1.37574   0.0516775
        1472        0.04     1.37484   0.0516504
        1473        0.64     1.37434   0.0516177
        1474           1     1.37408   0.0515833
        1475           1     1.37383    0.051549
        1476        0.16     1.37301   0.0515206
        1477        0.36     1.37232   0.0514903
        1478           1     1.37207   0.0514561
        1479        0.64     1.37158   0.0514237
        1480        0.36     1.37089   0.0513934
        1481           0     1.36997   0.0513671
        1482        0.36     1.36928   0.0513369
        1483        0.16     1.36847   0.0513088
        1484        0.36     1.36779   0.0512787
        1485        3.24     1.36905   0.0512597
        1486        1.44      1.3691   0.0512252
        1487        0.36     1.36842   0.0511953
        1488           0      1.3675   0.0511691
        1489           1     1.36725   0.0511353
        1490           1     1.36701   0.0511016
        1491           1     1.36676   0.0510679
        1492        0.64     1.36627    0.051036
        1493        3.24     1.36753   0.0510173
        1494        1.96     1.36793   0.0509847
        1495        1.44     1.36797   0.0509506
        1496        2.56     1.36877   0.0509228
        1497        3.24     1.37002   0.0509041
        1498        0.36     1.36935   0.0508746
        1499        0.36     1.36867   0.0508451
        1500        0.36       1.368   0.0508156
        1501        0.16      1.3672   0.0507882
        1502        0.36     1.36652   0.0507588
        1503        0.64     1.36604   0.0507273
        1504        0.16     1.36524   0.0506999
        1505        0.04     1.36436   0.0506739
        1506           0     1.36345   0.0506483
        1507        2.56     1.36425   0.0506209
        1508           4     1.36599   0.0506175
        1509        1.96     1.36639   0.0505855
        1510        1.44     1.36644    0.050552
        1511        1.96     1.36683   0.0505201
        1512           1     1.36659   0.0504873
        1513        0.64     1.36611   0.0504562
        1514        0.04     1.36523   0.0504305
        1515        0.04     1.36436   0.0504048
        1516        0.04     1.36348   0.0503791
        1517        0.36     1.36282   0.0503502
        1518        1.96     1.36321   0.0503186
        1519           4     1.36495   0.0503154
        1520        2.56     1.36574   0.0502884
        1521        0.64     1.36526   0.0502576
        1522        2.56     1.36604   0.0502307
        1523        0.16     1.36525    0.050204
        1524        0.04     1.36438   0.0501786
        1525        0.04     1.36351   0.0501532
        1526        0.16     1.36273   0.0501265
        1527        0.36     1.36207    0.050098
        1528        0.16     1.36128   0.0500714
        1529        0.04     1.36042   0.0500461
        1530        0.36     1.35976   0.0500177
        1531           1     1.35953   0.0499856
        1532        0.64     1.35906   0.0499551
        1533        0.36     1.35841   0.0499268
        1534        1.96      1.3588   0.0498958
        1535           4     1.36052   0.0498929
        1536        2.56      1.3613   0.0498666
        1537        0.64     1.36083   0.0498363
        1538        0.64     1.36036   0.0498061
        1539        6.76     1.36387   0.0498972
        1540        1.96     1.36426   0.0498663
        1541        0.64     1.36379   0.0498362
        1542           0     1.36291   0.0498117
        1543           0     1.36202   0.0497872
        1544        0.64     1.36155   0.0497572
        1545        0.16     1.36078   0.0497311
        1546        3.24     1.36199   0.0497137
        1547        1.96     1.36238   0.0496831
        1548        1.44     1.36243    0.049651
        1549        0.04     1.36158   0.0496263
        1550        0.04     1.36072   0.0496016
        1551        0.04     1.35987    0.049577
        1552        3.24     1.36108   0.0495598
        1553           1     1.36085   0.0495285
        1554        0.04        1.36   0.0495039
        1555        1.96     1.36039   0.0494735
        1556        5.76     1.36321   0.0495225
        1557           4     1.36491   0.0495196
        1558        0.04     1.36406   0.0494951
        1559        0.16     1.36328   0.0494694
        1560        0.04     1.36244    0.049445
        1561        0.64     1.36197   0.0494155
        1562        2.56     1.36274   0.0493898
        1563        3.24     1.36394   0.0493728
        1564        1.44     1.36399   0.0493412
        1565        0.04     1.36314    0.049317
        1566        0.64     1.36268   0.0492876
        1567        0.04     1.36184   0.0492634
        1568        1.44     1.36189    0.049232
        1569        3.24     1.36308   0.0492152
        1570        1.96     1.36346   0.0491853
        1571           1     1.36323   0.0491545
        1572           0     1.36237   0.0491309
        1573        0.04     1.36153   0.0491069
        1574           0     1.36066   0.0490833
        1575        2.56     1.36142    0.049058
        1576           1     1.36119   0.0490275
        1577        0.36     1.36056   0.0490005
        1578        1.96     1.36094   0.0489709
        1579        1.96     1.36132   0.0489413
        1580           1     1.36109   0.0489109
        1581        0.36     1.36046   0.0488841
        1582           0      1.3596   0.0488607
        1583        0.04     1.35876    0.048837
        1584        1.44     1.35881   0.0488062
        1585        0.16     1.35806   0.0487812
        1586        0.64      1.3576   0.0487526
        1587        0.36     1.35698   0.0487259
        1588        1.44     1.35703   0.0486953
        1589        1.96     1.35741   0.0486661
        1590           0     1.35655    0.048643
        1591        0.16      1.3558   0.0486182
        1592        0.04     1.35497   0.0485947
        1593           0     1.35412   0.0485716
        1594           1      1.3539   0.0485417
        1595        2.56     1.35466   0.0485171
        1596        3.24     1.35584   0.0485011
        1597        2.56     1.35659   0.0484766
        1598        1.96     1.35697   0.0484477
        1599           4     1.35862   0.0484456
        1600           1      1.3584   0.0484159
        1601        0.04     1.35758   0.0483926
        1602        1.96     1.35795   0.0483639
        1603        2.56      1.3587   0.0483395
        1604        1.44     1.35875   0.0483094
        1605        0.64     1.35831   0.0482814
        1606        0.64     1.35786   0.0482534
        1607           0     1.35701   0.0482308
        1608        0.36     1.35639   0.0482048
        1609        1.96     1.35677   0.0481763
        1610        1.44     1.35682   0.0481464
        1611           1      1.3566    0.048117
        1612        0.16     1.35586   0.0480929
        1613        0.36     1.35524    0.048067
        1614           1     1.35502   0.0480377
        1615           1      1.3548   0.0480085
        1616           0     1.35396   0.0479861
        1617        0.04     1.35315   0.0479633
        1618        0.04     1.35234   0.0479405
        1619        0.04     1.35153   0.0479178
        1620        0.16     1.35079   0.0478938
        1621        0.16     1.35006   0.0478699
        1622        1.44     1.35011   0.0478404
        1623        2.56     1.35086   0.0478168
        1624           4     1.35249   0.0478151
        1625        1.44     1.35254   0.0477857
        1626        0.04     1.35173   0.0477632
        1627           0      1.3509    0.047741
        1628        0.36     1.35029   0.0477156
        1629        0.64     1.34986   0.0476883
        1630        0.04     1.34906   0.0476658
        1631           1     1.34884   0.0476371
        1632        0.16     1.34811   0.0476135
        1633        0.64     1.34768   0.0475863
        1634        0.16     1.34695   0.0475627
        1635        0.36     1.34635   0.0475374
        1636        0.36     1.34575   0.0475122
        1637        0.36     1.34514    0.047487
        1638        1.44      1.3452    0.047458
        1639        0.16     1.34448   0.0474346
        1640        0.04     1.34368   0.0474123
        1641        0.04     1.34289   0.0473901
        1642        0.04      1.3421   0.0473679
        1643        1.44     1.34215   0.0473391
        1644        0.36     1.34156   0.0473141
        1645        0.16     1.34084   0.0472908
        1646        0.16     1.34012   0.0472675
        1647        0.16      1.3394   0.0472442
        1648        0.04     1.33862   0.0472221
        1649        0.16      1.3379   0.0471989
        1650           0     1.33709   0.0471772
        1651        0.04     1.33631   0.0471552
        1652        0.36     1.33571   0.0471304
        1653        0.16       1.335   0.0471072
        1654        0.04     1.33422   0.0470852
        1655        0.16     1.33351   0.0470621
        1656           0     1.33271   0.0470406
        1657           0      1.3319   0.0470191
        1658        0.04     1.33112   0.0469972
        1659        0.36     1.33054   0.0469725
        1660        0.16     1.32983   0.0469495
        1661        3.24     1.33098   0.0469353
        1662        3.24     1.33213   0.0469211
        1663        1.44     1.33219    0.046893
        1664           1       1.332   0.0468652
        1665        1.96     1.33237   0.0468386
        1666           1     1.33217   0.0468109
        1667        2.56     1.33291   0.0467886
        1668        1.96     1.33329   0.0467621
        1669        1.44     1.33335   0.0467341
        1670        2.56     1.33408   0.0467119
        1671        0.16     1.33338   0.0466892
        1672        1.44     1.33344   0.0466613
        1673        0.64     1.33303   0.0466353
        1674        0.16     1.33233   0.0466127
        1675        0.16     1.33163   0.0465901
        1676           1     1.33143   0.0465627
        1677        0.04     1.33066   0.0465413
        1678        0.64     1.33025   0.0465154
        1679        1.96     1.33063   0.0464892
        1680        3.24     1.33176   0.0464754
        1681        0.64     1.33135   0.0464496
        1682        0.64     1.33094   0.0464238
        1683        0.04     1.33017   0.0464026
        1684        0.36      1.3296   0.0463786
        1685        1.96     1.32997   0.0463526
        1686        6.76     1.33319   0.0464368
        1687        7.84     1.33705   0.0465692
        1688        4.84     1.33912   0.0465878
        1689        7.84     1.34297    0.046719
        1690           1     1.34277   0.0466918
        1691        0.64     1.34235    0.046666
        1692        1.44     1.34241   0.0466385
        1693        2.56     1.34313   0.0466165
        1694           1     1.34293   0.0465894
        1695        3.24     1.34405   0.0465753
        1696        3.24     1.34517   0.0465613
        1697        0.64     1.34475   0.0465357
        1698        2.56     1.34547   0.0465138
        1699        2.56     1.34618   0.0464919
        1700           4     1.34774   0.0464908
        1701        1.96      1.3481   0.0464648
        1702        1.96     1.34846   0.0464389
        1703        2.56     1.34917   0.0464171
        1704        0.36     1.34859   0.0463935
        1705        0.36     1.34801   0.0463699
        1706           1     1.34781   0.0463432
        1707        0.36     1.34723   0.0463196
        1708        0.36     1.34665   0.0462961
        1709           0     1.34586   0.0462757
        1710           1     1.34566   0.0462491
        1711        0.04      1.3449   0.0462284
        1712        0.04     1.34414   0.0462077
        1713        0.04     1.34337    0.046187
        1714        0.04     1.34261   0.0461663
        1715        0.16     1.34192   0.0461445
        1716           1     1.34172   0.0461181
        1717        0.36     1.34115   0.0460947
        1718        0.16     1.34047    0.046073
        1719        0.64     1.34006    0.046048
        1720           1     1.33986   0.0460217
        1721           1     1.33966   0.0459954
        1722        1.96     1.34002   0.0459701
        1723        2.56     1.34073   0.0459488
        1724        0.64     1.34032    0.045924
        1725           1     1.34013   0.0458978
        1726        0.64     1.33972    0.045873
        1727        0.64     1.33932   0.0458482
        1728           0     1.33854   0.0458282
        1729        0.04     1.33779   0.0458079
        1730        0.04     1.33704   0.0457875
        1731        0.36     1.33648   0.0457646
        1732        0.64     1.33607   0.0457399
        1733           4     1.33761   0.0457393
        1734        2.56     1.33832   0.0457184
        1735        1.44     1.33837   0.0456921
        1736        0.04     1.33763   0.0456719
        1737        0.36     1.33706   0.0456491
        1738        0.36      1.3365   0.0456263
        1739           0     1.33573   0.0456065
        1740           1     1.33554   0.0455807
        1741        0.04      1.3348   0.0455606
        1742        0.64      1.3344   0.0455362
        1743        1.44     1.33446   0.0455101
        1744        0.64     1.33406   0.0454857
        1745           0      1.3333   0.0454661
        1746        0.64      1.3329   0.0454418
        1747        0.04     1.33216   0.0454218
        1748        0.04     1.33142   0.0454018
        1749        0.16     1.33075   0.0453808
        1750        0.04     1.33001   0.0453609
        1751        0.04     1.32927    0.045341
        1752        0.04     1.32854    0.045321
        1753        0.36     1.32799   0.0452986
        1754        0.64     1.32759   0.0452744
        1755        0.36     1.32704    0.045252
        1756        1.44     1.32711   0.0452263
        1757        3.24      1.3282   0.0452136
        1758        2.56      1.3289   0.0451933
        1759        0.36     1.32835    0.045171
        1760        0.64     1.32795    0.045147
        1761        0.04     1.32722   0.0451273
        1762        0.04     1.32649   0.0451076
        1763           0     1.32574   0.0450883
        1764        0.04     1.32501   0.0450686
        1765        0.64     1.32462   0.0450448
        1766           1     1.32444   0.0450196
        1767        0.64     1.32405   0.0449958
        1768           1     1.32387   0.0449708
        1769           0     1.32312   0.0449516
        1770        1.44     1.32319   0.0449262
        1771           1       1.323   0.0449012
        1772        0.64     1.32262   0.0448775
        1773        3.24      1.3237   0.0448652
        1774        2.56      1.3244   0.0448454
        1775        5.76      1.3269   0.0448897
        1776        6.76     1.32995   0.0449685
        1777           1     1.32977   0.0449436
        1778        1.44     1.32983   0.0449184
        1779        0.64     1.32944   0.0448948
        1780        0.04     1.32872   0.0448754
        1781           1     1.32853   0.0448506
        1782        3.24     1.32961   0.0448382
        1783           4      1.3311   0.0448381
        1784        0.36     1.33056   0.0448163
        1785        0.64     1.33017   0.0447928
        1786        1.96     1.33053   0.0447691
        1787        4.84     1.33249   0.0447871
        1788        0.64      1.3321   0.0447638
        1789        0.36     1.33156    0.044742
        1790        2.56     1.33225   0.0447223
        1791        2.56     1.33293   0.0447026
        1792        1.96     1.33328    0.044679
        1793        3.24     1.33434   0.0446668
        1794           1     1.33416   0.0446422
        1795           0     1.33342   0.0446236
        1796        0.04     1.33269   0.0446045
        1797        1.44     1.33275   0.0445797
        1798           4     1.33424   0.0445796
        1799        5.76      1.3367   0.0446227
        1800        0.64     1.33631   0.0445996
        1801        0.16     1.33566   0.0445796
        1802        0.04     1.33494   0.0445606
        1803        0.04     1.33422   0.0445417
        1804        0.36     1.33368   0.0445203
        1805        0.04     1.33296   0.0445014
        1806        0.04     1.33225   0.0444825
        1807        0.04     1.33153   0.0444637
        1808        0.04     1.33082   0.0444448
        1809        0.64     1.33044   0.0444219
        1810           0      1.3297   0.0444034
        1811        0.64     1.32932   0.0443805
        1812           1     1.32914   0.0443564
        1813        0.36      1.3286   0.0443352
        1814        0.36     1.32807   0.0443139
        1815        0.04     1.32736   0.0442952
        1816           1     1.32718   0.0442712
        1817           1       1.327   0.0442472
        1818           1     1.32682   0.0442232
        1819           1     1.32664   0.0441993
        1820        0.04     1.32593   0.0441806
        1821        0.16     1.32529    0.044161
        1822        0.64     1.32492   0.0441384
        1823        1.96     1.32527   0.0441155
        1824           4     1.32673   0.0441157
        1825        6.76     1.32971   0.0441919
        1826           1     1.32953    0.044168
        1827        0.36       1.329   0.0441471
        1828           0     1.32827   0.0441289
        1829        0.64      1.3279   0.0441064
        1830           4     1.32936   0.0441064
        1831        7.84     1.33291   0.0442254
        1832        5.76     1.33533   0.0442673
        1833        1.96     1.33567   0.0442444
        1834           1     1.33549   0.0442207
        1835        0.16     1.33484   0.0442012
        1836        0.36     1.33431   0.0441803
        1837        1.96     1.33465   0.0441576
        1838        1.96     1.33499   0.0441349
        1839        0.36     1.33446   0.0441141
        1840        0.64     1.33409   0.0440917
        1841        0.64     1.33371   0.0440694
        1842        0.64     1.33333   0.0440471
        1843        0.36     1.33281   0.0440263
        1844        0.64     1.33243   0.0440041
        1845        3.24     1.33346   0.0439923
        1846        1.44     1.33352   0.0439686
        1847        0.64     1.33315   0.0439464
        1848           0     1.33242   0.0439285
        1849        1.44     1.33248   0.0439048
        1850        0.36     1.33196   0.0438842
        1851        0.04     1.33126    0.043866
        1852        0.04     1.33056   0.0438479
        1853        0.16     1.32993   0.0438288
        1854        0.36     1.32941   0.0438083
        1855        0.04     1.32871   0.0437902
        1856        0.36     1.32819   0.0437697
        1857        0.16     1.32756   0.0437506
        1858        0.64     1.32719   0.0437286
        1859        1.96     1.32753   0.0437064
        1860        0.16      1.3269   0.0436874
        1861        1.96     1.32724   0.0436653
        1862           4     1.32868   0.0436654
        1863        4.84     1.33056   0.0436827
        1864        6.76     1.33348   0.0437562
        1865        4.84     1.33536   0.0437731
        1866           4     1.33678    0.043773
        1867           1      1.3366   0.0437499
        1868        0.64     1.33623   0.0437281
        1869        0.04     1.33554   0.0437102
        1870        0.36     1.33502   0.0436899
        1871        0.64     1.33464   0.0436681
        1872           0     1.33393   0.0436506
        1873        3.24     1.33495   0.0436392
        1874        6.76     1.33784   0.0437118
        1875        6.76     1.34074    0.043784
        1876        1.44     1.34079   0.0437607
        1877           0     1.34007   0.0437433
        1878           0     1.33936   0.0437258
        1879        0.16     1.33873    0.043707
        1880        0.04     1.33804   0.0436892
        1881        0.16     1.33742   0.0436705
        1882        0.64     1.33705   0.0436489
        1883        0.04     1.33636   0.0436311
        1884        0.64     1.33599   0.0436095
        1885        1.44     1.33604   0.0435864
        1886        1.96     1.33637   0.0435646
        1887           0     1.33567   0.0435472
        1888        0.04     1.33498   0.0435296
        1889        1.96     1.33531   0.0435078
        1890        0.04     1.33462   0.0434902
        1891        0.04     1.33394   0.0434726
        1892        0.16     1.33332    0.043454
        1893        1.44     1.33338   0.0434311
        1894           1      1.3332   0.0434085
        1895        2.56     1.33385   0.0433904
        1896           4     1.33525   0.0433903
        1897        4.84      1.3371   0.0434068
        1898           4      1.3385   0.0434066
        1899        3.24     1.33951   0.0433953
        1900        1.96     1.33983   0.0433736
        1901        2.56     1.34047   0.0433556
        1902        1.96      1.3408    0.043334
        1903        3.24      1.3418   0.0433227
        1904        2.56     1.34244   0.0433047
        1905        0.16     1.34182   0.0432864
        1906           0     1.34111   0.0432694
        1907        0.64     1.34074   0.0432483
        1908        0.36     1.34023   0.0432287
        1909           4     1.34162   0.0432285
        1910           4     1.34302   0.0432283
        1911        6.76     1.34585   0.0432985
        1912        4.84     1.34768   0.0433144
        1913           0     1.34697   0.0432975
        1914           0     1.34627   0.0432806
        1915           1     1.34609   0.0432583
        1916        1.96     1.34641    0.043237
        1917        0.04     1.34573   0.0432198
        1918           1     1.34555   0.0431976
        1919           0     1.34485   0.0431808
        1920        0.64     1.34448   0.0431599
        1921           1      1.3443   0.0431378
        1922        2.56     1.34493     0.04312
        1923        4.84     1.34675   0.0431358
        1924           4     1.34813   0.0431354
        1925        6.76     1.35094   0.0432045
        1926        6.76     1.35375   0.0432733
        1927        6.76     1.35655   0.0433417
        1928        6.76     1.35936   0.0434097
        1929        1.44      1.3594   0.0433872
        1930        3.24     1.36037   0.0433757
        1931        0.36     1.35985   0.0433563
        1932        0.04     1.35917   0.0433393
        1933        1.96     1.35948    0.043318
        1934        3.24     1.36046   0.0433065
        1935        0.16     1.35983   0.0432885
        1936        0.36     1.35932   0.0432693
        1937        1.96     1.35963    0.043248
        1938        3.24      1.3606   0.0432366
        1939        3.24     1.36157   0.0432252
        1940           4     1.36293   0.0432243
        1941        4.84     1.36472   0.0432391
        1942        0.36      1.3642   0.0432199
        1943        0.04     1.36352   0.0432031
        1944        0.16      1.3629   0.0431853
        1945        0.04     1.36222   0.0431684
        1946           1     1.36203   0.0431467
        1947        1.44     1.36207   0.0431245
        1948        3.24     1.36304   0.0431132
        1949        0.64     1.36267   0.0430926
        1950           0     1.36197   0.0430762
        1951        0.16     1.36135   0.0430585
        1952        1.44     1.36139   0.0430365
        1953        0.16     1.36078   0.0430188
        1954        0.04      1.3601   0.0430021
        1955           1     1.35992   0.0429805
        1956        0.36     1.35941   0.0429616
        1957        0.04     1.35873   0.0429449
        1958        2.56     1.35935   0.0429274
        1959        5.76     1.36159   0.0429642
        1960           4     1.36294   0.0429634
        1961        1.44     1.36298   0.0429415
        1962        0.16     1.36236    0.042924
        1963           1     1.36218   0.0429025
        1964        0.04     1.36151   0.0428859
        1965           0     1.36081   0.0428697
        1966           1     1.36063   0.0428483
        1967        0.16     1.36002   0.0428309
        1968        0.16     1.35941   0.0428134
        1969        1.44     1.35945   0.0427917
        1970        1.44     1.35949     0.04277
        1971        0.36     1.35899   0.0427513
        1972           1      1.3588     0.04273
        1973        0.36      1.3583   0.0427114
        1974           4     1.35964   0.0427107
        1975        4.84      1.3614   0.0427254
        1976           4     1.36273   0.0427246
        1977        2.56     1.36334   0.0427073
        1978        0.16     1.36273   0.0426901
        1979        0.36     1.36222   0.0426715
        1980           0     1.36154   0.0426555
        1981        0.04     1.36087   0.0426392
        1982        0.36     1.36036   0.0426207
        1983        1.44      1.3604   0.0425992
        1984           1     1.36022   0.0425781
        1985        0.04     1.35956   0.0425618
        1986        0.64     1.35919    0.042542
        1987        0.04     1.35853   0.0425257
        1988        2.56     1.35913   0.0425086
        1989        0.04     1.35847   0.0424924
        1990        0.16     1.35787   0.0424753
        1991        0.36     1.35737    0.042457
        1992        0.04     1.35671   0.0424408
        1993        0.04     1.35605   0.0424247
        1994           1     1.35587   0.0424038
        1995        0.64     1.35551    0.042384
        1996           1     1.35533   0.0423632
        1997           1     1.35515   0.0423423
        1998        1.96     1.35546   0.0423222
        1999        4.84      1.3572   0.0423369
        2000        1.44     1.35724   0.0423158
