#     BLOCK:   ACTUAL_TE:    TE_AVE:      ERROR:
           1       -0.36       -0.36           0
           2       -0.44        -0.4   0.0282843
           3       -0.36   -0.386667   0.0217732
           4       -0.36       -0.38   0.0173205
           5       -0.52      -0.408   0.0286217
           6       -0.44   -0.413333   0.0243432
           7       -0.28   -0.394286   0.0273195
           8       -0.52       -0.41   0.0280624
           9       -0.52   -0.422222   0.0274774
          10       -0.28      -0.408   0.0281709
          11       -0.52   -0.418182   0.0273882
          12       -0.44       -0.42   0.0251661
          13       -0.68       -0.44   0.0301476
          14       -0.68   -0.457143   0.0325048
          15       -0.68      -0.472   0.0335619
          16       -0.52      -0.475   0.0315981
          17       -0.44   -0.472941   0.0298063
          18       -0.52   -0.475556   0.0282649
          19       -0.52   -0.477895   0.0268739
          20       -0.44      -0.476   0.0255969
          21       -0.52   -0.478095   0.0244636
          22       -0.52       -0.48   0.0234256
          23       -0.52   -0.481739   0.0224716
          24       -0.36   -0.476667   0.0221004
          25        -0.6     -0.4816     0.02176
          26       -0.52   -0.483077   0.0209731
          27       -0.52   -0.484444   0.0202409
          28       -0.44   -0.482857   0.0195801
          29        -0.6   -0.486897   0.0193171
          30       -0.36   -0.482667   0.0191307
          31       -0.36    -0.47871   0.0189184
          32        -0.2       -0.47    0.020233
          33       -0.36   -0.466667   0.0198926
          34       -0.12   -0.456471   0.0217642
          35       -0.36   -0.453714   0.0213162
          36       -0.44   -0.453333   0.0207275
          37        -0.6   -0.457297   0.0205428
          38       -0.44   -0.456842   0.0200073
          39        -0.6   -0.460513   0.0198282
          40       -0.36      -0.458    0.019491
          41       -0.44   -0.457561   0.0190206
          42       -0.52   -0.459048   0.0186257
          43        -0.6   -0.462326   0.0184788
          44       -0.52   -0.463636   0.0181052
          45       -0.36   -0.461333   0.0178487
          46        -0.6   -0.464348   0.0177135
          47        -0.6   -0.467234   0.0175701
          48       -0.52   -0.468333   0.0172385
          49       -0.36   -0.466122   0.0170278
          50       -0.44     -0.4656   0.0166953
          51        -0.6   -0.468235   0.0165746
          52       -0.52   -0.469231   0.0162857
          53       -0.36    -0.46717   0.0161083
          54       -0.28   -0.463704   0.0161787
          55       -0.36   -0.461818    0.015994
          56       -0.36       -0.46   0.0158114
          57       -0.36   -0.458246    0.015631
          58       -0.44   -0.457931   0.0153647
          59       -0.36   -0.456271   0.0151937
          60       -0.52   -0.457333   0.0149775
          61       -0.36   -0.455738   0.0148167
          62       -0.36   -0.454194    0.014658
          63       -0.44   -0.453968   0.0144271
          64       -0.36     -0.4525   0.0142762
          65       -0.52   -0.453538   0.0140942
          66        -0.2   -0.449697   0.0143947
          67       -0.44   -0.449552   0.0141806
          68       -0.28   -0.447059   0.0141896
          69       -0.28   -0.444638    0.014189
          70       -0.52   -0.445714    0.014027
          71       -0.52   -0.446761   0.0138684
          72       -0.36   -0.445556   0.0137281
          73        -0.6   -0.447671   0.0137021
          74       -0.52   -0.448649   0.0135517
          75        -0.6   -0.450667   0.0135205
          76       -0.52   -0.451579   0.0133733
          77       -0.44   -0.451429   0.0132005
          78        -0.6   -0.453333   0.0131679
          79       -0.52   -0.454177   0.0130283
          80       -0.52      -0.455   0.0128914
          81        -0.6    -0.45679   0.0128559
          82       -0.52   -0.457561   0.0127222
          83        -0.6   -0.459277   0.0126842
          84       -0.52       -0.46   0.0125537
          85       -0.28   -0.457882   0.0125834
          86       -0.68   -0.460465   0.0126994
          87       -0.68   -0.462989   0.0128016
          88       -0.44   -0.462727   0.0126588
          89       -0.52   -0.463371   0.0125329
          90       -0.28   -0.461333   0.0125582
          91       -0.52   -0.461978   0.0124367
          92       -0.52   -0.462609   0.0123175
          93       -0.44   -0.462366   0.0121875
          94       -0.36   -0.461277   0.0121064
          95        -0.6   -0.462737   0.0120667
          96       -0.52   -0.463333   0.0119557
          97       -0.52   -0.463918   0.0118468
          98       -0.52    -0.46449   0.0117397
          99       -0.44   -0.464242   0.0116237
         100        -0.6     -0.4656   0.0115865
         101        -0.6   -0.466931   0.0115479
         102        -0.6   -0.468235   0.0115082
         103       -0.44   -0.467961   0.0113997
         104       -0.28   -0.466154   0.0114325
         105       -0.52   -0.466667   0.0113351
         106       -0.52    -0.46717   0.0112393
         107        -0.6   -0.468411   0.0112026
         108       -0.52   -0.468889   0.0111091
         109       -0.52   -0.469358    0.011017
         110       -0.52   -0.469818   0.0109265
         111       -0.52    -0.47027   0.0108374
         112       -0.52   -0.470714   0.0107497
         113       -0.52    -0.47115   0.0106634
         114       -0.36   -0.470175   0.0106144
         115       -0.28   -0.468522   0.0106501
         116        -0.2   -0.466207    0.010807
         117       -0.36   -0.465299   0.0107526
         118       -0.44   -0.465085   0.0106637
         119       -0.36   -0.464202   0.0106106
         120       -0.44      -0.464    0.010524
         121       -0.44   -0.463802   0.0104389
         122        -0.2   -0.461639    0.010575
         123       -0.68   -0.463415   0.0106369
         124       -0.52   -0.463871    0.010561
         125       -0.44    -0.46368   0.0104782
         126       -0.28   -0.462222   0.0104959
         127       -0.44   -0.462047   0.0104148
         128       -0.28   -0.460625   0.0104301
         129        -0.2   -0.458605   0.0105431
         130       -0.36   -0.457846   0.0104892
         131        -0.2   -0.455878   0.0105922
         132       -0.28   -0.454545   0.0105954
         133       -0.44   -0.454436   0.0105163
         134        -0.2   -0.452537   0.0106079
         135        -0.6    -0.45363   0.0105854
         136       -0.44   -0.453529    0.010508
         137       -0.36   -0.452847   0.0104535
         138       -0.44   -0.452754   0.0103782
         139       -0.52   -0.453237   0.0103148
         140       -0.36   -0.452571   0.0102626
         141       -0.52    -0.45305   0.0102009
         142       -0.52   -0.453521     0.01014
         143       -0.28   -0.452308   0.0101414
         144       -0.36   -0.451667   0.0100912
         145        -0.6    -0.45269   0.0100733
         146        -0.6   -0.453699   0.0100547
         147        -0.6   -0.454694   0.0100355
         148       -0.68   -0.456216   0.0100825
         149       -0.36    -0.45557   0.0100355
         150       -0.52      -0.456  0.00997775
         151       -0.44   -0.455894  0.00991224
         152        -0.6   -0.456842  0.00989226
         153       -0.52   -0.457255  0.00983621
         154       -0.28   -0.456104  0.00983946
         155       -0.28   -0.454968  0.00984135
         156       -0.52   -0.455385  0.00978709
         157       -0.44   -0.455287  0.00972525
         158       -0.52   -0.455696  0.00967231
         159       -0.52   -0.456101  0.00961993
         160       -0.36     -0.4555  0.00957854
         161       -0.52   -0.455901  0.00952742
         162       -0.36   -0.455309  0.00948698
         163       -0.28   -0.454233  0.00948955
         164        -0.6   -0.455122  0.00947322
         165        -0.6      -0.456  0.00945641
         166       -0.36   -0.455422  0.00941711
         167       -0.44   -0.455329  0.00936117
         168       -0.44   -0.455238   0.0093059
         169       -0.44   -0.455148  0.00925127
         170       -0.44   -0.455059  0.00919728
         171       -0.44   -0.454971  0.00914392
         172       -0.76   -0.456744  0.00926113
         173       -0.68   -0.458035  0.00929708
         174       -0.68    -0.45931  0.00933075
         175       -0.76   -0.461029  0.00943431
         176       -0.44   -0.460909  0.00938146
         177       -0.28   -0.459887  0.00938397
         178       -0.36   -0.459326  0.00934802
         179       -0.44   -0.459218  0.00929642
         180       -0.44   -0.459111  0.00924538
         181       -0.52   -0.459448  0.00920042
         182       -0.28   -0.458462  0.00920255
         183       -0.44   -0.458361  0.00915281
         184       -0.36   -0.457826  0.00911867
         185       -0.44    -0.45773  0.00906989
         186       -0.04   -0.455484  0.00929502
         187       -0.36   -0.454973  0.00925933
         188       -0.52   -0.455319  0.00921654
         189        -0.6   -0.456085  0.00919951
         190       -0.36   -0.455579  0.00916498
         191       -0.52   -0.455916   0.0091232
         192       -0.28      -0.455  0.00912157
         193       -0.28   -0.454093  0.00911927
         194       -0.28   -0.453196  0.00911631
         195       -0.52   -0.453538  0.00907599
         196       -0.36   -0.453061  0.00904223
         197        -0.2   -0.451777  0.00908711
         198       -0.52   -0.452121  0.00904775
         199       -0.52   -0.452462  0.00900871
         200        -0.6     -0.4532  0.00899382
         201       -0.52   -0.453532  0.00895521
         202       -0.28   -0.452673  0.00895199
         203       -0.44   -0.452611  0.00890811
         204       -0.52   -0.452941  0.00887057
         205        -0.6   -0.453659  0.00885625
         206       -0.52   -0.453981  0.00881912
         207       -0.36   -0.453527  0.00878819
         208       -0.28   -0.452692  0.00878545
         209       -0.52   -0.453014  0.00874931
         210       -0.44   -0.452952  0.00870787
         211       -0.44   -0.452891  0.00866682
         212       -0.36   -0.452453    0.008637
         213       -0.52    -0.45277  0.00860227
         214       -0.68   -0.453832  0.00862736
         215        -0.6   -0.454512  0.00861398
         216       -0.68   -0.455556  0.00863712
         217       -0.44   -0.455484  0.00859762
         218       -0.44   -0.455413  0.00855847
         219       -0.36   -0.454977  0.00853048
         220       -0.44   -0.454909  0.00849197
         221       -0.52   -0.455204  0.00845865
         222       -0.52   -0.455495  0.00842559
         223        -0.6   -0.456143  0.00841268
         224       -0.36   -0.455714  0.00838607
         225       -0.28   -0.454933  0.00838508
         226       -0.28   -0.454159  0.00838363
         227        -0.2    -0.45304  0.00842113
         228       -0.36   -0.452632  0.00839408
         229       -0.44   -0.452576   0.0083576
         230       -0.52    -0.45287  0.00832641
         231       -0.52    -0.45316  0.00829543
         232       -0.44   -0.453103  0.00825987
         233       -0.68   -0.454077  0.00828162
         234       -0.52   -0.454359  0.00825102
         235       -0.44   -0.454298  0.00821614
         236       -0.36   -0.453898  0.00819103
         237       -0.36   -0.453502  0.00816605
         238       -0.52   -0.453782  0.00813652
         239       -0.44   -0.453724  0.00810268
         240       -0.28      -0.453  0.00810118
         241       -0.28   -0.452282  0.00809931
         242       -0.44   -0.452231    0.008066
         243       -0.28   -0.451523  0.00806389
         244       -0.44   -0.451475  0.00803098
         245       -0.52   -0.451755  0.00800307
         246       -0.44   -0.451707  0.00797068
         247       -0.44    -0.45166  0.00793855
         248       -0.36    -0.45129  0.00791514
         249       -0.52   -0.451566  0.00788816
         250       -0.52    -0.45184  0.00786135
         251        -0.6    -0.45243  0.00785216
         252        -0.6   -0.453016  0.00784281
         253        -0.6   -0.453597   0.0078333
         254       -0.52   -0.453858  0.00780682
         255       -0.36    -0.45349  0.00778488
         256       -0.44   -0.453437  0.00775464
         257        -0.6   -0.454008  0.00774541
         258       -0.36   -0.453643  0.00772396
         259       -0.52     -0.4539  0.00769838
         260       -0.52   -0.454154  0.00767297
         261        -0.6   -0.454713  0.00766389
         262        -0.6   -0.455267  0.00765468
         263       -0.44   -0.455209  0.00762579
         264       -0.28   -0.454545  0.00762573
         265       -0.44   -0.454491  0.00759715
         266       -0.52   -0.454737  0.00757258
         267       -0.12   -0.453483   0.0076473
         268       -0.28   -0.452836  0.00764611
         269       -0.44   -0.452788  0.00761783
         270        -0.6   -0.453333  0.00760911
         271       -0.28   -0.452694  0.00760786
         272       -0.36   -0.452353  0.00758752
         273       -0.52   -0.452601  0.00756377
         274       -0.44   -0.452555  0.00753631
         275       -0.44   -0.452509  0.00750904
         276       -0.52   -0.452754  0.00748582
         277       -0.36   -0.452419  0.00746628
         278       -0.28   -0.451799  0.00746513
         279       -0.36    -0.45147  0.00744563
         280       -0.28   -0.450857  0.00744418
         281       -0.52   -0.451103  0.00742175
         282        -0.6   -0.451631  0.00741419
         283       -0.52   -0.451873  0.00739192
         284       -0.52   -0.452113  0.00736979
         285       -0.44    -0.45207  0.00734405
         286       -0.28   -0.451469  0.00734298
         287       -0.44   -0.451429   0.0073175
         288       -0.52   -0.451667  0.00729596
         289       -0.44   -0.451626  0.00727083
         290       -0.36    -0.45131  0.00725262
         291       -0.36   -0.450997  0.00723448
         292       -0.28   -0.450411  0.00723337
         293       -0.44   -0.450375  0.00720877
         294       -0.28   -0.449796   0.0072075
         295        -0.6   -0.450305  0.00720103
         296       -0.52   -0.450541  0.00718056
         297       -0.36   -0.450236  0.00716285
         298       -0.36   -0.449933  0.00714521
         299       -0.44     -0.4499  0.00712139
         300       -0.44   -0.449867  0.00709773
         301       -0.52     -0.4501  0.00707797
         302       -0.44   -0.450066  0.00705461
         303       -0.36   -0.449769  0.00703759
         304       -0.36   -0.449474  0.00702063
         305       -0.52   -0.449705  0.00700142
         306       -0.36   -0.449412  0.00698467
         307       -0.44   -0.449381  0.00696199
         308       -0.52    -0.44961  0.00694316
         309       -0.44   -0.449579  0.00692076
         310       -0.36    -0.44929  0.00690446
         311       -0.44    -0.44926  0.00688233
         312        -0.6   -0.449744  0.00687721
         313       -0.44   -0.449712  0.00685531
         314       -0.52   -0.449936  0.00683713
         315       -0.28   -0.449397  0.00683667
         316       -0.44   -0.449367   0.0068151
         317       -0.44   -0.449338  0.00679367
         318       -0.52    -0.44956  0.00677594
         319       -0.68   -0.450282  0.00679309
         320       -0.52     -0.4505  0.00677536
         321       -0.44   -0.450467  0.00675433
         322       -0.52   -0.450683   0.0067368
         323       -0.36   -0.450402  0.00672179
         324        -0.6   -0.450864  0.00671689
         325       -0.68   -0.451569  0.00673312
         326        -0.6   -0.452025  0.00672784
         327        -0.6   -0.452477  0.00672247
         328       -0.52   -0.452683  0.00670513
         329       -0.52   -0.452888  0.00668787
         330       -0.68   -0.453576  0.00670292
         331       -0.68    -0.45426  0.00671748
         332       -0.44   -0.454217  0.00669739
         333       -0.44   -0.454174  0.00667741
         334        -0.2   -0.453413  0.00670064
         335       -0.36   -0.453134  0.00668644
         336       -0.12   -0.452143  0.00673965
         337       -0.36   -0.451869  0.00672519
         338        -0.6   -0.452308  0.00671956
         339       -0.52   -0.452507   0.0067027
         340       -0.52   -0.452706  0.00668593
         341        -0.6   -0.453138  0.00668026
         342       -0.52   -0.453333  0.00666359
         343       -0.52   -0.453528  0.00664699
         344        -0.6   -0.453953   0.0066413
         345       -0.36   -0.453681  0.00662763
         346       -0.44   -0.453642  0.00660859
         347       -0.52   -0.453833  0.00659231
         348       -0.12   -0.452874   0.0066428
         349       -0.52   -0.453066  0.00662655
         350       -0.44   -0.453029  0.00660772
         351       -0.36   -0.452764  0.00659421
         352        -0.6   -0.453182  0.00658873
         353       -0.68   -0.453824  0.00660132
         354       -0.52   -0.454011  0.00658532
         355       -0.52   -0.454197  0.00656939
         356        -0.6   -0.454607  0.00656369
         357       -0.52    -0.45479  0.00654786
         358       -0.44   -0.454749   0.0065297
         359        -0.6   -0.455153  0.00652404
         360        -0.6   -0.455556  0.00651831
         361        -0.6   -0.455956  0.00651252
         362        -0.6   -0.456354  0.00650668
         363       -0.52   -0.456529  0.00649111
         364        -0.6   -0.456923  0.00648524
         365        -0.6   -0.457315   0.0064793
         366       -0.44   -0.457268  0.00646177
         367       -0.36   -0.457003   0.0064496
         368       -0.52   -0.457174  0.00643434
         369       -0.44   -0.457127  0.00641708
         370        -0.6   -0.457514  0.00641134
         371        -0.6   -0.457898  0.00640555
         372       -0.44   -0.457849  0.00638851
         373       -0.44   -0.457802  0.00637156
         374       -0.52   -0.457968   0.0063567
         375       -0.36   -0.457707  0.00634511
         376       -0.36   -0.457447  0.00633356
         377       -0.36   -0.457188  0.00632203
         378       -0.52   -0.457354  0.00630749
         379       -0.68   -0.457942  0.00631814
         380       -0.44   -0.457895  0.00630169
         381        -0.6   -0.458268  0.00629618
         382       -0.36    -0.45801  0.00628495
         383       -0.44   -0.457963  0.00626872
         384        -0.6   -0.458333   0.0062633
         385        -0.6   -0.458701  0.00625783
         386       -0.36   -0.458446  0.00624684
         387       -0.44   -0.458398  0.00623088
         388        -0.6   -0.458763   0.0062255
         389       -0.52    -0.45892  0.00621148
         390       -0.52   -0.459077  0.00619753
         391       -0.52   -0.459233  0.00618364
         392       -0.52   -0.459388  0.00616981
         393       -0.36   -0.459135  0.00615929
         394       -0.52   -0.459289  0.00614559
         395        -0.2   -0.458633  0.00616499
         396       -0.44   -0.458586   0.0061496
         397       -0.36   -0.458338  0.00613912
         398       -0.52   -0.458492  0.00612565
         399        -0.6   -0.458847  0.00612056
         400       -0.44     -0.4588  0.00610544
         401       -0.28   -0.458354  0.00610647
         402       -0.36   -0.458109  0.00609618
         403        -0.6   -0.458462  0.00609122
         404        -0.6   -0.458812  0.00608621
         405       -0.68   -0.459358  0.00609563
         406        -0.6   -0.459704  0.00609045
         407       -0.36   -0.459459  0.00608041
         408        -0.6   -0.459804  0.00607526
         409       -0.52   -0.459951  0.00606219
         410       -0.68   -0.460488  0.00607111
         411       -0.44   -0.460438  0.00605655
         412        -0.2   -0.459806  0.00607475
         413       -0.36   -0.459564  0.00606484
         414       -0.44   -0.459517  0.00605038
         415       -0.28   -0.459084  0.00605124
         416       -0.36   -0.458846  0.00604138
         417        -0.6   -0.459185  0.00603637
         418       -0.44   -0.459139   0.0060221
         419       -0.68   -0.459666  0.00603075
         420       -0.52    -0.45981  0.00601811
         421       -0.44   -0.459762    0.006004
         422       -0.36   -0.459526  0.00599442
         423       -0.44    -0.45948  0.00598043
         424       -0.44   -0.459434   0.0059665
         425        -0.6   -0.459765  0.00596162
         426        -0.6   -0.460094  0.00595671
         427       -0.28   -0.459672  0.00595767
         428       -0.36   -0.459439   0.0059483
         429       -0.36   -0.459207  0.00593895
         430        -0.2   -0.458605  0.00595565
         431        -0.6   -0.458933  0.00595086
         432       -0.68   -0.459444  0.00595905
         433       -0.36   -0.459215  0.00594971
         434       -0.44   -0.459171  0.00593617
         435        -0.6   -0.459494  0.00593134
         436       -0.44    -0.45945  0.00591791
         437       -0.36   -0.459222  0.00590874
         438       -0.44   -0.459178  0.00589541
         439       -0.28    -0.45877  0.00589609
         440       -0.44   -0.458727  0.00588285
         441       -0.44   -0.458685  0.00586966
         442       -0.44   -0.458643  0.00585653
         443        -0.6   -0.458962    0.005852
         444       -0.44   -0.458919  0.00583897
         445       -0.68   -0.459416  0.00584695
         446       -0.44   -0.459372    0.005834
         447       -0.52   -0.459508  0.00582253
         448       -0.44   -0.459464  0.00580969
         449       -0.28   -0.459065  0.00581049
         450       -0.36   -0.458844  0.00580174
         451       -0.52    -0.45898  0.00579047
         452       -0.36   -0.458761  0.00578179
         453       -0.36   -0.458543  0.00577314
         454       -0.44   -0.458502  0.00576057
         455        -0.6   -0.458813  0.00575629
         456       -0.44   -0.458772  0.00574382
         457        -0.6   -0.459081  0.00573956
         458       -0.76   -0.459738  0.00576451
         459        -0.6   -0.460044  0.00576004
         460        -0.6   -0.460348  0.00575555
         461       -0.52   -0.460477  0.00574452
         462       -0.36    -0.46026   0.0057362
         463       -0.36   -0.460043   0.0057279
         464       -0.52   -0.460172  0.00571701
         465        -0.6   -0.460473  0.00571262
         466        -0.2   -0.459914  0.00572764
         467       -0.52   -0.460043  0.00571682
         468       -0.28   -0.459658  0.00571754
         469       -0.36   -0.459446  0.00570929
         470       -0.36   -0.459234  0.00570107
         471       -0.44   -0.459193  0.00568911
         472       -0.44   -0.459153   0.0056772
         473       -0.68   -0.459619  0.00568436
         474        -0.6   -0.459916  0.00568008
         475       -0.36   -0.459705  0.00567202
         476       -0.44   -0.459664  0.00566025
         477       -0.36   -0.459455  0.00565224
         478       -0.28   -0.459079  0.00565287
         479       -0.44    -0.45904  0.00564121
         480        -0.2     -0.4585  0.00565521
         481       -0.36   -0.458295  0.00564716
         482       -0.28   -0.457925  0.00564755
         483       -0.44   -0.457888  0.00563598
         484       -0.36   -0.457686  0.00562796
         485       -0.52   -0.457814  0.00561782
         486       -0.52   -0.457942  0.00560772
         487       -0.44   -0.457906  0.00559633
         488       -0.28   -0.457541  0.00559672
         489       -0.52   -0.457669  0.00558673
         490       -0.36   -0.457469  0.00557888
         491       -0.36   -0.457271  0.00557105
         492       -0.52   -0.457398  0.00556119
         493       -0.44   -0.457363  0.00555002
         494       -0.44   -0.457328   0.0055389
         495       -0.44   -0.457293  0.00552782
         496       -0.44   -0.457258  0.00551678
         497       -0.44   -0.457223  0.00550579
         498       -0.12   -0.456546  0.00553622
         499       -0.36   -0.456353  0.00552851
         500       -0.28      -0.456  0.00552869
         501        -0.2   -0.455489  0.00554122
         502       -0.36   -0.455299  0.00553344
         503       -0.36   -0.455109  0.00552568
         504       -0.44   -0.455079   0.0055148
         505        -0.6   -0.455366  0.00551134
         506        -0.6   -0.455652  0.00550786
         507       -0.44   -0.455621  0.00549708
         508       -0.68   -0.456063  0.00550398
         509       -0.52   -0.456189   0.0054946
         510       -0.52   -0.456314  0.00548525
         511        -0.6   -0.456595  0.00548171
         512        -0.6   -0.456875  0.00547816
         513       -0.68    -0.45731  0.00548472
         514       -0.44   -0.457276  0.00547415
         515        -0.2   -0.456777  0.00548627
         516       -0.36   -0.456589  0.00547884
         517       -0.44   -0.456557  0.00546834
         518       -0.28   -0.456216  0.00546839
         519       -0.52   -0.456339  0.00545924
         520        -0.6   -0.456615  0.00545573
         521       -0.68   -0.457044  0.00546208
         522        -0.6   -0.457318  0.00545847
         523       -0.68   -0.457744  0.00546462
         524        -0.6   -0.458015  0.00546093
         525       -0.52   -0.458133   0.0054518
         526       -0.52   -0.458251  0.00544271
         527       -0.52   -0.458368  0.00543364
         528       -0.36   -0.458182  0.00542654
         529       -0.28   -0.457845  0.00542673
         530       -0.44   -0.457811  0.00541659
         531       -0.36   -0.457627  0.00540952
         532        -0.6   -0.457895  0.00540597
         533       -0.12   -0.457261  0.00543287
         534       -0.36   -0.457079  0.00542575
         535       -0.44   -0.457047   0.0054157
         536       -0.44   -0.457015  0.00540569
         537       -0.36   -0.456834  0.00539864
         538        -0.2   -0.456357  0.00540968
         539       -0.28    -0.45603  0.00540952
         540       -0.44      -0.456  0.00539959
         541       -0.52   -0.456118   0.0053909
         542        -0.6   -0.456384  0.00538749
         543       -0.36   -0.456206  0.00538049
         544       -0.44   -0.456176  0.00537068
         545       -0.44   -0.456147  0.00536091
         546       -0.28   -0.455824  0.00536079
         547       -0.28   -0.455503  0.00536062
         548       -0.52    -0.45562  0.00535213
         549       -0.28   -0.455301  0.00535193
         550       -0.52   -0.455418  0.00534349
         551        -0.2   -0.454955  0.00535386
         552        -0.6   -0.455217  0.00535061
         553       -0.36   -0.455045   0.0053437
         554       -0.36   -0.454874  0.00533681
         555       -0.36   -0.454703  0.00532993
         556       -0.44   -0.454676  0.00532041
         557       -0.44    -0.45465  0.00531092
         558       -0.36    -0.45448  0.00530411
         559       -0.44   -0.454454  0.00529469
         560       -0.44   -0.454429   0.0052853
         561       -0.36    -0.45426  0.00527856
         562       -0.44   -0.454235  0.00526922
         563       -0.44    -0.45421  0.00525993
         564       -0.36   -0.454043  0.00525325
         565       -0.52   -0.454159  0.00524525
         566       -0.44   -0.454134  0.00523604
         567       -0.36   -0.453968  0.00522944
         568       -0.44   -0.453944  0.00522029
         569       -0.44   -0.453919  0.00521117
         570        -0.6   -0.454175  0.00520833
         571       -0.52   -0.454291  0.00520048
         572        -0.6   -0.454545  0.00519763
         573        -0.6   -0.454799  0.00519475
         574       -0.52   -0.454913  0.00518694
         575        -0.6   -0.455165  0.00518406
         576        -0.6   -0.455417  0.00518115
         577       -0.52   -0.455529  0.00517338
         578        -0.6   -0.455779  0.00517046
         579       -0.52   -0.455889  0.00516272
         580        -0.6   -0.456138   0.0051598
         581       -0.52   -0.456248  0.00515209
         582       -0.52   -0.456357   0.0051444
         583       -0.68   -0.456741  0.00514986
         584       -0.44   -0.456712  0.00514112
         585       -0.44   -0.456684  0.00513241
         586       -0.28   -0.456382   0.0051325
         587       -0.52   -0.456491   0.0051249
         588       -0.52   -0.456599  0.00511732
         589       -0.44    -0.45657  0.00510871
         590       -0.28   -0.456271  0.00510881
         591       -0.36   -0.456108  0.00510276
         592       -0.44   -0.456081  0.00509422
         593       -0.44   -0.456054   0.0050857
         594       -0.52   -0.456162  0.00507828
         595       -0.52   -0.456269  0.00507087
         596       -0.44   -0.456242  0.00506244
         597       -0.44   -0.456214  0.00505403
         598       -0.52   -0.456321  0.00504671
         599        -0.6   -0.456561  0.00504398
         600       -0.44   -0.456533  0.00503565
         601       -0.44   -0.456506  0.00502734
         602       -0.52   -0.456611   0.0050201
         603       -0.52   -0.456716  0.00501287
         604       -0.52   -0.456821  0.00500567
         605       -0.44   -0.456793  0.00499747
         606       -0.36   -0.456634  0.00499178
         607       -0.36   -0.456474  0.00498609
         608       -0.28   -0.456184  0.00498633
         609       -0.28   -0.455895  0.00498653
         610       -0.44   -0.455869  0.00497842
         611       -0.52   -0.455974  0.00497138
         612        -0.6   -0.456209  0.00496883
         613       -0.44   -0.456183  0.00496079
         614        -0.6   -0.456417  0.00495824
         615       -0.52    -0.45652  0.00495125
         616       -0.36   -0.456364  0.00494569
         617       -0.68   -0.456726  0.00495094
         618       -0.36    -0.45657  0.00494541
         619        -0.6   -0.456801  0.00494284
         620       -0.52   -0.456903  0.00493592
         621       -0.52   -0.457005  0.00492902
         622       -0.68   -0.457363  0.00493411
         623       -0.68   -0.457721  0.00493912
         624       -0.44   -0.457692  0.00493128
         625       -0.52   -0.457792   0.0049244
         626       -0.36   -0.457636  0.00491901
         627        -0.6   -0.457863  0.00491641
         628        -0.6   -0.458089  0.00491378
         629       -0.52   -0.458188  0.00490696
         630       -0.12   -0.457651  0.00492844
         631       -0.44   -0.457623  0.00492071
         632       -0.52   -0.457722  0.00491392
         633       -0.52    -0.45782  0.00490714
         634       -0.36   -0.457666  0.00490182
         635       -0.44   -0.457638  0.00489418
         636       -0.52   -0.457736  0.00488747
         637       -0.52   -0.457834  0.00488077
         638       -0.44   -0.457806   0.0048732
         639       -0.36   -0.457653  0.00486798
         640       -0.36     -0.4575  0.00486277
         641       -0.44   -0.457473  0.00485526
         642       -0.52    -0.45757  0.00484867
         643        -0.6   -0.457792  0.00484619
         644       -0.52   -0.457888  0.00483962
         645       -0.52   -0.457984  0.00483308
         646       -0.52    -0.45808  0.00482655
         647       -0.52   -0.458176  0.00482004
         648       -0.36   -0.458025  0.00481498
         649       -0.36   -0.457874  0.00480993
         650        -0.6   -0.458092   0.0048075
         651       -0.68   -0.458433  0.00481218
         652       -0.76   -0.458896  0.00482698
         653       -0.36   -0.458744  0.00482196
         654       -0.44   -0.458716  0.00481467
         655       -0.52   -0.458809  0.00480823
         656       -0.52   -0.458902  0.00480181
         657       -0.28    -0.45863  0.00480221
         658        -0.6   -0.458845  0.00479972
         659       -0.52   -0.458938  0.00479333
         660       -0.44   -0.458909  0.00478616
         661       -0.44    -0.45888    0.004779
         662       -0.52   -0.458973  0.00477267
         663       -0.44   -0.458944  0.00476556
         664       -0.52   -0.459036  0.00475927
         665       -0.52   -0.459128    0.004753
         666       -0.44   -0.459099  0.00474595
         667       -0.52    -0.45919  0.00473971
         668        -0.6   -0.459401   0.0047373
         669       -0.52   -0.459492  0.00473108
         670       -0.52   -0.459582  0.00472488
         671        -0.6   -0.459791  0.00472247
         672       -0.76   -0.460238  0.00473653
         673       -0.36   -0.460089  0.00473183
         674       -0.28   -0.459822  0.00473235
         675       -0.36   -0.459674  0.00472765
         676        -0.6   -0.459882  0.00472521
         677       -0.36   -0.459734  0.00472054
         678        -0.2   -0.459351  0.00472909
         679       -0.44   -0.459323  0.00472221
         680        -0.2   -0.458941  0.00473064
         681       -0.52   -0.459031  0.00472455
         682        -0.6   -0.459238  0.00472214
         683       -0.44   -0.459209  0.00471531
         684       -0.28   -0.458947  0.00471569
         685       -0.44    -0.45892  0.00470888
         686        -0.6   -0.459125  0.00470651
         687       -0.68   -0.459447  0.00471063
         688        -0.6   -0.459651  0.00470821
         689       -0.44   -0.459623  0.00470146
         690       -0.44   -0.459594  0.00469473
         691       -0.52   -0.459682  0.00468875
         692       -0.68       -0.46  0.00469277
         693       -0.52   -0.460087   0.0046868
         694       -0.36   -0.459942  0.00468227
         695       -0.52   -0.460029  0.00467633
         696       -0.52   -0.460115   0.0046704
         697       -0.44   -0.460086  0.00466379
         698        -0.6   -0.460287  0.00466141
         699       -0.68   -0.460601  0.00466533
         700        -0.6     -0.4608  0.00466291
         701       -0.68   -0.461113  0.00466673
         702       -0.44   -0.461083  0.00466018
         703        -0.6    -0.46128  0.00465774
         704       -0.36   -0.461136  0.00465335
         705       -0.36   -0.460993  0.00464896
         706        -0.2   -0.460623  0.00465705
         707       -0.28   -0.460368  0.00465746
         708       -0.28   -0.460113  0.00465785
         709        -0.2   -0.459746   0.0046657
         710       -0.52   -0.459831   0.0046599
         711       -0.44   -0.459803  0.00465343
         712        -0.6       -0.46  0.00465106
         713       -0.68   -0.460309  0.00465476
         714       -0.44    -0.46028  0.00464833
         715       -0.44   -0.460252  0.00464191
         716       -0.44   -0.460223  0.00463552
         717       -0.44   -0.460195  0.00462914
         718       -0.44   -0.460167  0.00462278
         719       -0.44   -0.460139  0.00461643
         720       -0.44   -0.460111  0.00461011
         721       -0.44   -0.460083   0.0046038
         722        -0.6   -0.460277   0.0046015
         723       -0.36   -0.460138  0.00459722
         724       -0.44    -0.46011  0.00459096
         725        -0.6   -0.460303  0.00458868
         726       -0.28   -0.460055  0.00458907
         727       -0.44   -0.460028  0.00458284
         728       -0.44       -0.46  0.00457663
         729       -0.28   -0.459753  0.00457701
         730       -0.52   -0.459836  0.00457148
         731       -0.44   -0.459808  0.00456531
         732       -0.52   -0.459891  0.00455981
         733       -0.52   -0.459973  0.00455433
         734       -0.44   -0.459946  0.00454821
         735       -0.36    -0.45981  0.00454405
         736       -0.44   -0.459783  0.00453796
         737       -0.36   -0.459647  0.00453382
         738       -0.28   -0.459404   0.0045342
         739       -0.44   -0.459378  0.00452814
         740       -0.52   -0.459459  0.00452277
         741        -0.6   -0.459649  0.00452064
         742       -0.36   -0.459515  0.00451654
         743       -0.36   -0.459381  0.00451245
         744        -0.6    -0.45957  0.00451034
         745        -0.6   -0.459758  0.00450822
         746       -0.36   -0.459625  0.00450416
         747       -0.52   -0.459705  0.00449886
         748       -0.68       -0.46  0.00450247
         749        -0.6   -0.460187  0.00450034
         750       -0.28   -0.459947  0.00450075
         751       -0.36   -0.459814  0.00449672
         752        -0.2   -0.459468  0.00450399
         753       -0.12   -0.459017  0.00452052
         754       -0.36   -0.458886  0.00451643
         755       -0.36   -0.458755  0.00451235
         756       -0.44    -0.45873  0.00450645
         757       -0.36     -0.4586  0.00450238
         758       -0.44   -0.458575  0.00449651
         759       -0.36   -0.458445  0.00449246
         760        -0.6   -0.458632  0.00449041
         761       -0.28   -0.458397  0.00449064
         762       -0.52   -0.458478  0.00448547
         763       -0.44   -0.458453  0.00447966
         764       -0.36   -0.458325  0.00447565
         765       -0.44   -0.458301  0.00446986
         766       -0.52   -0.458381  0.00446475
         767       -0.68    -0.45867  0.00446827
         768        -0.6   -0.458854  0.00446624
         769       -0.68   -0.459142  0.00446968
         770       -0.52   -0.459221  0.00446457
         771        -0.6   -0.459403  0.00446252
         772       -0.68   -0.459689  0.00446587
         773       -0.68   -0.459974  0.00446918
         774        -0.6   -0.460155  0.00446707
         775       -0.44   -0.460129  0.00446138
         776        -0.6   -0.460309  0.00445927
         777       -0.36    -0.46018   0.0044554
         778        -0.2   -0.459846  0.00446221
         779       -0.28   -0.459615  0.00446245
         780       -0.52   -0.459692   0.0044574
         781       -0.36   -0.459565  0.00445352
         782       -0.44    -0.45954  0.00444789
         783       -0.36   -0.459413  0.00444403
         784       -0.44   -0.459388  0.00443843
         785       -0.44   -0.459363  0.00443284
         786       -0.44   -0.459338  0.00442727
         787       -0.44   -0.459314  0.00442171
         788       -0.36   -0.459188   0.0044179
         789       -0.44   -0.459163  0.00441237
         790       -0.36   -0.459038  0.00440857
         791       -0.44   -0.459014  0.00440306
         792       -0.44    -0.45899  0.00439756
         793       -0.44   -0.458966  0.00439208
         794       -0.36   -0.458841  0.00438832
         795       -0.28   -0.458616  0.00438856
         796       -0.36   -0.458492   0.0043848
         797       -0.36   -0.458369  0.00438104
         798       -0.44   -0.458346  0.00437561
         799       -0.36   -0.458223  0.00437186
         800       -0.44     -0.4582  0.00436646
         801       -0.36   -0.458077  0.00436273
         802        -0.2   -0.457756  0.00436914
         803       -0.44   -0.457733  0.00436375
         804       -0.44   -0.457711  0.00435838
         805       -0.28   -0.457491  0.00435855
         806        -0.6   -0.457667  0.00435673
         807       -0.36   -0.457546  0.00435301
         808        -0.2   -0.457228  0.00435928
         809       -0.28   -0.457009  0.00435939
         810       -0.36   -0.456889  0.00435566
         811       -0.52   -0.456967  0.00435098
         812        -0.2    -0.45665  0.00435712
         813       -0.12   -0.456236  0.00437139
         814       -0.36   -0.456118  0.00436762
         815       -0.52   -0.456196  0.00436296
         816       -0.44   -0.456176  0.00435766
         817       -0.44   -0.456157  0.00435237
         818       -0.44   -0.456137  0.00434709
         819       -0.52   -0.456215  0.00434249
         820       -0.28      -0.456   0.0043425
         821       -0.44   -0.455981  0.00433726
         822       -0.36   -0.455864  0.00433355
         823       -0.52   -0.455942  0.00432899
         824       -0.36   -0.455825   0.0043253
         825        -0.6      -0.456  0.00432359
         826       -0.36   -0.455884  0.00431991
         827       -0.44   -0.455865  0.00431473
         828       -0.44   -0.455845  0.00430957
         829        -0.6   -0.456019  0.00430787
         830        -0.6   -0.456193  0.00430617
         831        -0.6   -0.456366  0.00430447
         832        -0.6   -0.456538  0.00430276
         833       -0.68   -0.456807  0.00430594
         834       -0.44   -0.456787  0.00430083
         835        -0.2   -0.456479  0.00430666
         836        -0.2   -0.456172  0.00431242
         837       -0.44   -0.456153  0.00430731
         838       -0.44   -0.456134  0.00430222
         839       -0.44   -0.456114  0.00429713
         840       -0.28   -0.455905  0.00429713
         841       -0.52   -0.455981  0.00429269
         842       -0.36   -0.455867  0.00428911
         843        -0.2   -0.455563  0.00429475
         844       -0.28   -0.455355  0.00429469
         845       -0.28   -0.455148  0.00429462
         846       -0.36   -0.455035  0.00429102
         847       -0.44   -0.455018  0.00428599
         848       -0.44      -0.455  0.00428097
         849       -0.36   -0.454888  0.00427739
         850       -0.36   -0.454776  0.00427381
         851        -0.2   -0.454477  0.00427926
         852       -0.44    -0.45446  0.00427428
         853       -0.28   -0.454256  0.00427415
         854       -0.36   -0.454145  0.00427057
         855        -0.2   -0.453848  0.00427591
         856       -0.44   -0.453832  0.00427095
         857        -0.2   -0.453536  0.00427622
         858       -0.36   -0.453427  0.00427263
         859       -0.52   -0.453504  0.00426836
         860       -0.52   -0.453581  0.00426409
         861       -0.28    -0.45338   0.0042639
         862       -0.36   -0.453271  0.00426033
         863       -0.44   -0.453256  0.00425542
         864       -0.36   -0.453148  0.00425187
         865        -0.6   -0.453318  0.00425034
         866       -0.28   -0.453118  0.00425014
         867       -0.52   -0.453195  0.00424594
         868       -0.44    -0.45318  0.00424107
         869       -0.28    -0.45298  0.00424087
         870       -0.44   -0.452966  0.00423603
         871        -0.6   -0.453134  0.00423452
         872       -0.44   -0.453119   0.0042297
         873       -0.44   -0.453104  0.00422488
         874       -0.44   -0.453089  0.00422007
         875       -0.36   -0.452983  0.00421659
         876       -0.68   -0.453242  0.00421973
         877       -0.52   -0.453318  0.00421561
         878       -0.52   -0.453394  0.00421149
         879       -0.52    -0.45347  0.00420738
         880       -0.44   -0.453455  0.00420263
         881       -0.68   -0.453712  0.00420571
         882       -0.52   -0.453787  0.00420162
         883       -0.28    -0.45359  0.00420147
         884        -0.6   -0.453756  0.00419998
         885        -0.6   -0.453921  0.00419848
         886       -0.28   -0.453725  0.00419833
         887       -0.28   -0.453529  0.00419816
         888       -0.52   -0.453604   0.0041941
         889       -0.44   -0.453588  0.00418941
         890       -0.28   -0.453393  0.00418924
         891       -0.44   -0.453378  0.00418457
         892       -0.44   -0.453363   0.0041799
         893       -0.68   -0.453617  0.00418292
         894        -0.6   -0.453781  0.00418144
         895       -0.52   -0.453855  0.00417743
         896       -0.36    -0.45375  0.00417408
         897       -0.52   -0.453824  0.00417008
         898       -0.36   -0.453719  0.00416674
         899       -0.52   -0.453793  0.00416276
         900        -0.6   -0.453956   0.0041613
         901       -0.52   -0.454029  0.00415733
         902       -0.44   -0.454013  0.00415275
         903       -0.52   -0.454086  0.00414879
         904       -0.68   -0.454336  0.00415172
         905       -0.44    -0.45432  0.00414717
         906       -0.52   -0.454393  0.00414322
         907        -0.6   -0.454553  0.00414176
         908       -0.44   -0.454537  0.00413723
         909       -0.68   -0.454785  0.00414011
         910       -0.44   -0.454769  0.00413559
         911        -0.6   -0.454929  0.00413412
         912       -0.52      -0.455  0.00413021
         913       -0.44   -0.454984  0.00412572
         914       -0.52   -0.455055  0.00412182
         915       -0.28   -0.454863  0.00412175
         916       -0.44   -0.454847  0.00411728
         917       -0.52   -0.454918   0.0041134
         918       -0.44   -0.454902  0.00410896
         919       -0.44   -0.454886  0.00410452
         920       -0.36   -0.454783  0.00410135
         921       -0.28   -0.454593  0.00410129
         922       -0.12    -0.45423  0.00411286
         923       -0.44   -0.454215  0.00410843
         924       -0.36   -0.454113  0.00410525
         925       -0.36   -0.454011  0.00410208
         926       -0.52   -0.454082  0.00409826
         927       -0.44   -0.454067  0.00409387
         928        -0.2   -0.453793   0.0040986
         929       -0.36   -0.453692  0.00409544
         930       -0.36   -0.453591  0.00409227
         931       -0.28   -0.453405  0.00409212
         932       -0.76   -0.453734  0.00410093
         933       -0.68   -0.453976   0.0041037
         934       -0.36   -0.453876  0.00410054
         935       -0.36   -0.453775  0.00409738
         936       -0.44   -0.453761  0.00409303
         937       -0.36   -0.453661  0.00408989
         938       -0.28   -0.453475  0.00408972
         939       -0.44   -0.453461  0.00408539
         940        -0.6   -0.453617  0.00408401
         941       -0.44   -0.453603   0.0040797
         942       -0.44   -0.453588  0.00407539
         943       -0.36   -0.453489  0.00407228
         944       -0.44   -0.453475  0.00406799
         945       -0.44    -0.45346  0.00406371
         946        -0.6   -0.453615  0.00406237
         947       -0.52   -0.453685  0.00405868
         948        -0.6    -0.45384  0.00405733
         949       -0.52   -0.453909  0.00405366
         950       -0.36   -0.453811  0.00405059
         951       -0.52    -0.45388  0.00404693
         952       -0.68   -0.454118  0.00404965
         953       -0.52   -0.454187  0.00404599
         954       -0.52   -0.454256  0.00404233
         955       -0.52   -0.454325  0.00403869
         956       -0.52   -0.454393  0.00403505
         957       -0.36   -0.454295  0.00403204
         958       -0.44    -0.45428  0.00402786
         959       -0.28   -0.454098  0.00402775
         960       -0.44   -0.454083  0.00402358
         961       -0.44   -0.454069  0.00401942
         962       -0.52   -0.454137  0.00401583
         963        -0.6   -0.454289  0.00401452
         964        -0.6    -0.45444   0.0040132
         965        -0.6   -0.454591  0.00401187
         966       -0.52   -0.454658  0.00400829
         967       -0.44   -0.454643  0.00400417
         968       -0.52   -0.454711   0.0040006
         969       -0.36   -0.454613  0.00399767
         970       -0.36   -0.454515  0.00399474
         971       -0.36   -0.454418  0.00399181
         972       -0.44   -0.454403  0.00398773
         973       -0.28   -0.454224  0.00398766
         974       -0.44   -0.454209  0.00398359
         975        -0.6   -0.454359  0.00398231
         976       -0.52   -0.454426   0.0039788
         977       -0.36    -0.45433   0.0039759
         978       -0.44   -0.454315  0.00397186
         979        -0.6   -0.454464  0.00397059
         980       -0.44   -0.454449  0.00396657
         981       -0.52   -0.454516  0.00396309
         982       -0.44   -0.454501  0.00395908
         983       -0.52   -0.454568  0.00395561
         984        -0.6   -0.454715  0.00395435
         985       -0.68   -0.454944  0.00395695
         986       -0.44   -0.454929  0.00395296
         987       -0.44   -0.454914  0.00394899
         988        -0.6   -0.455061  0.00394772
         989       -0.52   -0.455126  0.00394427
         990        -0.6   -0.455273    0.003943
         991       -0.28   -0.455096  0.00394299
         992       -0.28   -0.454919  0.00394296
         993       -0.52   -0.454985  0.00393954
         994       -0.36   -0.454889  0.00393673
         995       -0.52   -0.454955  0.00393332
         996       -0.44    -0.45494   0.0039294
         997       -0.44   -0.454925  0.00392549
         998       -0.44    -0.45491  0.00392158
         999       -0.28   -0.454735  0.00392156
        1000       -0.28    -0.45456  0.00392153
        1001        -0.6   -0.454705   0.0039203
        1002       -0.52    -0.45477  0.00391693
        1003       -0.36   -0.454676  0.00391417
        1004       -0.36   -0.454582   0.0039114
        1005       -0.44   -0.454567  0.00390754
        1006       -0.36   -0.454473  0.00390479
        1007        -0.6   -0.454618  0.00390358
        1008       -0.52   -0.454683  0.00390025
        1009       -0.44   -0.454668  0.00389641
        1010        -0.6   -0.454812  0.00389521
        1011        -0.6   -0.454955    0.003894
        1012       -0.52    -0.45502  0.00389068
        1013       -0.44   -0.455005  0.00388687
        1014       -0.68   -0.455227  0.00388937
        1015       -0.52   -0.455291  0.00388606
        1016       -0.68   -0.455512  0.00388852
        1017       -0.68   -0.455733  0.00389096
        1018        -0.6   -0.455874  0.00388972
        1019       -0.44   -0.455859  0.00388593
        1020       -0.36   -0.455765  0.00388326
        1021        -0.6   -0.455906  0.00388202
        1022       -0.68   -0.456125  0.00388441
        1023        -0.6   -0.456266  0.00388316
        1024       -0.28   -0.456094  0.00388318
        1025       -0.52   -0.456156  0.00387989
        1026       -0.68   -0.456374  0.00388224
        1027        -0.6   -0.456514  0.00388098
        1028       -0.36    -0.45642  0.00387834
        1029       -0.52   -0.456482  0.00387506
        1030       -0.52   -0.456544  0.00387179
        1031       -0.44   -0.456528  0.00386807
        1032       -0.36   -0.456434  0.00386545
        1033       -0.28   -0.456263  0.00386548
        1034       -0.52   -0.456325  0.00386223
        1035       -0.36   -0.456232  0.00385962
        1036        -0.6   -0.456371  0.00385839
        1037       -0.68   -0.456586  0.00386069
        1038       -0.52   -0.456647  0.00385746
        1039       -0.52   -0.456708  0.00385423
        1040        -0.2   -0.456462  0.00385842
        1041       -0.52   -0.456523  0.00385519
        1042       -0.52   -0.456583  0.00385197
        1043       -0.76   -0.456874  0.00385925
        1044        -0.6   -0.457011  0.00385799
        1045       -0.52   -0.457072  0.00385477
        1046       -0.28   -0.456902   0.0038548
        1047       -0.44   -0.456886  0.00385115
        1048       -0.36   -0.456794  0.00384858
        1049       -0.52   -0.456854  0.00384539
        1050       -0.52   -0.456914  0.00384219
        1051        -0.6    -0.45705  0.00384095
        1052       -0.44   -0.457034  0.00383733
        1053        -0.6    -0.45717  0.00383609
        1054       -0.44   -0.457154  0.00383248
        1055        -0.6   -0.457289  0.00383124
        1056        -0.6   -0.457424     0.00383
        1057       -0.68   -0.457635  0.00383216
        1058       -0.52   -0.457694  0.00382899
        1059       -0.52   -0.457753  0.00382583
        1060       -0.52   -0.457811  0.00382267
        1061       -0.36   -0.457719  0.00382018
        1062       -0.36   -0.457627  0.00381769
        1063       -0.44   -0.457611  0.00381413
        1064       -0.52   -0.457669    0.003811
        1065       -0.36   -0.457577  0.00380852
        1066       -0.12   -0.457261  0.00381809
        1067       -0.44   -0.457245  0.00381455
        1068       -0.52   -0.457303  0.00381143
        1069        -0.6   -0.457437   0.0038102
        1070       -0.36   -0.457346  0.00380773
        1071       -0.44    -0.45733  0.00380421
        1072        -0.2    -0.45709  0.00380822
        1073       -0.28   -0.456925  0.00380825
        1074       -0.52   -0.456983  0.00380516
        1075       -0.68   -0.457191  0.00380727
        1076       -0.68   -0.457398  0.00380936
        1077       -0.52   -0.457456  0.00380626
        1078       -0.44    -0.45744  0.00380277
        1079       -0.44   -0.457424  0.00379928
        1080       -0.44   -0.457407  0.00379579
        1081       -0.36   -0.457317  0.00379335
        1082       -0.28   -0.457153  0.00379338
        1083       -0.36   -0.457064  0.00379094
        1084       -0.44   -0.457048  0.00378748
        1085       -0.44   -0.457032  0.00378402
        1086       -0.36   -0.456943  0.00378159
        1087        -0.6   -0.457075   0.0037804
        1088        -0.6   -0.457206  0.00377921
        1089       -0.52   -0.457264  0.00377618
        1090       -0.52   -0.457321  0.00377315
        1091       -0.52   -0.457379  0.00377013
        1092       -0.52   -0.457436  0.00376711
        1093       -0.36   -0.457347  0.00376472
        1094        -0.6   -0.457477  0.00376354
        1095       -0.52   -0.457534  0.00376053
        1096        -0.6   -0.457664  0.00375935
        1097       -0.68   -0.457867  0.00376138
        1098       -0.68   -0.458069  0.00376339
        1099       -0.52   -0.458126  0.00376039
        1100       -0.68   -0.458327  0.00376238
        1101       -0.52   -0.458383  0.00375938
        1102       -0.52   -0.458439  0.00375638
        1103       -0.68    -0.45864  0.00375834
        1104       -0.28   -0.458478  0.00375842
        1105       -0.44   -0.458462  0.00375505
        1106       -0.36   -0.458373  0.00375271
        1107        -0.6     -0.4585   0.0037515
        1108        -0.6   -0.458628  0.00375029
        1109       -0.52   -0.458683  0.00374732
        1110       -0.52   -0.458739  0.00374435
        1111       -0.44   -0.458722  0.00374102
        1112       -0.52   -0.458777  0.00373806
        1113       -0.52   -0.458832  0.00373511
        1114        -0.6   -0.458959   0.0037339
        1115       -0.44   -0.458942  0.00373059
        1116       -0.44   -0.458925  0.00372729
        1117       -0.44   -0.458908  0.00372399
        1118       -0.44   -0.458891   0.0037207
        1119       -0.28   -0.458731   0.0037208
        1120        -0.6   -0.458857  0.00371962
        1121       -0.36   -0.458769  0.00371735
        1122       -0.36   -0.458681  0.00371508
        1123       -0.44   -0.458664   0.0037118
        1124        -0.6    -0.45879  0.00371063
        1125       -0.52   -0.458844  0.00370773
        1126       -0.36   -0.458757  0.00370548
        1127       -0.44    -0.45874  0.00370223
        1128       -0.44   -0.458723  0.00369898
        1129       -0.52   -0.458778   0.0036961
        1130        -0.2   -0.458549  0.00369992
        1131       -0.04   -0.458179  0.00371511
        1132       -0.52   -0.458233  0.00371223
        1133       -0.36   -0.458147  0.00370997
        1134       -0.36    -0.45806   0.0037077
        1135       -0.28   -0.457903  0.00370776
        1136       -0.28   -0.457746   0.0037078
        1137       -0.52   -0.457801  0.00370494
        1138       -0.52   -0.457856  0.00370209
        1139        -0.6   -0.457981  0.00370094
        1140        -0.6   -0.458105  0.00369979
        1141       -0.44   -0.458089  0.00369658
        1142       -0.68   -0.458284  0.00369845
        1143       -0.52   -0.458338  0.00369561
        1144       -0.52   -0.458392  0.00369277
        1145       -0.76   -0.458655  0.00369893
        1146        -0.6   -0.458778  0.00369776
        1147       -0.44   -0.458762  0.00369457
        1148       -0.36   -0.458676  0.00369235
        1149       -0.28    -0.45852  0.00369241
        1150       -0.44   -0.458504  0.00368924
        1151       -0.52   -0.458558  0.00368642
        1152       -0.36   -0.458472  0.00368421
        1153       -0.52   -0.458526   0.0036814
        1154       -0.36    -0.45844   0.0036792
        1155       -0.44   -0.458424  0.00367605
        1156       -0.76   -0.458685  0.00368211
        1157        -0.6   -0.458807  0.00368096
        1158       -0.44   -0.458791  0.00367781
        1159       -0.68   -0.458982  0.00367959
        1160       -0.68   -0.459172  0.00368135
        1161        -0.6   -0.459294  0.00368017
        1162       -0.52   -0.459346  0.00367738
        1163       -0.44   -0.459329  0.00367425
        1164       -0.68   -0.459519  0.00367599
        1165       -0.44   -0.459502  0.00367287
        1166       -0.36   -0.459417  0.00367071
        1167       -0.52   -0.459469  0.00366793
        1168       -0.44   -0.459452  0.00366483
        1169       -0.52   -0.459504  0.00366206
        1170       -0.44   -0.459487  0.00365897
        1171       -0.52   -0.459539  0.00365621
        1172       -0.52    -0.45959  0.00365345
        1173       -0.68   -0.459778  0.00365517
        1174       -0.28   -0.459625  0.00365526
        1175       -0.52   -0.459677  0.00365251
        1176       -0.44    -0.45966  0.00364944
        1177       -0.44   -0.459643  0.00364638
        1178       -0.52   -0.459694  0.00364364
        1179       -0.52   -0.459746  0.00364091
        1180       -0.44   -0.459729  0.00363787
        1181       -0.28   -0.459577  0.00363797
        1182       -0.28   -0.459425  0.00363806
        1183       -0.36   -0.459341  0.00363596
        1184       -0.52   -0.459392  0.00363325
        1185       -0.52   -0.459443  0.00363054
        1186       -0.52   -0.459494  0.00362784
        1187       -0.36    -0.45941  0.00362575
        1188       -0.36   -0.459327  0.00362366
        1189       -0.36   -0.459243  0.00362158
        1190        -0.6   -0.459361  0.00362047
        1191       -0.44   -0.459345  0.00361746
        1192       -0.44   -0.459329  0.00361446
        1193       -0.28   -0.459179  0.00361456
        1194       -0.68   -0.459363  0.00361626
        1195        -0.6   -0.459481  0.00361515
        1196       -0.52   -0.459532  0.00361248
        1197       -0.52   -0.459582  0.00360981
        1198       -0.68   -0.459766  0.00361149
        1199        -0.6   -0.459883  0.00361037
        1200       -0.76   -0.460133  0.00361601
        1201       -0.76   -0.460383  0.00362161
        1202       -0.68   -0.460566   0.0036232
        1203        -0.6   -0.460682  0.00362205
        1204       -0.68   -0.460864  0.00362361
        1205       -0.44   -0.460846  0.00362065
        1206       -0.28   -0.460697  0.00362075
        1207       -0.44   -0.460679  0.00361779
        1208       -0.44   -0.460662  0.00361484
        1209       -0.52   -0.460711  0.00361218
        1210       -0.44   -0.460694  0.00360924
        1211       -0.52   -0.460743  0.00360659
        1212       -0.36    -0.46066  0.00360457
        1213       -0.52   -0.460709  0.00360193
        1214       -0.44   -0.460692    0.003599
        1215       -0.36   -0.460609  0.00359699
        1216       -0.52   -0.460658  0.00359437
        1217       -0.52   -0.460707  0.00359175
        1218       -0.52   -0.460755  0.00358913
        1219        -0.6    -0.46087    0.003588
        1220       -0.52   -0.460918  0.00358539
        1221        -0.2   -0.460704  0.00358881
        1222       -0.36   -0.460622  0.00358682
        1223       -0.44   -0.460605  0.00358393
        1224       -0.28   -0.460458  0.00358404
        1225       -0.28    -0.46031  0.00358414
        1226       -0.36   -0.460228  0.00358215
        1227        -0.2   -0.460016   0.0035855
        1228       -0.36   -0.459935  0.00358351
        1229        -0.2   -0.459723  0.00358683
        1230        -0.6   -0.459837  0.00358572
        1231       -0.44   -0.459821  0.00358285
        1232       -0.36    -0.45974  0.00358085
        1233       -0.36   -0.459659  0.00357886
        1234        -0.6   -0.459773  0.00357777
        1235        -0.6   -0.459887  0.00357667
        1236       -0.52   -0.459935  0.00357411
        1237        -0.6   -0.460049  0.00357301
        1238       -0.36   -0.459968  0.00357104
        1239       -0.68   -0.460145  0.00357257
        1240       -0.76   -0.460387  0.00357787
        1241       -0.44   -0.460371  0.00357502
        1242       -0.44   -0.460354  0.00357218
        1243       -0.28   -0.460209  0.00357225
        1244       -0.52   -0.460257   0.0035697
        1245       -0.44   -0.460241  0.00356687
        1246       -0.44   -0.460225  0.00356405
        1247       -0.44   -0.460209  0.00356123
        1248       -0.44   -0.460192  0.00355841
        1249       -0.76   -0.460432  0.00356365
        1250       -0.52    -0.46048  0.00356112
        1251       -0.36     -0.4604  0.00355917
        1252       -0.44   -0.460383  0.00355637
        1253       -0.36   -0.460303  0.00355443
        1254       -0.44   -0.460287  0.00355164
        1255       -0.36   -0.460207   0.0035497
        1256       -0.28   -0.460064  0.00354978
        1257        -0.2   -0.459857  0.00355298
        1258       -0.28   -0.459714  0.00355303
        1259       -0.44   -0.459698  0.00355024
        1260       -0.44   -0.459683  0.00354746
        1261       -0.52    -0.45973  0.00354497
        1262        -0.6   -0.459842   0.0035439
        1263       -0.36   -0.459762  0.00354197
        1264       -0.36   -0.459684  0.00354005
        1265       -0.28   -0.459542   0.0035401
        1266        -0.6   -0.459652  0.00353904
        1267       -0.68   -0.459826  0.00354052
        1268        -0.6   -0.459937  0.00353945
        1269       -0.44   -0.459921   0.0035367
        1270       -0.52   -0.459969  0.00353423
        1271       -0.44   -0.459953  0.00353149
        1272       -0.52       -0.46  0.00352902
        1273       -0.52   -0.460047  0.00352657
        1274       -0.12    -0.45978  0.00353389
        1275       -0.44   -0.459765  0.00353115
        1276       -0.52   -0.459812   0.0035287
        1277       -0.28   -0.459671  0.00352874
        1278       -0.52   -0.459718   0.0035263
        1279       -0.44   -0.459703  0.00352357
        1280        -0.6   -0.459813  0.00352252
        1281        -0.6   -0.459922  0.00352147
        1282        -0.6   -0.460031  0.00352042
        1283       -0.52   -0.460078  0.00351799
        1284       -0.52   -0.460125  0.00351556
        1285       -0.52   -0.460171  0.00351313
        1286       -0.52   -0.460218  0.00351071
        1287        -0.6   -0.460326  0.00350966
        1288       -0.36   -0.460248   0.0035078
        1289       -0.52   -0.460295  0.00350538
        1290       -0.68   -0.460465   0.0035068
        1291       -0.36   -0.460387  0.00350495
        1292       -0.44   -0.460372  0.00350227
        1293       -0.44   -0.460356   0.0034996
        1294       -0.52   -0.460402   0.0034972
        1295       -0.36   -0.460324  0.00349535
        1296       -0.44   -0.460309  0.00349269
        1297       -0.36   -0.460231  0.00349086
        1298       -0.44   -0.460216   0.0034882
        1299       -0.28   -0.460077  0.00348827
        1300        -0.2   -0.459877  0.00349132
        1301       -0.52   -0.459923  0.00348895
        1302        -0.6   -0.460031  0.00348792
        1303       -0.44   -0.460015  0.00348528
        1304       -0.52   -0.460061  0.00348291
        1305       -0.68    -0.46023  0.00348432
        1306       -0.52   -0.460276  0.00348195
        1307       -0.36   -0.460199  0.00348013
        1308       -0.52   -0.460245  0.00347777
        1309        -0.6   -0.460351  0.00347675
        1310        -0.6   -0.460458  0.00347573
        1311       -0.44   -0.460442  0.00347312
        1312       -0.36   -0.460366  0.00347131
        1313       -0.36   -0.460289  0.00346951
        1314       -0.52   -0.460335  0.00346717
        1315       -0.52    -0.46038  0.00346483
        1316       -0.28   -0.460243  0.00346491
        1317        -0.2   -0.460046   0.0034679
        1318       -0.36    -0.45997   0.0034661
        1319       -0.36   -0.459894  0.00346431
        1320       -0.52   -0.459939  0.00346198
        1321       -0.44   -0.459924  0.00345939
        1322       -0.52    -0.45997  0.00345707
        1323       -0.36   -0.459894  0.00345529
        1324       -0.36   -0.459819   0.0034535
        1325       -0.36   -0.459743  0.00345172
        1326       -0.28   -0.459608  0.00345177
        1327       -0.44   -0.459593   0.0034492
        1328       -0.36   -0.459518  0.00344742
        1329        -0.2   -0.459323  0.00345035
        1330       -0.44   -0.459308  0.00344779
        1331       -0.36   -0.459234  0.00344601
        1332       -0.36   -0.459159  0.00344422
        1333       -0.28   -0.459025  0.00344426
        1334       -0.52    -0.45907  0.00344198
        1335       -0.52   -0.459116  0.00343971
        1336        -0.6   -0.459222  0.00343875
        1337       -0.44   -0.459207  0.00343621
        1338       -0.52   -0.459253  0.00343394
        1339       -0.52   -0.459298  0.00343167
        1340       -0.52   -0.459343  0.00342941
        1341       -0.44   -0.459329  0.00342689
        1342       -0.44   -0.459314  0.00342436
        1343       -0.44     -0.4593  0.00342184
        1344        -0.6   -0.459405   0.0034209
        1345       -0.68   -0.459569  0.00342228
        1346       -0.76   -0.459792  0.00342701
        1347       -0.52   -0.459837  0.00342476
        1348        -0.6   -0.459941   0.0034238
        1349       -0.44   -0.459926  0.00342129
        1350       -0.44   -0.459911  0.00341879
        1351       -0.36   -0.459837  0.00341706
        1352       -0.52   -0.459882  0.00341482
        1353       -0.68   -0.460044  0.00341617
        1354        -0.6   -0.460148  0.00341521
        1355        -0.6   -0.460251  0.00341425
        1356       -0.44   -0.460236  0.00341176
        1357        -0.6   -0.460339   0.0034108
        1358       -0.36   -0.460265  0.00340909
        1359       -0.68   -0.460427  0.00341042
        1360       -0.44   -0.460412  0.00340794
        1361       -0.44   -0.460397  0.00340547
        1362       -0.68   -0.460558  0.00340678
        1363       -0.68   -0.460719  0.00340809
        1364        -0.6   -0.460821  0.00340712
        1365       -0.44   -0.460806  0.00340466
        1366       -0.44   -0.460791   0.0034022
        1367       -0.44   -0.460775  0.00339974
        1368       -0.52   -0.460819  0.00339753
        1369       -0.44   -0.460804  0.00339509
        1370       -0.52   -0.460847  0.00339288
        1371       -0.44   -0.460832  0.00339044
        1372        -0.2   -0.460641   0.0033933
        1373       -0.36   -0.460568  0.00339162
        1374       -0.36   -0.460495  0.00338994
        1375       -0.36   -0.460422  0.00338826
        1376       -0.44   -0.460407  0.00338583
        1377        -0.6   -0.460508  0.00338489
        1378       -0.44   -0.460493  0.00338247
        1379       -0.52   -0.460537  0.00338029
        1380        -0.2   -0.460348  0.00338311
        1381       -0.52   -0.460391  0.00338093
        1382        -0.6   -0.460492  0.00337999
        1383       -0.44   -0.460477  0.00337758
        1384       -0.44   -0.460462  0.00337518
        1385        -0.6   -0.460563  0.00337424
        1386       -0.44   -0.460548  0.00337184
        1387       -0.44   -0.460534  0.00336944
        1388       -0.28   -0.460403  0.00336952
        1389       -0.12   -0.460158    0.003376
        1390       -0.36   -0.460086  0.00337434
        1391       -0.52   -0.460129  0.00337219
        1392       -0.52   -0.460172  0.00337004
        1393       -0.44   -0.460158  0.00336765
        1394       -0.44   -0.460143  0.00336527
        1395       -0.28   -0.460014  0.00336533
        1396       -0.44       -0.46  0.00336295
        1397        -0.6     -0.4601  0.00336204
        1398       -0.52   -0.460143   0.0033599
        1399       -0.52   -0.460186  0.00335777
        1400       -0.36   -0.460114  0.00335614
        1401       -0.36   -0.460043   0.0033545
        1402       -0.52   -0.460086  0.00335238
        1403       -0.52   -0.460128  0.00335027
        1404        -0.2   -0.459943    0.003353
        1405       -0.28   -0.459815  0.00335306
        1406       -0.36   -0.459744  0.00335142
        1407       -0.52   -0.459787  0.00334932
        1408       -0.52    -0.45983  0.00334721
        1409       -0.36   -0.459759  0.00334558
        1410       -0.12   -0.459518  0.00335188
        1411       -0.36   -0.459447  0.00335024
        1412       -0.44   -0.459433   0.0033479
        1413       -0.36   -0.459363  0.00334627
        1414       -0.44   -0.459349  0.00334393
        1415       -0.52   -0.459392  0.00334184
        1416       -0.44   -0.459379  0.00333951
        1417       -0.52   -0.459421  0.00333743
        1418       -0.36   -0.459351  0.00333581
        1419       -0.36   -0.459281  0.00333419
        1420       -0.28   -0.459155  0.00333424
        1421       -0.44   -0.459141  0.00333192
        1422       -0.44   -0.459128   0.0033296
        1423       -0.36   -0.459058  0.00332799
        1424        -0.2   -0.458876  0.00333062
        1425        -0.6   -0.458975  0.00332976
        1426        -0.6   -0.459074  0.00332889
        1427       -0.52   -0.459117  0.00332683
        1428        -0.2   -0.458936  0.00332945
        1429        -0.6   -0.459034  0.00332858
        1430       -0.52   -0.459077  0.00332652
        1431        -0.6   -0.459175  0.00332566
        1432       -0.68    -0.45933  0.00332691
        1433       -0.68   -0.459484  0.00332815
        1434       -0.52   -0.459526   0.0033261
        1435       -0.68   -0.459679  0.00332732
        1436        -0.6   -0.459777  0.00332644
        1437       -0.36   -0.459708  0.00332485
        1438       -0.36   -0.459638  0.00332326
        1439        -0.6   -0.459736  0.00332238
        1440       -0.68   -0.459889   0.0033236
        1441       -0.68   -0.460042   0.0033248
        1442       -0.52   -0.460083  0.00332275
        1443       -0.44   -0.460069  0.00332048
        1444       -0.44   -0.460055  0.00331821
        1445       -0.36   -0.459986  0.00331663
        1446       -0.28   -0.459862  0.00331667
        1447       -0.52   -0.459903  0.00331464
        1448       -0.44    -0.45989  0.00331238
        1449       -0.28   -0.459765  0.00331242
        1450       -0.36   -0.459697  0.00331085
        1451       -0.52   -0.459738  0.00330883
        1452       -0.28   -0.459614  0.00330887
        1453       -0.28   -0.459491   0.0033089
        1454       -0.36   -0.459422  0.00330733
        1455       -0.52   -0.459464  0.00330532
        1456        -0.6    -0.45956  0.00330446
        1457       -0.52   -0.459602  0.00330245
        1458        -0.2   -0.459424  0.00330498
        1459       -0.36   -0.459356  0.00330342
        1460       -0.28   -0.459233  0.00330344
        1461       -0.36   -0.459165  0.00330188
        1462       -0.36   -0.459097  0.00330031
        1463       -0.52   -0.459139  0.00329832
        1464       -0.68    -0.45929  0.00329952
        1465       -0.68    -0.45944   0.0033007
        1466       -0.68   -0.459591  0.00330188
        1467        -0.6   -0.459686  0.00330101
        1468       -0.44   -0.459673  0.00329879
        1469       -0.36   -0.459605  0.00329724
        1470        -0.6   -0.459701  0.00329638
        1471       -0.36   -0.459633  0.00329484
        1472        -0.2   -0.459457  0.00329732
        1473       -0.36   -0.459389  0.00329577
        1474       -0.28   -0.459267  0.00329578
        1475       -0.36     -0.4592  0.00329424
        1476       -0.52   -0.459241  0.00329226
        1477       -0.44   -0.459228  0.00329006
        1478        -0.6   -0.459323  0.00328921
        1479       -0.44    -0.45931  0.00328701
        1480       -0.44   -0.459297  0.00328482
        1481       -0.52   -0.459338  0.00328285
        1482       -0.44   -0.459325  0.00328067
        1483        -0.6    -0.45942  0.00327982
        1484       -0.44   -0.459407  0.00327764
        1485       -0.52   -0.459448  0.00327569
        1486       -0.52   -0.459489  0.00327374
        1487       -0.68   -0.459637  0.00327489
        1488       -0.44   -0.459624  0.00327272
        1489        -0.6   -0.459718  0.00327188
        1490       -0.52   -0.459758  0.00326993
        1491       -0.36   -0.459691  0.00326842
        1492       -0.44   -0.459678  0.00326626
        1493       -0.68   -0.459826   0.0032674
        1494       -0.44   -0.459813  0.00326524
        1495       -0.28   -0.459692  0.00326527
        1496       -0.52   -0.459733  0.00326334
        1497       -0.36   -0.459666  0.00326184
        1498       -0.28   -0.459546  0.00326187
        1499       -0.36    -0.45948  0.00326037
        1500       -0.28    -0.45936  0.00326039
        1501       -0.44   -0.459347  0.00325824
        1502        -0.6   -0.459441  0.00325742
        1503        -0.2   -0.459268  0.00325982
        1504        -0.6   -0.459362    0.003259
        1505       -0.44   -0.459349  0.00325686
        1506       -0.44   -0.459336  0.00325472
        1507       -0.44   -0.459323  0.00325258
        1508       -0.36   -0.459257  0.00325109
        1509       -0.28   -0.459139  0.00325111
        1510       -0.36   -0.459073  0.00324962
        1511       -0.52   -0.459113  0.00324772
        1512       -0.44   -0.459101  0.00324559
        1513       -0.44   -0.459088  0.00324347
        1514       -0.12   -0.458864  0.00324906
        1515       -0.36   -0.458799  0.00324757
        1516       -0.44   -0.458786  0.00324545
        1517       -0.44   -0.458774  0.00324333
        1518       -0.52   -0.458814  0.00324145
        1519       -0.36   -0.458749  0.00323996
        1520       -0.44   -0.458737  0.00323786
        1521       -0.28   -0.458619  0.00323786
        1522       -0.36   -0.458555  0.00323638
        1523       -0.36    -0.45849   0.0032349
        1524       -0.36   -0.458425  0.00323343
        1525       -0.52   -0.458466  0.00323156
        1526       -0.52   -0.458506  0.00322969
        1527       -0.52   -0.458546  0.00322783
        1528       -0.36   -0.458482  0.00322636
        1529       -0.44    -0.45847  0.00322427
        1530       -0.44   -0.458458  0.00322219
        1531       -0.44   -0.458445   0.0032201
        1532       -0.44   -0.458433  0.00321802
        1533       -0.36   -0.458369  0.00321657
        1534       -0.36   -0.458305  0.00321511
        1535       -0.28   -0.458189  0.00321511
        1536        -0.2   -0.458021  0.00321741
        1537       -0.44   -0.458009  0.00321534
        1538       -0.36   -0.457945  0.00321388
        1539       -0.44   -0.457934  0.00321181
        1540       -0.36    -0.45787  0.00321036
        1541       -0.44   -0.457859  0.00320829
        1542       -0.36   -0.457795  0.00320684
        1543       -0.44   -0.457784  0.00320478
        1544       -0.28   -0.457668  0.00320477
        1545       -0.36   -0.457605  0.00320332
        1546       -0.36   -0.457542  0.00320187
        1547        -0.6   -0.457634  0.00320113
        1548       -0.52   -0.457674  0.00319931
        1549       -0.44   -0.457663  0.00319727
        1550        -0.6   -0.457755  0.00319652
        1551       -0.36   -0.457692  0.00319508
        1552        -0.6   -0.457784  0.00319434
        1553       -0.12   -0.457566  0.00319968
        1554        -0.2     -0.4574  0.00320191
        1555       -0.44   -0.457389  0.00319987
        1556       -0.52   -0.457429  0.00319807
        1557       -0.52   -0.457469  0.00319627
        1558       -0.44   -0.457458  0.00319424
        1559       -0.44   -0.457447  0.00319221
        1560       -0.44   -0.457436  0.00319018
        1561       -0.36   -0.457373  0.00318875
        1562       -0.52   -0.457414  0.00318696
        1563       -0.44   -0.457402  0.00318494
        1564       -0.36    -0.45734  0.00318351
        1565        -0.2   -0.457176  0.00318572
        1566       -0.44   -0.457165   0.0031837
        1567       -0.44   -0.457154  0.00318169
        1568       -0.36   -0.457092  0.00318027
        1569       -0.52   -0.457132  0.00317849
        1570       -0.44   -0.457121  0.00317649
        1571        -0.2   -0.456957  0.00317868
        1572       -0.44   -0.456947  0.00317667
        1573       -0.36   -0.456885  0.00317525
        1574       -0.52   -0.456925  0.00317349
        1575       -0.52   -0.456965  0.00317173
        1576        -0.6   -0.457056  0.00317101
        1577       -0.36   -0.456994   0.0031696
        1578       -0.52   -0.457034  0.00316784
        1579        -0.6   -0.457125  0.00316713
        1580        -0.6   -0.457215  0.00316641
        1581       -0.28   -0.457103  0.00316639
        1582       -0.52   -0.457143  0.00316464
        1583        -0.6   -0.457233  0.00316393
        1584        -0.6   -0.457323  0.00316322
        1585       -0.44   -0.457312  0.00316124
        1586       -0.68   -0.457453  0.00316236
        1587       -0.52   -0.457492  0.00316062
        1588       -0.44   -0.457481  0.00315864
        1589       -0.52    -0.45752   0.0031569
        1590       -0.36   -0.457459  0.00315551
        1591        -0.6   -0.457549   0.0031548
        1592        -0.6   -0.457638  0.00315409
        1593       -0.44   -0.457627  0.00315213
        1594       -0.28   -0.457516  0.00315212
        1595        -0.6   -0.457605  0.00315141
        1596        -0.6   -0.457694   0.0031507
        1597        -0.6   -0.457783  0.00314998
        1598       -0.36   -0.457722  0.00314861
        1599        -0.6   -0.457811  0.00314789
        1600        -0.6     -0.4579  0.00314718
        1601        -0.2   -0.457739  0.00314933
        1602       -0.28   -0.457628  0.00314932
        1603       -0.44   -0.457617  0.00314738
        1604       -0.36   -0.457556    0.003146
        1605       -0.36   -0.457495  0.00314463
        1606       -0.36   -0.457435  0.00314326
        1607       -0.36   -0.457374  0.00314189
        1608       -0.36   -0.457313  0.00314052
        1609       -0.52   -0.457352  0.00313881
        1610        -0.6   -0.457441  0.00313811
        1611        -0.6   -0.457529  0.00313741
        1612       -0.28   -0.457419  0.00313739
        1613        -0.2    -0.45726   0.0031395
        1614       -0.52   -0.457299   0.0031378
        1615        -0.6   -0.457387   0.0031371
        1616       -0.36   -0.457327  0.00313574
        1617       -0.36   -0.457267  0.00313438
        1618       -0.44   -0.457256  0.00313246
        1619       -0.36   -0.457196   0.0031311
        1620       -0.44   -0.457185  0.00312918
        1621       -0.44   -0.457175  0.00312727
        1622       -0.36   -0.457115  0.00312592
        1623       -0.36   -0.457055  0.00312456
        1624       -0.36   -0.456995  0.00312321
        1625       -0.36   -0.456935  0.00312186
        1626       -0.44   -0.456925  0.00311996
        1627       -0.44   -0.456915  0.00311806
        1628       -0.36   -0.456855  0.00311671
        1629       -0.44   -0.456845  0.00311481
        1630       -0.44   -0.456834  0.00311292
        1631       -0.28   -0.456726   0.0031129
        1632       -0.52   -0.456765  0.00311123
        1633       -0.52   -0.456803  0.00310957
        1634       -0.28   -0.456695  0.00310955
        1635       -0.52   -0.456734  0.00310789
        1636       -0.36   -0.456675  0.00310655
        1637       -0.52   -0.456714  0.00310489
        1638       -0.36   -0.456654  0.00310356
        1639       -0.36   -0.456595  0.00310222
        1640       -0.36   -0.456537  0.00310089
        1641       -0.36   -0.456478  0.00309956
        1642        -0.2   -0.456322  0.00310161
        1643       -0.52    -0.45636  0.00309996
        1644        -0.6   -0.456448  0.00309931
        1645       -0.36   -0.456389  0.00309798
        1646       -0.52   -0.456428  0.00309633
        1647       -0.44   -0.456418  0.00309447
        1648       -0.52   -0.456456  0.00309283
        1649        -0.6   -0.456543  0.00309218
        1650       -0.44   -0.456533  0.00309032
        1651       -0.44   -0.456523  0.00308847
        1652       -0.44   -0.456513  0.00308662
        1653       -0.36   -0.456455   0.0030853
        1654       -0.28   -0.456348  0.00308528
        1655       -0.28   -0.456242  0.00308525
        1656        -0.2   -0.456087  0.00308727
        1657       -0.44   -0.456077  0.00308542
        1658       -0.44   -0.456068  0.00308358
        1659       -0.36    -0.45601  0.00308226
        1660       -0.52   -0.456048  0.00308065
        1661       -0.44   -0.456039  0.00307881
        1662       -0.36   -0.455981   0.0030775
        1663       -0.28   -0.455875  0.00307746
        1664        -0.6   -0.455962  0.00307683
        1665       -0.36   -0.455904  0.00307552
        1666       -0.36   -0.455846  0.00307422
        1667       -0.36   -0.455789  0.00307291
        1668       -0.36   -0.455731   0.0030716
        1669       -0.36   -0.455674   0.0030703
        1670       -0.36   -0.455617    0.003069
        1671       -0.28   -0.455512  0.00306896
        1672       -0.44   -0.455502  0.00306714
        1673       -0.44   -0.455493  0.00306532
        1674       -0.52   -0.455532  0.00306373
        1675        -0.6   -0.455618  0.00306311
        1676       -0.28   -0.455513  0.00306308
        1677       -0.28   -0.455408  0.00306304
        1678       -0.52   -0.455447  0.00306145
        1679        -0.6   -0.455533  0.00306084
        1680       -0.44   -0.455524  0.00305903
        1681       -0.28   -0.455419    0.003059
        1682       -0.44    -0.45541  0.00305719
        1683       -0.36   -0.455354   0.0030559
        1684       -0.44   -0.455344   0.0030541
        1685       -0.36   -0.455288  0.00305281
        1686       -0.44   -0.455279  0.00305101
        1687        -0.6   -0.455365  0.00305041
        1688       -0.68   -0.455498   0.0030515
        1689        -0.6   -0.455583   0.0030509
        1690        -0.6   -0.455669  0.00305029
        1691       -0.44   -0.455659   0.0030485
        1692       -0.12   -0.455461  0.00305314
        1693       -0.36   -0.455405  0.00305186
        1694       -0.36   -0.455348  0.00305058
        1695       -0.52   -0.455386  0.00304902
        1696       -0.44   -0.455377  0.00304723
        1697       -0.28   -0.455274  0.00304719
        1698       -0.36   -0.455218  0.00304591
        1699       -0.44   -0.455209  0.00304413
        1700       -0.68   -0.455341  0.00304521
        1701       -0.52   -0.455379  0.00304366
        1702        -0.6   -0.455464  0.00304306
        1703        -0.6   -0.455549  0.00304245
        1704       -0.36   -0.455493  0.00304119
        1705       -0.52   -0.455531  0.00303964
        1706       -0.52   -0.455569  0.00303809
        1707       -0.44   -0.455559  0.00303632
        1708       -0.52   -0.455597  0.00303478
        1709       -0.44   -0.455588  0.00303302
        1710       -0.52   -0.455626  0.00303148
        1711       -0.36    -0.45557  0.00303022
        1712       -0.52   -0.455607  0.00302869
        1713       -0.44   -0.455598  0.00302693
        1714       -0.52   -0.455636   0.0030254
        1715        -0.6    -0.45572  0.00302481
        1716        -0.6   -0.455804  0.00302421
        1717       -0.52   -0.455842  0.00302268
        1718       -0.36   -0.455786  0.00302144
        1719       -0.52   -0.455823  0.00301991
        1720       -0.44   -0.455814  0.00301817
        1721       -0.44   -0.455805  0.00301643
        1722       -0.44   -0.455796  0.00301469
        1723       -0.36    -0.45574  0.00301345
        1724       -0.36   -0.455684  0.00301222
        1725       -0.36   -0.455629  0.00301098
        1726       -0.52   -0.455666  0.00300947
        1727        -0.6    -0.45575  0.00300889
        1728       -0.68    -0.45588  0.00300994
        1729       -0.44    -0.45587  0.00300821
        1730       -0.28   -0.455769  0.00300819
        1731       -0.52   -0.455806  0.00300668
        1732       -0.52   -0.455843  0.00300518
        1733       -0.52    -0.45588  0.00300367
        1734       -0.28   -0.455779  0.00300365
        1735       -0.52   -0.455816  0.00300215
        1736       -0.28   -0.455714  0.00300213
        1737       -0.68   -0.455843  0.00300317
        1738        -0.6   -0.455926  0.00300259
        1739       -0.36   -0.455871  0.00300137
        1740       -0.52   -0.455908  0.00299987
        1741       -0.36   -0.455853  0.00299865
        1742       -0.52    -0.45589  0.00299716
        1743       -0.52   -0.455927  0.00299567
        1744        -0.6   -0.456009  0.00299509
        1745       -0.52   -0.456046  0.00299359
        1746       -0.44   -0.456037  0.00299189
        1747        -0.6   -0.456119  0.00299132
        1748       -0.36   -0.456064  0.00299011
        1749       -0.36   -0.456009   0.0029889
        1750       -0.44      -0.456  0.00298721
        1751       -0.28   -0.455899   0.0029872
        1752       -0.44    -0.45589   0.0029855
        1753        -0.6   -0.455973  0.00298493
        1754       -0.44   -0.455964  0.00298324
        1755       -0.28   -0.455863  0.00298323
        1756       -0.44   -0.455854  0.00298154
        1757       -0.52   -0.455891  0.00298007
        1758       -0.52   -0.455927   0.0029786
        1759       -0.44   -0.455918  0.00297692
        1760       -0.28   -0.455818  0.00297691
        1761       -0.28   -0.455718  0.00297689
        1762       -0.44   -0.455709  0.00297521
        1763       -0.44   -0.455701  0.00297354
        1764       -0.44   -0.455692  0.00297187
        1765       -0.28   -0.455592  0.00297185
        1766       -0.44   -0.455583  0.00297018
        1767       -0.52    -0.45562  0.00296872
        1768        -0.6   -0.455701  0.00296817
        1769       -0.68   -0.455828  0.00296919
        1770       -0.52   -0.455864  0.00296774
        1771       -0.44   -0.455855  0.00296608
        1772       -0.44   -0.455847  0.00296442
        1773       -0.44   -0.455838  0.00296276
        1774       -0.52   -0.455874  0.00296131
        1775       -0.52    -0.45591  0.00295986
        1776        -0.6   -0.455991  0.00295931
        1777       -0.36   -0.455937  0.00295813
        1778       -0.52   -0.455973  0.00295669
        1779       -0.52   -0.456009  0.00295525
        1780       -0.52   -0.456045   0.0029538
        1781       -0.52   -0.456081  0.00295236
        1782       -0.52   -0.456117  0.00295092
        1783       -0.52   -0.456153  0.00294949
        1784       -0.36   -0.456099  0.00294833
        1785        -0.2   -0.455955  0.00295016
        1786       -0.44   -0.455946  0.00294853
        1787       -0.36   -0.455893  0.00294736
        1788       -0.44   -0.455884  0.00294573
        1789       -0.44   -0.455875   0.0029441
        1790       -0.36   -0.455821  0.00294294
        1791       -0.44   -0.455812  0.00294131
        1792       -0.44   -0.455804  0.00293968
        1793       -0.36    -0.45575  0.00293853
        1794        -0.2   -0.455608  0.00294034
        1795        -0.2   -0.455465  0.00294215
        1796       -0.28   -0.455367  0.00294214
        1797       -0.36   -0.455314  0.00294098
        1798       -0.44   -0.455306  0.00293935
        1799       -0.44   -0.455297  0.00293773
        1800       -0.36   -0.455244  0.00293658
        1801       -0.44   -0.455236  0.00293496
        1802       -0.44   -0.455228  0.00293334
        1803       -0.36   -0.455175  0.00293219
        1804       -0.52   -0.455211  0.00293079
        1805       -0.44   -0.455202  0.00292917
        1806       -0.52   -0.455238  0.00292777
        1807       -0.36   -0.455185  0.00292663
        1808        -0.6   -0.455265   0.0029261
        1809        -0.6   -0.455345  0.00292558
        1810        -0.6   -0.455425  0.00292505
        1811       -0.52   -0.455461  0.00292366
        1812       -0.28   -0.455364  0.00292365
        1813       -0.44   -0.455356  0.00292205
        1814       -0.28   -0.455259  0.00292203
        1815       -0.36   -0.455207  0.00292089
        1816        -0.6   -0.455286  0.00292037
        1817       -0.52   -0.455322  0.00291898
        1818       -0.68   -0.455446  0.00291999
        1819       -0.36   -0.455393  0.00291886
        1820       -0.36   -0.455341  0.00291773
        1821       -0.68   -0.455464  0.00291873
        1822        -0.6   -0.455543  0.00291821
        1823        -0.6   -0.455623  0.00291768
        1824        -0.6   -0.455702  0.00291716
        1825        -0.6   -0.455781  0.00291663
        1826       -0.44   -0.455772  0.00291504
        1827       -0.44   -0.455764  0.00291346
        1828       -0.36   -0.455711  0.00291234
        1829       -0.52   -0.455746  0.00291096
        1830        -0.6   -0.455825  0.00291044
        1831       -0.76   -0.455991  0.00291358
        1832        -0.6    -0.45607  0.00291305
        1833       -0.52   -0.456105  0.00291167
        1834        -0.6   -0.456183  0.00291114
        1835       -0.76   -0.456349  0.00291426
        1836        -0.6   -0.456427  0.00291372
        1837       -0.76   -0.456592  0.00291682
        1838       -0.68   -0.456714  0.00291776
        1839       -0.44   -0.456705  0.00291619
        1840       -0.28   -0.456609  0.00291619
        1841       -0.36   -0.456556  0.00291508
        1842       -0.44   -0.456547  0.00291351
        1843       -0.28   -0.456451   0.0029135
        1844       -0.44   -0.456443  0.00291193
        1845       -0.36    -0.45639  0.00291082
        1846        -0.6   -0.456468  0.00291029
        1847        -0.6   -0.456546  0.00290975
        1848       -0.52    -0.45658  0.00290838
        1849       -0.36   -0.456528  0.00290727
        1850       -0.52   -0.456562   0.0029059
        1851        -0.6    -0.45664  0.00290537
        1852        -0.6   -0.456717  0.00290483
        1853       -0.68   -0.456838  0.00290576
        1854       -0.76   -0.457001  0.00290879
        1855        -0.6   -0.457078  0.00290824
        1856       -0.68   -0.457198  0.00290916
        1857       -0.44   -0.457189   0.0029076
        1858       -0.52   -0.457223  0.00290623
        1859        -0.6     -0.4573  0.00290569
        1860       -0.52   -0.457333  0.00290432
        1861       -0.52   -0.457367  0.00290295
        1862       -0.36   -0.457315  0.00290187
        1863       -0.28    -0.45722  0.00290187
        1864       -0.28   -0.457124  0.00290187
        1865       -0.36   -0.457072  0.00290078
        1866       -0.44   -0.457063  0.00289924
        1867       -0.52   -0.457097  0.00289788
        1868        -0.2   -0.456959   0.0028996
        1869       -0.44    -0.45695  0.00289806
        1870       -0.44   -0.456941  0.00289653
        1871       -0.44   -0.456932  0.00289499
        1872        -0.6   -0.457009  0.00289445
        1873        -0.6   -0.457085  0.00289392
        1874       -0.28    -0.45699  0.00289391
        1875       -0.44   -0.456981  0.00289238
        1876       -0.36    -0.45693   0.0028913
        1877       -0.28   -0.456835   0.0028913
        1878       -0.44   -0.456826  0.00288977
        1879       -0.52    -0.45686  0.00288843
        1880        -0.6   -0.456936   0.0028879
        1881       -0.68   -0.457055   0.0028888
        1882        -0.6   -0.457131  0.00288826
        1883       -0.36   -0.457079  0.00288719
        1884       -0.28   -0.456985  0.00288718
        1885       -0.36   -0.456934  0.00288611
        1886       -0.28    -0.45684  0.00288611
        1887       -0.52   -0.456873  0.00288477
        1888       -0.52   -0.456907  0.00288344
        1889        -0.6   -0.456983   0.0028829
        1890       -0.52   -0.457016  0.00288157
        1891       -0.36   -0.456965   0.0028805
        1892       -0.12   -0.456786  0.00288448
        1893       -0.44   -0.456778  0.00288297
        1894       -0.28   -0.456684  0.00288296
        1895       -0.28   -0.456591  0.00288295
        1896        -0.6   -0.456667  0.00288242
        1897        -0.6   -0.456742  0.00288189
        1898       -0.52   -0.456776  0.00288056
        1899        -0.6   -0.456851  0.00288003
        1900       -0.36     -0.4568  0.00287897
        1901       -0.36   -0.456749   0.0028779
        1902       -0.28   -0.456656  0.00287789
        1903       -0.44   -0.456647  0.00287639
        1904        -0.6   -0.456723  0.00287587
        1905       -0.44   -0.456714  0.00287437
        1906       -0.36   -0.456663  0.00287331
        1907       -0.52   -0.456696    0.002872
        1908       -0.52    -0.45673  0.00287068
        1909       -0.44   -0.456721  0.00286919
        1910       -0.44   -0.456712   0.0028677
        1911       -0.84   -0.456913  0.00287321
        1912       -0.68   -0.457029  0.00287407
        1913        -0.6   -0.457104  0.00287354
        1914        -0.2    -0.45697  0.00287518
        1915       -0.44   -0.456961  0.00287369
        1916       -0.44   -0.456952   0.0028722
        1917       -0.28    -0.45686  0.00287219
        1918       -0.36   -0.456809  0.00287114
        1919        -0.2   -0.456675  0.00287276
        1920       -0.44   -0.456667  0.00287127
        1921       -0.44   -0.456658  0.00286979
        1922       -0.36   -0.456608  0.00286874
        1923        -0.6   -0.456682  0.00286822
        1924       -0.44   -0.456674  0.00286674
        1925        -0.6   -0.456748  0.00286622
        1926        -0.6   -0.456822  0.00286569
        1927       -0.36   -0.456772  0.00286465
        1928       -0.28    -0.45668  0.00286463
        1929       -0.28   -0.456589  0.00286461
        1930       -0.44    -0.45658  0.00286314
        1931       -0.44   -0.456572  0.00286167
        1932        -0.2   -0.456439  0.00286326
        1933       -0.52   -0.456472  0.00286197
        1934       -0.52   -0.456505  0.00286068
        1935       -0.28   -0.456413  0.00286066
        1936       -0.36   -0.456364  0.00285961
        1937       -0.52   -0.456396  0.00285832
        1938       -0.36   -0.456347  0.00285728
        1939        -0.6   -0.456421  0.00285677
        1940       -0.52   -0.456454  0.00285548
        1941       -0.52   -0.456486   0.0028542
        1942        -0.2   -0.456354  0.00285578
        1943       -0.44   -0.456346  0.00285433
        1944       -0.36   -0.456296  0.00285329
        1945       -0.44   -0.456288  0.00285183
        1946       -0.36   -0.456238   0.0028508
        1947       -0.44    -0.45623  0.00284935
        1948       -0.52   -0.456263  0.00284807
        1949       -0.52   -0.456296   0.0028468
        1950       -0.36   -0.456246  0.00284577
        1951       -0.52   -0.456279   0.0028445
        1952       -0.52   -0.456311  0.00284323
        1953       -0.44   -0.456303  0.00284178
        1954       -0.44   -0.456295  0.00284034
        1955       -0.52   -0.456327  0.00283907
        1956       -0.44   -0.456319  0.00283764
        1957       -0.36    -0.45627  0.00283661
        1958       -0.28    -0.45618  0.00283659
        1959       -0.52   -0.456212  0.00283533
        1960       -0.52   -0.456245  0.00283407
        1961       -0.36   -0.456196  0.00283305
        1962       -0.44   -0.456188  0.00283162
        1963       -0.44   -0.456179  0.00283019
        1964       -0.52   -0.456212  0.00282893
        1965       -0.28   -0.456122  0.00282891
        1966       -0.36   -0.456073   0.0028279
        1967        -0.6   -0.456146  0.00282741
        1968       -0.52   -0.456179  0.00282616
        1969       -0.44   -0.456171  0.00282473
        1970       -0.12      -0.456  0.00282845
        1971       -0.44   -0.455992  0.00282703
        1972       -0.44   -0.455984   0.0028256
        1973       -0.52   -0.456016  0.00282436
        1974       -0.76    -0.45617  0.00282712
        1975       -0.52   -0.456203  0.00282588
        1976        -0.6   -0.456275  0.00282538
        1977        -0.6   -0.456348  0.00282489
        1978       -0.52    -0.45638  0.00282364
        1979       -0.68   -0.456493  0.00282448
        1980       -0.44   -0.456485  0.00282306
        1981       -0.52   -0.456517  0.00282182
        1982       -0.52   -0.456549  0.00282058
        1983        -0.6   -0.456621  0.00282008
        1984        -0.6   -0.456694  0.00281959
        1985        -0.6   -0.456766  0.00281909
        1986       -0.52   -0.456798  0.00281785
        1987       -0.44   -0.456789  0.00281645
        1988       -0.52   -0.456821  0.00281521
        1989       -0.52   -0.456853  0.00281397
        1990       -0.44   -0.456844  0.00281257
        1991       -0.44   -0.456836  0.00281117
        1992       -0.44   -0.456827  0.00280977
        1993       -0.52   -0.456859  0.00280854
        1994       -0.76   -0.457011  0.00281124
        1995       -0.68   -0.457123  0.00281206
        1996        -0.6   -0.457194  0.00281156
        1997        -0.6   -0.457266  0.00281106
        1998       -0.68   -0.457377  0.00281186
        1999        -0.6   -0.457449  0.00281136
        2000       -0.68    -0.45756  0.00281216
