#     BLOCK:   ACTUAL_M:     M_AVE:       ERROR:
           1        0.48        0.48           0
           2        0.12         0.3    0.127279
           3         0.2    0.266667   0.0891108
           4        0.04        0.21   0.0829156
           5       -0.04        0.16        0.08
           6        0.16        0.16   0.0666667
           7        0.32    0.182857   0.0609354
           8        -0.2       0.135   0.0696195
           9       -0.12    0.106667   0.0674033
          10       -0.28       0.068   0.0708915
          11           0   0.0618182   0.0647158
          12       -0.04   0.0533333   0.0598764
          13        0.08   0.0553846   0.0553057
          14        0.36   0.0771429   0.0554704
          15        0.32   0.0933333   0.0540836
          16         0.2         0.1   0.0511126
          17       -0.08   0.0894118   0.0491905
          18           0   0.0844444   0.0467078
          19           0        0.08   0.0444604
          20        0.08        0.08   0.0422374
          21        0.36   0.0933333   0.0422783
          22        0.24         0.1   0.0408788
          23         0.4    0.113043   0.0411298
          24        0.24    0.118333   0.0397547
          25         0.4      0.1296    0.039729
          26         0.2    0.132308   0.0382931
          27        0.16    0.133333   0.0368886
          28        0.16    0.134286   0.0355834
          29        0.08    0.132414   0.0344056
          30        0.04    0.129333   0.0333964
          31        0.24    0.132903   0.0325093
          32        0.24     0.13625   0.0316652
          33        0.04    0.133333   0.0308397
          34         0.2    0.135294   0.0299949
          35         0.2    0.137143   0.0291948
          36        0.08    0.135556    0.028427
          37        0.24    0.138378   0.0277985
          38        0.08    0.136842   0.0271094
          39        0.12     0.13641   0.0264177
          40       -0.04       0.132   0.0261228
          41       -0.04    0.127805   0.0258203
          42           0    0.124762   0.0253842
          43       -0.32    0.114419   0.0268185
          44       -0.24    0.106364    0.027392
          45        -0.2   0.0995556   0.0276163
          46        0.04   0.0982609   0.0270463
          47        0.28    0.102128   0.0267459
          48        0.16    0.103333   0.0262158
          49        0.04    0.102041   0.0257126
          50        0.12      0.1024   0.0252009
          51        0.04    0.101176   0.0247364
          52       -0.04   0.0984615   0.0244093
          53           0   0.0966038   0.0240193
          54       -0.12   0.0925926   0.0239071
          55       -0.12   0.0887273   0.0237828
          56        -0.2   0.0835714   0.0239105
          57       -0.04   0.0814035   0.0235891
          58        0.24   0.0841379   0.0233403
          59           0   0.0827119   0.0229882
          60        0.12   0.0833333   0.0226135
          61        0.16   0.0845902   0.0222777
          62        0.24   0.0870968   0.0220589
          63         0.2   0.0888889   0.0217815
          64        0.24     0.09125   0.0215687
          65        0.28   0.0941538   0.0214315
          66        0.04   0.0933333   0.0211225
          67       -0.12   0.0901493   0.0210458
          68       -0.12   0.0870588    0.020962
          69       -0.28   0.0817391   0.0213225
          70       -0.16   0.0782857   0.0212958
          71        0.08   0.0783099   0.0209958
          72        0.04   0.0777778    0.020711
          73           0   0.0767123   0.0204546
          74        0.12   0.0772973   0.0201866
          75        0.12   0.0778667   0.0199255
          76        0.12   0.0784211    0.019671
          77       -0.04   0.0768831   0.0194755
          78        0.16   0.0779487    0.019255
          79        0.04   0.0774684   0.0190172
          80        0.08      0.0775   0.0187796
          81       -0.08   0.0755556   0.0186481
          82       -0.04   0.0741463   0.0184739
          83       -0.12   0.0718072   0.0183988
          84       -0.36   0.0666667   0.0188842
          85        0.08   0.0668235   0.0186627
          86        0.52    0.072093   0.0191752
          87        0.32   0.0749425   0.0191654
          88         0.2   0.0763636   0.0190002
          89        0.16   0.0773034   0.0188099
          90        0.16   0.0782222   0.0186233
          91        0.24        0.08   0.0185034
          92           0   0.0791304   0.0183227
          93        0.08   0.0791398   0.0181256
          94        0.12   0.0795745    0.017938
          95        0.08   0.0795789   0.0177492
          96       -0.12      0.0775   0.0176856
          97       -0.04   0.0762887   0.0175448
          98        0.08   0.0763265   0.0173658
          99         0.2   0.0775758   0.0172352
         100        0.12       0.078   0.0170681
         101       -0.04   0.0768317    0.016939
         102        0.12   0.0772549   0.0167783
         103       -0.04   0.0761165   0.0166539
         104           0   0.0753846   0.0165099
         105           0   0.0746667   0.0163682
         106        0.04   0.0743396   0.0162171
         107        0.04   0.0740187   0.0160687
         108        -0.2   0.0714815    0.016119
         109        0.16   0.0722936   0.0159916
         110        0.04       0.072   0.0158489
         111        0.12   0.0724324    0.015712
         112        0.28   0.0742857   0.0156806
         113        0.16   0.0750442   0.0155602
         114        0.36   0.0775439   0.0156232
         115        0.44   0.0806957    0.015802
         116        0.12   0.0810345   0.0156695
         117        0.24   0.0823932   0.0155943
         118        0.28   0.0840678   0.0155518
         119        0.32   0.0860504    0.015547
         120        0.52   0.0896667   0.0158324
         121        0.16   0.0902479   0.0157122
         122        0.24   0.0914754   0.0156313
         123        0.44   0.0943089    0.015759
         124        0.24   0.0954839   0.0156756
         125        0.24     0.09664   0.0155928
         126        0.32   0.0984127   0.0155695
         127        0.28   0.0998425   0.0155124
         128        0.08   0.0996875    0.015392
         129        -0.2   0.0973643    0.015447
         130           0   0.0966154   0.0153463
         131       -0.08   0.0952672   0.0152883
         132        0.16   0.0957576   0.0151803
         133           0   0.0950376   0.0150832
         134       -0.04   0.0940299   0.0150043
         135       -0.12   0.0924444   0.0149767
         136       -0.16   0.0905882   0.0149812
         137           0    0.089927   0.0148864
         138       -0.04   0.0889855   0.0148083
         139        0.32   0.0906475   0.0147947
         140         0.2   0.0914286   0.0147096
         141        0.12   0.0916312   0.0146067
         142        0.12    0.091831   0.0145052
         143        0.16   0.0923077   0.0144116
         144        0.24   0.0933333    0.014348
         145        0.12   0.0935172   0.0142502
         146        0.28   0.0947945   0.0142097
         147        0.32   0.0963265   0.0141954
         148        0.28   0.0975676   0.0141536
         149         0.2    0.098255   0.0140753
         150        0.08   0.0981333    0.013982
         151       -0.04   0.0972185   0.0139193
         152         0.2   0.0978947   0.0138442
         153        0.12   0.0980392   0.0137544
         154       -0.12   0.0966234   0.0137378
         155       -0.04   0.0957419   0.0136774
         156       -0.16   0.0941026   0.0136876
         157       -0.04   0.0932484   0.0136271
         158       -0.04   0.0924051   0.0135669
         159         0.2   0.0930818   0.0134984
         160        0.04     0.09275   0.0134181
         161        0.16   0.0931677   0.0133413
         162        0.16   0.0935802   0.0132653
         163       -0.08   0.0925153   0.0132266
         164       -0.08   0.0914634   0.0131877
         165        0.08   0.0913939    0.013108
         166           0   0.0908434   0.0130406
         167        -0.2   0.0891018   0.0130783
         168           0   0.0885714   0.0130112
         169        0.16   0.0889941    0.012941
         170        0.16   0.0894118   0.0128717
         171        0.12   0.0895906   0.0127976
         172        0.12   0.0897674   0.0127244
         173       -0.04   0.0890173    0.012673
         174        0.04   0.0887356   0.0126033
         175       -0.04       0.088   0.0125527
         176        0.12   0.0881818   0.0124827
         177        0.12   0.0883616   0.0124135
         178       -0.04   0.0876404   0.0123647
         179       -0.04   0.0869274   0.0123161
         180       -0.04   0.0862222   0.0122679
         181        0.04   0.0859669   0.0122028
         182        0.04   0.0857143   0.0121383
         183        0.08   0.0856831    0.012072
         184        0.12   0.0858696   0.0120079
         185       -0.08    0.084973   0.0119764
         186        0.16   0.0853763   0.0119188
         187           0   0.0849198   0.0118638
         188       -0.08   0.0840426   0.0118331
         189       -0.28   0.0821164   0.0119262
         190       -0.24   0.0804211   0.0119833
         191       -0.32   0.0783246   0.0121026
         192       -0.12   0.0772917   0.0120835
         193           0   0.0768912   0.0120276
         194        0.04    0.076701   0.0119671
         195       -0.04   0.0761026   0.0119207
         196        0.04   0.0759184   0.0118613
         197       -0.04   0.0753299   0.0118156
         198       -0.08   0.0745455    0.011782
         199       -0.24   0.0729648   0.0118283
         200       -0.16      0.0718   0.0118264
         201       -0.16   0.0706468   0.0118237
         202       -0.12    0.069703   0.0118027
         203       -0.12   0.0687685   0.0117815
         204       -0.12   0.0678431   0.0117601
         205       -0.08    0.067122   0.0117248
         206        -0.2   0.0658252   0.0117394
         207           0   0.0655072   0.0116869
         208       -0.04       0.065   0.0116418
         209       -0.08   0.0643062   0.0116067
         210        0.24   0.0651429   0.0115816
         211        0.04   0.0650237   0.0115273
         212        0.12    0.065283   0.0114758
         213        0.12   0.0655399   0.0114248
         214           0   0.0652336   0.0113755
         215       -0.04   0.0647442   0.0113332
         216       -0.36   0.0627778     0.01145
         217        -0.2   0.0615668   0.0114611
         218       -0.04   0.0611009    0.011418
         219       -0.12    0.060274   0.0113958
         220        -0.4   0.0581818   0.0115344
         221        -0.4   0.0561086   0.0116671
         222       -0.36   0.0542342   0.0117641
         223       -0.04   0.0538117   0.0117189
         224       -0.08   0.0532143   0.0116818
         225       -0.04      0.0528   0.0116373
         226         0.2   0.0534513    0.011604
         227           0   0.0532159   0.0115553
         228        0.04   0.0531579   0.0115047
         229        0.28   0.0541485    0.011497
         230        0.12   0.0544348   0.0114506
         231       -0.08   0.0538528   0.0114158
         232       -0.12   0.0531034   0.0113912
         233       -0.16   0.0521888    0.011379
         234        -0.4   0.0502564   0.0114933
         235        -0.2   0.0491915   0.0114936
         236       -0.24   0.0479661     0.01151
         237        -0.2   0.0469198   0.0115089
         238        0.28   0.0478992   0.0115021
         239         0.2   0.0485356   0.0114716
         240        0.08   0.0486667   0.0114246
         241           0   0.0484647   0.0113789
         242        -0.2    0.047438   0.0113781
         243       -0.24   0.0462551   0.0113926
         244        0.12   0.0465574   0.0113499
         245       -0.08   0.0460408   0.0113154
         246        -0.2   0.0450407   0.0113135
         247       -0.36   0.0434008   0.0113859
         248       -0.12   0.0427419    0.011359
         249       -0.12   0.0420884   0.0113322
         250       -0.28      0.0408   0.0113599
         251        -0.4   0.0390438   0.0114496
         252        -0.4   0.0373016   0.0115359
         253       -0.04    0.036996   0.0114944
         254       -0.12    0.036378   0.0114657
         255        0.04   0.0363922   0.0114208
         256       -0.04   0.0360938   0.0113801
         257           0   0.0359533   0.0113366
         258       -0.12   0.0353488   0.0113088
         259       -0.16   0.0345946   0.0112903
         260       -0.04   0.0343077   0.0112505
         261       -0.08   0.0338697   0.0112159
         262       -0.08   0.0334351   0.0111815
         263           0    0.033308   0.0111397
         264       -0.04   0.0330303    0.011101
         265        0.16   0.0335094   0.0110694
         266        0.36   0.0347368   0.0110957
         267         0.2   0.0353558   0.0110714
         268        0.36   0.0365672   0.0110961
         269        0.16    0.037026   0.0110643
         270        0.12   0.0373333   0.0110276
         271        0.12   0.0376384   0.0109912
         272         0.2   0.0382353    0.010967
         273        0.16   0.0386813   0.0109358
         274        0.08   0.0388321    0.010897
         275         0.2   0.0394182   0.0108731
         276        0.28   0.0402899   0.0108686
         277        0.36    0.041444   0.0108905
         278        0.24   0.0421583   0.0108747
         279         0.2    0.042724   0.0108504
         280        0.24   0.0434286   0.0108345
         281        0.28   0.0442705   0.0108286
         282        0.24   0.0449645   0.0108124
         283        0.32   0.0459364   0.0108178
         284        0.48   0.0474648   0.0108872
         285        0.32   0.0484211   0.0108909
         286        0.24   0.0490909   0.0108734
         287        0.04   0.0490592   0.0108355
         288        0.04   0.0490278    0.010798
         289           0   0.0488581   0.0107619
         290        0.04   0.0488276   0.0107249
         291        0.12   0.0490722   0.0106908
         292        0.04   0.0490411   0.0106542
         293        0.04   0.0490102   0.0106179
         294           0   0.0488435   0.0105831
         295        0.28   0.0496271   0.0105762
         296         0.2   0.0501351   0.0105527
         297         0.2   0.0506397   0.0105292
         298        0.16   0.0510067   0.0105002
         299           0   0.0508361   0.0104665
         300       -0.16   0.0501333   0.0104552
         301       -0.16   0.0494352   0.0104437
         302       -0.12   0.0488742   0.0104242
         303        0.04   0.0488449   0.0103899
         304        0.28   0.0496053   0.0103835
         305         0.2   0.0500984   0.0103611
         306       -0.12   0.0495425   0.0103422
         307       -0.12   0.0489902   0.0103232
         308       -0.12   0.0484416   0.0103043
         309       -0.28   0.0473786   0.0103256
         310        -0.2   0.0465806   0.0103231
         311       -0.32   0.0454019    0.010357
         312       -0.28    0.044359   0.0103761
         313       -0.12   0.0438339   0.0103563
         314        -0.2   0.0430573   0.0103524
         315       -0.08   0.0426667   0.0103269
         316           0   0.0425316   0.0102951
         317       -0.28   0.0415142   0.0103127
         318        -0.4   0.0401258   0.0103734
         319       -0.36   0.0388715   0.0104164
         320       -0.32     0.03775    0.010444
         321       -0.44   0.0362617    0.010517
         322       -0.48   0.0346584   0.0106059
         323       -0.36   0.0334365   0.0106432
         324       -0.52   0.0317284   0.0107465
         325        -0.6   0.0297846   0.0108878
         326        -0.6   0.0278528   0.0110245
         327       -0.56    0.026055   0.0111364
         328        -0.4   0.0247561   0.0111779
         329       -0.28   0.0238298   0.0111823
         330       -0.08   0.0235152   0.0111528
         331           0   0.0234441   0.0111193
         332       -0.04    0.023253   0.0110875
         333       -0.12   0.0228228   0.0110625
         334       -0.12   0.0223952   0.0110377
         335       -0.16   0.0218507   0.0110181
         336       -0.08   0.0215476   0.0109895
         337        0.12   0.0218398   0.0109608
         338        0.16   0.0222485    0.010936
         339         0.2   0.0227729   0.0109163
         340        0.24   0.0234118   0.0109029
         341        0.08   0.0235777   0.0108721
         342        0.16   0.0239766   0.0108477
         343        0.24   0.0246064   0.0108343
         344        0.12   0.0248837   0.0108064
         345       -0.04   0.0246957   0.0107767
         346       -0.32   0.0236994   0.0107915
         347       -0.32   0.0227089   0.0108057
         348       -0.16   0.0221839   0.0107874
         349       -0.32   0.0212034    0.010801
         350       -0.28   0.0203429   0.0108044
         351        0.04   0.0203989   0.0107737
         352        0.08   0.0205682   0.0107445
         353           0   0.0205099   0.0107142
         354       -0.08    0.020226   0.0106877
         355       -0.12    0.019831   0.0106649
         356       -0.16   0.0193258   0.0106469
         357       -0.08   0.0190476   0.0106207
         358       -0.04   0.0188827   0.0105923
         359       -0.04   0.0187187   0.0105641
         360           0   0.0186667   0.0105348
         361       -0.08   0.0183934   0.0105092
         362       -0.36   0.0173481    0.010532
         363        -0.6   0.0156474   0.0106394
         364       -0.44   0.0143956   0.0106836
         365       -0.32   0.0134795   0.0106935
         366       -0.08    0.013224   0.0106674
         367       -0.16    0.012752   0.0106487
         368        -0.2   0.0121739   0.0106355
         369        -0.4   0.0110569   0.0106651
         370       -0.56  0.00951351   0.0107474
         371       -0.64   0.0077628   0.0108601
         372        -0.4  0.00666667   0.0108861
         373       -0.16  0.00621984   0.0108661
         374       -0.08   0.0059893   0.0108395
         375        0.16      0.0064   0.0108183
         376         0.2  0.00691489   0.0108018
         377        0.16  0.00732095   0.0107808
         378        0.28  0.00804233   0.0107764
         379        0.32  0.00886544   0.0107793
         380        0.12  0.00915789   0.0107549
         381        0.12  0.00944882   0.0107306
         382        0.32   0.0102618   0.0107333
         383        0.36   0.0111749    0.010744
         384        0.36   0.0120833   0.0107544
         385        0.52   0.0134026   0.0108071
         386        0.08   0.0135751   0.0107805
         387        0.36   0.0144703   0.0107897
         388        0.36   0.0153608   0.0107986
         389        0.36   0.0162468   0.0108071
         390        0.16   0.0166154   0.0107857
         391        0.04   0.0166752   0.0107583
         392       -0.08   0.0164286   0.0107336
         393        -0.2   0.0158779   0.0107205
         394       -0.12    0.015533   0.0106988
         395       -0.24   0.0148861   0.0106912
         396       -0.08   0.0146465   0.0106669
         397       -0.04   0.0145088   0.0106409
         398        -0.2   0.0139698   0.0106279
         399        -0.2   0.0134336   0.0106147
         400        0.16      0.0138   0.0105945
         401       -0.04   0.0136658    0.010569
         402       -0.24   0.0130348   0.0105615
         403       -0.28   0.0123077   0.0105603
         404       -0.24   0.0116832   0.0105526
         405       -0.16   0.0112593    0.010535
         406        -0.2   0.0107389   0.0105219
         407       -0.08    0.010516   0.0104984
         408        -0.2        0.01   0.0104854
         409       -0.32  0.00919315   0.0104907
         410       -0.12  0.00887805   0.0104699
         411        0.12  0.00914842   0.0104479
         412        0.04   0.0092233   0.0104228
         413        -0.4  0.00823245   0.0104446
         414       -0.56   0.0068599   0.0105091
         415       -0.52  0.00559036   0.0105602
         416        -0.4  0.00461538   0.0105797
         417       -0.32  0.00383693    0.010583
         418       -0.28  0.00315789   0.0105794
         419       -0.04  0.00305489   0.0105547
         420       -0.16  0.00266667   0.0105367
         421       -0.08  0.00247031   0.0105135
         422        -0.2  0.00199052   0.0104995
         423       -0.28  0.00132388   0.0104958
         424       -0.28 0.000660377    0.010492
         425       -0.32-9.41176e-05   0.0104944
         426       -0.28-0.000751174   0.0104903
         427           0-0.000749415   0.0104658
         428           0-0.000747664   0.0104413
         429       -0.16 -0.00111888   0.0104236
         430       -0.12 -0.00139535    0.010403
         431       -0.24 -0.00194896   0.0103936
         432       -0.28 -0.00259259   0.0103894
         433       -0.08 -0.00277136    0.010367
         434        0.04 -0.00267281   0.0103436
         435        0.24 -0.00211494   0.0103348
         436        0.24 -0.00155963    0.010326
         437         0.2  -0.0010984   0.0103127
         438        0.16-0.000730594   0.0102957
         439         0.2-0.000273349   0.0102824
         440        0.28 0.000363636   0.0102787
         441         0.4  0.00126984   0.0102953
         442         0.4  0.00217195   0.0103115
         443        0.36  0.00297968   0.0103198
         444        0.08  0.00315315    0.010298
         445        0.04  0.00323596   0.0102752
         446        0.04  0.00331839   0.0102525
         447       -0.08  0.00313199   0.0102312
         448        0.08  0.00330357   0.0102098
         449        0.28  0.00391982   0.0102057
         450        0.16  0.00426667   0.0101889
         451        0.24  0.00478936   0.0101797
         452        0.08  0.00495575   0.0101585
         453        0.08  0.00512141   0.0101375
         454       -0.04  0.00502203   0.0101156
         455       -0.16  0.00465934   0.0100999
         456       -0.08  0.00447368   0.0100794
         457       -0.04  0.00437637   0.0100579
         458       -0.32  0.00366812   0.0100608
         459       -0.32  0.00296296   0.0100636
         460       -0.32  0.00226087   0.0100661
         461       -0.24  0.00173536    0.010058
         462        -0.2   0.0012987   0.0100457
         463       -0.12  0.00103672   0.0100274
         464        0.04  0.00112069   0.0100062
         465        0.04   0.0012043  0.00998501
         466         0.4  0.00206009   0.0100002
         467         0.2  0.00248394  0.00998775
         468        0.12  0.00273504  0.00996957
         469           0  0.00272921  0.00994831
         470       -0.24  0.00221277  0.00994054
         471        -0.6 0.000934183   0.0100013
         472       -0.36 0.000169492   0.0100093
         473       -0.44-0.000761099   0.0100313
         474       -0.12 -0.00101266   0.0100133
         475       -0.04 -0.00109474  0.00999258
         476        0.16-0.000756303  0.00997732
         477        0.08-0.000587002  0.00995784
         478        0.04-0.000502092  0.00993737
         479        0.08-0.000334029  0.00991804
         480        0.04    -0.00025  0.00989773
         481       -0.24-0.000748441   0.0098897
         482        0.04  -0.0006639  0.00986954
         483       -0.16-0.000993789  0.00985462
         484        0.08-0.000826446  0.00983568
         485        0.28-0.000247423  0.00983243
         486        0.36 0.000493827   0.0098401
         487        0.12  0.00073922  0.00982295
         488        0.04 0.000819672  0.00980315
         489        0.04 0.000899796  0.00978343
         490        0.08  0.00106122   0.0097648
         491       -0.12 0.000814664  0.00974802
         492       -0.12 0.000569106   0.0097313
         493           0 0.000567951  0.00971156
         494        0.08 0.000728745  0.00969324
         495        0.36  0.00145455  0.00970079
         496        0.28  0.00201613  0.00969747
         497       -0.04  0.00193159  0.00967833
         498       -0.04  0.00184739  0.00965926
         499       -0.04  0.00176353  0.00964027
         500        -0.2     0.00136  0.00962943
         501        0.08  0.00151697  0.00961149
         502       -0.08  0.00135458  0.00959371
         503           0  0.00135189  0.00957464
         504       -0.16  0.00103175  0.00956099
         505       -0.36 0.000316832  0.00956875
         506        -0.2-7.90514e-05  0.00955803
         507       -0.16-0.000394477  0.00954438
         508       -0.32 -0.00102362   0.0095463
         509       -0.36 -0.00172888  0.00955356
         510       -0.36 -0.00243137  0.00956063
         511       -0.24 -0.00289628  0.00955321
         512       -0.32 -0.00351563  0.00955461
         513        -0.4  -0.0042885  0.00956719
         514        -0.2 -0.00466926  0.00955615
         515           0 -0.00466019   0.0095376
         516       -0.36 -0.00534884  0.00954395
         517           0 -0.00533849  0.00952549
         518         0.2 -0.00494208  0.00951535
         519        0.44 -0.00408478  0.00953556
         520        0.52 -0.00307692  0.00957033
         521        0.56 -0.00199616  0.00961279
         522        0.56 -0.00091954  0.00965448
         523        0.52 7.64818e-05  0.00968726
         524        0.48 0.000992366  0.00971198
         525         0.4  0.00175238  0.00972317
         526        0.48   0.0026616   0.0097471
         527        0.48  0.00356736   0.0097706
         528        0.28  0.00409091  0.00976611
         529       -0.12  0.00385633  0.00975047
         530       -0.08  0.00369811  0.00973335
         531       -0.12  0.00346516  0.00971781
         532       -0.32  0.00285714  0.00971855
         533       -0.24   0.0024015  0.00971099
         534       -0.04   0.0023221  0.00969313
         535        -0.2  0.00194393  0.00968238
         536       -0.12  0.00171642  0.00966699
         537       -0.28  0.00119181  0.00966321
         538        -0.2 0.000817844  0.00965249
         539       -0.04 0.000742115  0.00963488
         540        0.12 0.000962963  0.00961956
         541         0.2  0.00133087  0.00960882
         542         0.2  0.00169742  0.00959808
         543        0.12  0.00191529  0.00958287
         544        0.08  0.00205882  0.00956633
         545        0.08  0.00220183  0.00954985
         546        0.04  0.00227106  0.00953261
         547         0.2  0.00263254  0.00952203
         548         0.2   0.0029927  0.00951146
         549        0.28  0.00349727  0.00950751
         550        0.32  0.00407273  0.00950763
         551        0.12  0.00428312   0.0094927
         552        0.24  0.00471014   0.0094851
         553        0.04  0.00477396  0.00946816
         554       -0.08  0.00462094  0.00945231
         555        0.12  0.00482883  0.00943757
         556        0.08  0.00496403  0.00942156
         557        0.12  0.00517056  0.00940691
         558        0.12  0.00537634   0.0093923
         559        0.24  0.00579606  0.00938487
         560        0.32  0.00635714  0.00938487
         561        0.24  0.00677362  0.00937738
         562       -0.08  0.00661922  0.00936196
         563       -0.08  0.00646536   0.0093466
         564       -0.08  0.00631206  0.00933128
         565       -0.04  0.00623009  0.00931513
         566           0  0.00621908  0.00929868
         567           0  0.00620811  0.00928228
         568           0  0.00619718  0.00926595
         569         0.2  0.00653779  0.00925592
         570        0.24  0.00694737  0.00924874
         571           0   0.0069352  0.00923255
         572       -0.16  0.00664336  0.00922102
         573       -0.08  0.00649215  0.00920617
         574       -0.08  0.00634146  0.00919136
         575       -0.32  0.00577391  0.00919288
         576       -0.48  0.00493056  0.00921553
         577       -0.32  0.00436742  0.00921675
         578       -0.52  0.00346021  0.00924534
         579       -0.28  0.00297064  0.00924233
         580       -0.24  0.00255172  0.00923588
         581        0.16  0.00282272  0.00922396
         582        0.04   0.0028866  0.00920833
         583           0  0.00288165  0.00919254
         584         0.2  0.00321918  0.00918299
         585           0  0.00321368   0.0091673
         586           0  0.00320819  0.00915165
         587       -0.04  0.00313458  0.00913636
         588       -0.04  0.00306122  0.00912112
         589       -0.04  0.00298812  0.00910592
         590       -0.24  0.00257627   0.0090998
         591       -0.36  0.00196277  0.00910506
         592       -0.36  0.00135135  0.00911018
         593       -0.08  0.00121417  0.00909585
         594        0.12  0.00141414  0.00908274
         595        0.16  0.00168067  0.00907138
         596        0.32  0.00221477  0.00907187
         597        0.28  0.00268007   0.0090686
         598        0.12  0.00287625  0.00905556
         599        0.28   0.0033389  0.00905225
         600        0.36  0.00393333  0.00905666
         601         0.4  0.00459235  0.00906554
         602        0.32  0.00511628   0.0090656
         603        0.12   0.0053068  0.00905257
         604        0.16  0.00556291  0.00904121
         605        0.04  0.00561983  0.00902644
         606           0  0.00561056  0.00901155
         607           0  0.00560132  0.00899671
         608           0  0.00559211  0.00898192
         609       -0.08  0.00545156  0.00896827
         610       -0.08  0.00531148  0.00895466
         611       -0.08  0.00517185  0.00894109
         612        0.12  0.00535948  0.00892845
         613           0  0.00535073  0.00891389
         614       -0.08  0.00521173  0.00890046
         615        0.04  0.00526829  0.00888616
         616       -0.16       0.005  0.00887579
         617       -0.32  0.00447326  0.00887702
         618       -0.12  0.00427184  0.00886494
         619       -0.12  0.00407108  0.00885289
         620        0.04  0.00412903   0.0088388
         621       -0.04  0.00405797  0.00882485
         622        -0.2   0.0037299  0.00881676
         623       -0.24  0.00333868  0.00881129
         624       -0.16  0.00307692  0.00880105
         625       -0.08    0.002944  0.00878797
         626       -0.04   0.0028754   0.0087742
         627           0  0.00287081  0.00876021
         628        0.08  0.00299363  0.00874712
         629        0.12  0.00317965  0.00873519
         630        0.08  0.00330159  0.00872218
         631        0.16  0.00354992  0.00871189
         632        0.12  0.00373418  0.00870006
         633        0.36    0.004297   0.0087045
         634           0  0.00429022  0.00869077
         635       -0.08  0.00415748   0.0086781
         636       -0.08  0.00402516  0.00866546
         637        0.04  0.00408163  0.00865204
         638       -0.08  0.00394984  0.00863948
         639        -0.2  0.00363067  0.00863186
         640       -0.16    0.003375  0.00862216
         641           0  0.00336973  0.00860871
         642        -0.2  0.00305296  0.00860112
         643       -0.12  0.00286159  0.00858988
         644       -0.08  0.00273292   0.0085775
         645       -0.16  0.00248062  0.00856791
         646           0  0.00247678  0.00855465
         647        0.16  0.00272025  0.00854489
         648        0.04  0.00277778   0.0085319
         649        0.28  0.00320493  0.00852944
         650        0.48  0.00393846   0.0085478
         651        0.72   0.0050384  0.00860515
         652         0.8  0.00625767   0.0086779
         653        0.56  0.00710567  0.00870595
         654         0.6  0.00801223  0.00873971
         655        0.52  0.00879389  0.00876125
         656         0.6  0.00969512  0.00879413
         657        0.24   0.0100457  0.00878772
         658        0.12   0.0102128  0.00877596
         659        0.12   0.0103794  0.00876422
         660        0.16   0.0106061  0.00875387
         661        0.36   0.0111346  0.00875657
         662        0.28   0.0115408  0.00875276
         663           0   0.0115234  0.00873958
         664       -0.08   0.0113855   0.0087275
         665           0   0.0113684  0.00871439
         666           0   0.0113514  0.00870133
         667       -0.04   0.0112744  0.00868862
         668        0.04   0.0113174  0.00867572
         669       -0.08   0.0111809  0.00866383
         670        0.04   0.0112239    0.008651
         671         0.2   0.0115052  0.00864268
         672        0.28   0.0119048  0.00863905
         673         0.2   0.0121842  0.00863073
         674        0.24   0.0125223  0.00862455
         675        0.16   0.0127407  0.00861454
         676        0.24   0.0130769  0.00860835
         677        0.36   0.0135894  0.00861087
         678         0.2   0.0138643  0.00860256
         679         0.2   0.0141384  0.00859426
         680       -0.04   0.0140588  0.00858199
         681       -0.04   0.0139794  0.00856975
         682       -0.04   0.0139003  0.00855755
         683       -0.08   0.0137628  0.00854613
         684       -0.08   0.0136257  0.00853473
         685       -0.08   0.0134891  0.00852337
         686       -0.16   0.0132362  0.00851469
         687       -0.04   0.0131587  0.00850265
         688       -0.08   0.0130233  0.00849137
         689       -0.12   0.0128302  0.00848124
         690       -0.16   0.0125797  0.00847265
         691       -0.16     0.01233  0.00846407
         692       -0.24   0.0119653  0.00845969
         693        -0.2   0.0116595  0.00845301
         694        -0.2   0.0113545  0.00844633
         695        0.24   0.0116835  0.00844058
         696         0.2    0.011954  0.00843279
         697        0.32    0.012396  0.00843226
         698        0.36    0.012894  0.00843487
         699        0.56   0.0136767  0.00845904
         700        0.56   0.0144571  0.00848289
         701        0.64   0.0153495  0.00851759
         702         0.4   0.0158974  0.00852307
         703        0.24   0.0162162   0.0085169
         704        0.04     0.01625  0.00850487
         705           0    0.016227  0.00849284
         706       -0.12    0.016034    0.008483
         707       -0.16    0.015785  0.00847465
         708       -0.04   0.0157062  0.00846305
         709           0   0.0156841  0.00845114
         710        0.12    0.015831  0.00844052
         711        0.36    0.016315  0.00844252
         712        0.28   0.0166854  0.00843878
         713        0.16   0.0168864  0.00842933
         714       -0.08   0.0167507  0.00841862
         715        0.04   0.0167832  0.00840691
         716        0.24    0.017095  0.00840095
         717        0.32   0.0175174  0.00839984
         718        0.44   0.0181058  0.00840873
         719        0.28   0.0184701  0.00840492
         720         0.4       0.019  0.00840993
         721        0.28    0.019362  0.00840606
         722         0.2   0.0196122  0.00839814
         723        0.28   0.0199723  0.00839424
         724        0.36    0.020442  0.00839577
         725        0.24   0.0207448  0.00838965
         726        0.12   0.0208815  0.00837921
         727        0.08   0.0209629  0.00836808
         728        0.24   0.0212637  0.00836199
         729        0.28   0.0216187  0.00835805
         730        0.44   0.0221918  0.00836623
         731        0.12   0.0223256  0.00835585
         732        0.28   0.0226776  0.00835185
         733         0.2   0.0229195  0.00834396
         734         0.2   0.0231608  0.00833608
         735        0.36    0.023619  0.00833732
         736        0.16   0.0238043  0.00832806
         737        0.24   0.0240977  0.00832192
         738        0.36   0.0245528  0.00832308
         739        0.16   0.0247361  0.00831384
         740        0.16   0.0249189  0.00830461
         741           0   0.0248853  0.00829347
         742        -0.2   0.0245822  0.00828783
         743       -0.24   0.0242261  0.00828432
         744        0.08   0.0243011  0.00827353
         745       -0.08   0.0241611  0.00826361
         746        -0.2   0.0238606  0.00825799
         747        -0.2   0.0235609  0.00825237
         748       -0.12    0.023369  0.00824357
         749        0.04   0.0233912  0.00823259
         750       -0.04   0.0233067  0.00822205
         751       -0.04   0.0232224  0.00821154
         752       -0.28   0.0228191  0.00821051
         753       -0.24   0.0224701  0.00820702
         754        -0.2   0.0221751  0.00820144
         755        -0.2   0.0218808  0.00819585
         756        -0.4   0.0213228  0.00820399
         757        -0.2   0.0210304  0.00819836
         758       -0.16   0.0207916  0.00819102
         759         0.2   0.0210277  0.00818363
         760         0.2   0.0212632  0.00817625
         761        0.12   0.0213929  0.00816654
         762        0.12   0.0215223  0.00815684
         763       -0.04   0.0214417  0.00814655
         764       -0.16   0.0212042  0.00813935
         765       -0.24   0.0208627  0.00813587
         766           0   0.0208355  0.00812529
         767        0.12   0.0209648  0.00811573
         768        0.16   0.0211458  0.00810718
         769        0.12   0.0212744  0.00809766
         770        0.08   0.0213506   0.0080875
         771        0.16   0.0215305  0.00807901
         772       -0.12   0.0213472  0.00807062
         773        -0.4   0.0208021  0.00807857
         774        -0.4   0.0202584  0.00808641
         775       -0.28    0.019871  0.00808525
         776       -0.24   0.0195361  0.00808176
         777       -0.32   0.0190991  0.00808316
         778       -0.04   0.0190231  0.00807313
         779       -0.08    0.018896  0.00806377
         780        -0.2   0.0186154  0.00805831
         781       -0.08   0.0184891  0.00804898
         782           0   0.0184655  0.00803873
         783       -0.04   0.0183908  0.00802881
         784        -0.2   0.0181122   0.0080234
         785       -0.24   0.0177834  0.00801991
         786        -0.2   0.0175064  0.00801449
         787        0.16   0.0176874  0.00800635
         788        0.16    0.017868  0.00799823
         789        0.04   0.0178961  0.00798814
         790         0.2   0.0181266  0.00798135
         791       -0.12    0.017952  0.00797317
         792           0   0.0179293  0.00796314
         793       -0.12   0.0177554    0.007955
         794           0    0.017733  0.00794501
         795       -0.08   0.0176101  0.00793597
         796       -0.24   0.0172864  0.00793259
         797        -0.4   0.0167629   0.0079399
         798        -0.4   0.0162406  0.00794711
         799       -0.44   0.0156696  0.00795765
         800       -0.24     0.01535  0.00795412
         801        0.08   0.0154307   0.0079446
         802        0.12   0.0155611  0.00793576
         803       -0.04   0.0154919  0.00792618
         804       -0.04   0.0154229  0.00791662
         805        0.12   0.0155528  0.00790785
         806        0.16    0.015732  0.00790007
         807       -0.08   0.0156134  0.00789117
         808        0.04   0.0156436  0.00788146
         809        0.08   0.0157231  0.00787212
         810       -0.16   0.0155062  0.00786539
         811       -0.24   0.0151911    0.007862
         812        0.04   0.0152217  0.00785238
         813        0.08   0.0153014  0.00784313
         814        0.04   0.0153317  0.00783355
         815       -0.12   0.0151656   0.0078257
         816       -0.08    0.015049  0.00781698
         817       -0.24   0.0147368  0.00781364
         818       -0.28   0.0143765  0.00781239
         819        0.04   0.0144078  0.00780291
         820        0.12   0.0145366  0.00779446
         821       -0.08   0.0144214  0.00778582
         822           0   0.0144039  0.00777636
         823        0.04    0.014435  0.00776698
         824       -0.08   0.0143204   0.0077584
         825       -0.08   0.0142061  0.00774984
         826       -0.04   0.0141404  0.00774073
         827        0.04   0.0141717  0.00773143
         828       -0.04   0.0141063  0.00772237
         829        0.04   0.0141375  0.00771312
         830        0.36   0.0145542  0.00771508
         831        0.24   0.0148255  0.00771056
         832        0.24   0.0150962  0.00770604
         833         0.4   0.0155582  0.00771063
         834        0.32   0.0159233  0.00771002
         835         0.2   0.0161437  0.00770394
         836         0.2   0.0163636  0.00769786
         837        0.32   0.0167264  0.00769721
         838        0.32   0.0170883  0.00769653
         839        0.08   0.0171633  0.00768772
         840        0.08   0.0172381  0.00767893
         841        0.12   0.0173603  0.00767077
         842        0.32   0.0177197  0.00767008
         843         0.2   0.0179359  0.00766403
         844        0.36   0.0183412  0.00766565
         845         0.4   0.0187929  0.00766988
         846        0.32   0.0191489  0.00766907
         847        0.52   0.0197403  0.00768278
         848        0.36   0.0201415  0.00768419
         849        0.32   0.0204947  0.00768325
         850        0.32   0.0208471  0.00768229
         851        0.08   0.0209166  0.00767358
         852       -0.08   0.0207981  0.00766548
         853        0.08   0.0208675  0.00765681
         854        0.16   0.0210304  0.00764958
         855        0.16    0.021193  0.00764236
         856        0.44   0.0216822  0.00764908
         857         0.2   0.0218903  0.00764298
         858        0.24   0.0221445   0.0076383
         859        0.32   0.0224913  0.00763727
         860        0.36   0.0228837  0.00763847
         861        0.04   0.0229036  0.00762962
         862        0.32   0.0232483  0.00762855
         863        0.16   0.0234067  0.00762136
         864        0.28   0.0237037  0.00761832
         865        0.12    0.023815  0.00761033
         866        0.04   0.0238337  0.00760156
         867       -0.12   0.0236678   0.0075946
         868       -0.28    0.023318  0.00759391
         869           0   0.0232911  0.00758522
         870       -0.08   0.0231724  0.00757743
         871       -0.16   0.0229621  0.00757165
         872       -0.28   0.0226147  0.00757093
         873        -0.4   0.0221306  0.00757772
         874       -0.24   0.0218307  0.00757498
         875       -0.16   0.0216229  0.00756917
         876        -0.2   0.0213699  0.00756476
         877       -0.36    0.020935  0.00756862
         878       -0.28   0.0205923  0.00756776
         879       -0.32   0.0202048  0.00756906
         880       -0.28   0.0198636  0.00756815
         881       -0.44   0.0193417  0.00757754
         882        -0.2    0.019093  0.00757302
         883       -0.36   0.0186636  0.00757661
         884       -0.36   0.0182353  0.00758013
         885       -0.32   0.0178531   0.0075812
         886       -0.04   0.0177878  0.00757292
         887        0.12    0.017903  0.00756526
         888        0.04   0.0179279  0.00755678
         889       -0.24   0.0176378  0.00755385
         890        -0.2   0.0173933  0.00754932
         891       -0.12   0.0172391  0.00754242
         892        -0.2   0.0169955   0.0075379
         893       -0.28   0.0166629  0.00753679
         894       -0.36   0.0162416  0.00754013
         895       -0.04   0.0161788  0.00753196
         896       -0.08   0.0160714  0.00752432
         897        0.04   0.0160981  0.00751598
         898        0.16   0.0162584  0.00750932
         899        0.04   0.0162848  0.00750101
         900        0.04   0.0163111  0.00749273
         901         0.2    0.016515  0.00748718
         902        0.36   0.0168958  0.00748856
         903        0.36   0.0172757   0.0074899
         904        0.36   0.0176549   0.0074912
         905        0.32    0.017989  0.00749037
         906        0.16   0.0181457  0.00748374
         907        0.32   0.0184785  0.00748289
         908        0.36   0.0188546  0.00748409
         909        0.48   0.0193619  0.00749304
         910        0.48   0.0198681  0.00750188
         911         0.6   0.0205049  0.00752063
         912         0.4   0.0209211  0.00752388
         913        0.08   0.0209858  0.00751592
         914        0.24   0.0212254  0.00751151
         915        0.08   0.0212896  0.00750358
         916        0.16    0.021441  0.00749692
         917         0.2   0.0216358  0.00749127
         918        0.24   0.0218736  0.00748688
         919        0.12   0.0219804   0.0074795
         920        0.16   0.0221304  0.00747287
         921        0.16   0.0222801  0.00746626
         922        0.04   0.0222993  0.00745819
         923        0.24   0.0225352  0.00745383
         924        0.16    0.022684  0.00744725
         925        0.16   0.0228324  0.00744068
         926         0.2   0.0230238   0.0074351
         927        0.04   0.0230421  0.00742711
         928       -0.04   0.0229741  0.00741941
         929       -0.16   0.0227772  0.00741404
         930       -0.12   0.0226237  0.00740766
         931       -0.16   0.0224275   0.0074023
         932        -0.2   0.0221888   0.0073982
         933       -0.24   0.0219078  0.00739561
         934       -0.24   0.0216274    0.007393
         935       -0.16   0.0214332  0.00738765
         936       -0.28   0.0211111  0.00738677
         937           0   0.0210886  0.00737892
         938         0.2   0.0212793  0.00737352
         939        0.44   0.0217252  0.00737914
         940        0.44   0.0221702  0.00738469
         941        0.44   0.0226142  0.00739018
         942        0.36   0.0229724  0.00739101
         943        0.16   0.0231177   0.0073846
         944        0.24   0.0233475  0.00738035
         945        0.04   0.0233651  0.00737256
         946       -0.16   0.0231712  0.00736732
         947       -0.16   0.0229778  0.00736208
         948       -0.12    0.022827  0.00735586
         949           0    0.022803  0.00734814
         950       -0.12   0.0226526  0.00734195
         951       -0.08   0.0225447  0.00733502
         952       -0.12    0.022395  0.00732884
         953       -0.32   0.0220357  0.00732995
         954       -0.16   0.0218449  0.00732475
         955       -0.28   0.0215288   0.0073239
         956       -0.16   0.0213389   0.0073187
         957           0   0.0213166  0.00731109
         958        0.08   0.0213779  0.00730371
         959           0   0.0213556  0.00729613
         960       -0.16   0.0211667  0.00729097
         961        0.04   0.0211863  0.00728341
         962        0.12    0.021289  0.00727657
         963        0.12   0.0213915  0.00726973
         964           0   0.0213693  0.00726223
         965        0.08   0.0214301  0.00725495
         966        0.08   0.0214907   0.0072477
         967       -0.08   0.0213857  0.00724096
         968           0   0.0213636  0.00723352
         969       -0.08    0.021259  0.00722681
         970           0   0.0212371  0.00721939
         971           0   0.0212152  0.00721199
         972        -0.4   0.0207819  0.00721758
         973       -0.08   0.0206783   0.0072109
         974           0   0.0206571  0.00720353
         975        0.12    0.020759  0.00719686
         976           0   0.0207377  0.00718952
         977        0.16   0.0208802  0.00718357
         978        0.44   0.0213088    0.007189
         979         0.2   0.0214913  0.00718397
         980       -0.16   0.0213061  0.00717903
         981       -0.12   0.0211621  0.00717316
         982       -0.08   0.0210591  0.00716659
         983       -0.04   0.0209969  0.00715957
         984        -0.4   0.0205691  0.00716507
         985       -0.24   0.0203046  0.00716267
         986       -0.04   0.0202434  0.00715567
         987       -0.16   0.0200608  0.00715075
         988        0.16   0.0202024  0.00714491
         989        0.16   0.0203438  0.00713909
         990        0.28   0.0206061  0.00713669
         991        0.12   0.0207064   0.0071302
         992       -0.24   0.0204435  0.00712785
         993       -0.08   0.0203424  0.00712139
         994        0.12   0.0204427  0.00711493
         995        0.24   0.0206633   0.0071112
         996       -0.08   0.0205622  0.00710478
         997       -0.16   0.0203811  0.00709996
         998        -0.2   0.0201603  0.00709628
         999       -0.24   0.0198999  0.00709395
        1000        0.08     0.01996  0.00708711
        1001        0.12   0.0200599  0.00708074
        1002        0.12   0.0201597  0.00707438
        1003        0.12   0.0202592  0.00706802
        1004       -0.04   0.0201992  0.00706124
        1005       -0.08   0.0200995  0.00705492
        1006       -0.12   0.0199602  0.00704928
        1007       -0.12   0.0198213  0.00704365
        1008         0.2        0.02  0.00703893
        1009         0.2   0.0201784  0.00703421
        1010        0.24    0.020396  0.00703061
        1011       -0.08   0.0202967  0.00702436
        1012       -0.08   0.0201976  0.00701812
        1013       -0.12   0.0200592  0.00701255
        1014        0.04   0.0200789  0.00700567
        1015       -0.12   0.0199409  0.00700012
        1016        0.04   0.0199606  0.00699326
        1017        0.16   0.0200983  0.00698774
        1018           0   0.0200786   0.0069809
        1019        0.08   0.0201374   0.0069743
        1020        0.08   0.0201961  0.00696771
        1021        0.28   0.0204505  0.00696553
        1022         0.4   0.0208219  0.00696861
        1023        0.24   0.0210362  0.00696509
        1024       -0.04   0.0209766  0.00695854
        1025       -0.16      0.0208  0.00695399
        1026        -0.4   0.0203899   0.0069593
        1027           0     0.02037  0.00695255
        1028       -0.08   0.0202724  0.00694647
        1029        0.08   0.0203304  0.00693997
        1030        0.16    0.020466  0.00693455
        1031           0   0.0204462  0.00692785
        1032       -0.16   0.0202713  0.00692335
        1033       -0.08   0.0201742  0.00691733
        1034           0   0.0201547  0.00691066
        1035       -0.04   0.0200966  0.00690423
        1036       -0.04   0.0200386  0.00689781
        1037       -0.04   0.0199807   0.0068914
        1038           0   0.0199615  0.00688479
        1039       -0.12   0.0198268  0.00687948
        1040       -0.04   0.0197692  0.00687311
        1041       -0.04   0.0197118  0.00686674
        1042        -0.2    0.019501  0.00686339
        1043       -0.28   0.0192138  0.00686281
        1044       -0.04   0.0191571  0.00685648
        1045       -0.28   0.0188708  0.00685589
        1046       -0.16   0.0186998  0.00685147
        1047       -0.04   0.0186437  0.00684515
        1048         0.2   0.0188168  0.00684081
        1049        0.36    0.019142  0.00684201
        1050        0.48    0.019581  0.00684956
        1051        0.32   0.0198668    0.006849
        1052        0.16        0.02  0.00684379
        1053        0.32   0.0202849  0.00684322
        1054        0.32   0.0205693  0.00684263
        1055         0.4   0.0209289  0.00684559
        1056        0.44   0.0213258   0.0068506
        1057        0.44   0.0217219  0.00685556
        1058         0.4   0.0220794   0.0068584
        1059        0.24   0.0222852  0.00685501
        1060        0.56   0.0227925  0.00686729
        1061        0.36   0.0231103  0.00686816
        1062        0.68   0.0237288  0.00688949
        1063        0.56   0.0242333  0.00690146
        1064        0.52   0.0246992  0.00691068
        1065        0.24   0.0249014  0.00690715
        1066        0.32   0.0251782  0.00690622
        1067        0.28   0.0254171  0.00690387
        1068        0.36   0.0257303  0.00690451
        1069        0.24   0.0259308  0.00690096
        1070        0.12   0.0260187  0.00689507
        1071        0.12   0.0261064  0.00688919
        1072        0.08   0.0261567  0.00688295
        1073       -0.04   0.0260951  0.00687681
        1074           0   0.0260708  0.00687045
        1075       -0.04   0.0260093  0.00686433
        1076       -0.36   0.0256506  0.00686732
        1077       -0.28   0.0253668  0.00686681
        1078       -0.16   0.0251948  0.00686259
        1079       -0.12   0.0250602  0.00685755
        1080       -0.08    0.024963  0.00685189
        1081       -0.32   0.0246438  0.00685298
        1082       -0.08   0.0245471  0.00684733
        1083       -0.08   0.0244506  0.00684168
        1084           0    0.024428  0.00683541
        1085        0.16    0.024553  0.00683025
        1086        0.28   0.0247882  0.00682801
        1087        0.52   0.0252438  0.00683691
        1088        0.44    0.025625  0.00684125
        1089        0.32   0.0258953   0.0068403
        1090        0.36   0.0262018  0.00684089
        1091         0.2   0.0263611  0.00683648
        1092        0.44   0.0267399   0.0068407
        1093        0.24    0.026935  0.00683723
        1094        0.16   0.0270567  0.00683206
        1095           0    0.027032  0.00682586
        1096        0.08   0.0270803  0.00681981
        1097        0.32   0.0273473  0.00681881
        1098         0.4   0.0276867  0.00682105
        1099         0.4   0.0280255  0.00682325
        1100         0.4   0.0283636  0.00682542
        1101        0.12   0.0284469  0.00681973
        1102        0.04   0.0284574  0.00681355
        1103       -0.04   0.0283953  0.00680765
        1104       -0.12   0.0282609  0.00680281
        1105        0.28   0.0284887  0.00680047
        1106        0.08   0.0285353  0.00679448
        1107        0.24   0.0287263  0.00679103
        1108       -0.24   0.0284838  0.00678923
        1109       -0.44   0.0280613  0.00679623
        1110       -0.32   0.0277477  0.00679734
        1111        -0.2   0.0275428  0.00679431
        1112       -0.08    0.027446  0.00678889
        1113           0   0.0274214  0.00678284
        1114        -0.2   0.0272172  0.00677982
        1115       -0.12   0.0270852  0.00677503
        1116       -0.28     0.02681  0.00677454
        1117        -0.2    0.026607  0.00677152
        1118       -0.08   0.0265116  0.00676613
        1119       -0.08   0.0264164  0.00676075
        1120       -0.24   0.0261786   0.0067589
        1121       -0.08   0.0260839  0.00675354
        1122       -0.16    0.025918  0.00674955
        1123        0.12   0.0260018  0.00674406
        1124       -0.08   0.0259075  0.00673872
        1125       -0.12   0.0257778  0.00673398
        1126       -0.16   0.0256128  0.00673002
        1127           0   0.0255901  0.00672409
        1128        0.04   0.0256028  0.00671814
        1129        0.04   0.0256156   0.0067122
        1130       -0.04   0.0255575  0.00670651
        1131        0.08   0.0256057  0.00670075
        1132        0.12    0.025689  0.00669535
        1133        0.04   0.0257017  0.00668946
        1134        0.08   0.0257496  0.00668373
        1135        0.32   0.0260088  0.00668287
        1136        0.12   0.0260915  0.00667749
        1137        0.28   0.0263149  0.00667536
        1138        0.04   0.0263269   0.0066695
        1139       -0.16   0.0261633  0.00666565
        1140       -0.24   0.0259298  0.00666389
        1141       -0.12   0.0258019  0.00665928
        1142           0   0.0257793  0.00665348
        1143       -0.16   0.0256168  0.00664965
        1144       -0.28   0.0253497   0.0066492
        1145       -0.28    0.025083  0.00664874
        1146       -0.36   0.0247469  0.00665142
        1147        -0.2    0.024551  0.00664851
        1148       -0.04   0.0244948  0.00664296
        1149        0.12   0.0245779  0.00663769
        1150        0.32   0.0248348  0.00663689
        1151        0.52    0.025265  0.00664505
        1152        0.52   0.0256944  0.00665315
        1153        0.68   0.0262619  0.00667154
        1154        0.56   0.0267244  0.00668177
        1155        0.68     0.02729  0.00669988
        1156        0.76   0.0279239    0.006724
        1157         0.6   0.0284183  0.00673634
        1158        0.32   0.0286701  0.00673523
        1159        0.28    0.028887  0.00673291
        1160        0.28   0.0291034  0.00673058
        1161        0.36   0.0293885  0.00673082
        1162        0.64   0.0299139  0.00674551
        1163        0.48   0.0303009   0.0067508
        1164        0.48   0.0306873  0.00675604
        1165        0.24    0.030867  0.00675263
        1166        0.32   0.0311149  0.00675139
        1167         0.4    0.031431    0.006753
        1168        0.28   0.0316438  0.00675057
        1169        0.28   0.0318563  0.00674814
        1170        0.04   0.0318632  0.00674238
        1171       -0.12   0.0317336  0.00673787
        1172        -0.2   0.0315358  0.00673502
        1173        0.12   0.0316113   0.0067297
        1174         0.2   0.0317547   0.0067255
        1175        0.36    0.032034  0.00672557
        1176        0.28   0.0322449  0.00672316
        1177        0.28   0.0324554  0.00672074
        1178        0.28   0.0326655  0.00671832
        1179        0.04   0.0326718  0.00671262
        1180        0.32   0.0329153  0.00671135
        1181         0.2   0.0330567  0.00670716
        1182        0.24   0.0332318  0.00670377
        1183           0   0.0332037  0.00669816
        1184       -0.04   0.0331419  0.00669279
        1185           0   0.0331139   0.0066872
        1186       -0.04   0.0330523  0.00668184
        1187       -0.08    0.032957  0.00667689
        1188        0.16    0.033064  0.00667213
        1189           0   0.0330362  0.00666658
        1190       -0.16   0.0328739  0.00666295
        1191       -0.12   0.0327456  0.00665859
        1192           0   0.0327181  0.00665306
        1193       -0.12   0.0325901  0.00664871
        1194       -0.12   0.0324623  0.00664437
        1195        -0.2   0.0322678  0.00664166
        1196       -0.16    0.032107  0.00663805
        1197       -0.28   0.0318463  0.00663763
        1198        -0.2   0.0316528  0.00663491
        1199        -0.4   0.0312927  0.00663913
        1200       -0.04   0.0312333  0.00663387
        1201       -0.12   0.0311074  0.00662954
        1202       -0.04   0.0310483  0.00662429
        1203       -0.16   0.0308894  0.00662068
        1204       -0.08   0.0307973  0.00661582
        1205        -0.2   0.0306058  0.00661311
        1206         0.2   0.0307463  0.00660911
        1207         0.2   0.0308865  0.00660513
        1208        0.28   0.0310927  0.00660288
        1209        0.32   0.0313317  0.00660174
        1210        0.08   0.0313719   0.0065964
        1211        0.12   0.0314451  0.00659136
        1212        0.04   0.0314521  0.00658593
        1213        0.12   0.0315251   0.0065809
        1214       -0.12   0.0314003  0.00657667
        1215        -0.2   0.0312099  0.00657401
        1216       -0.16   0.0310526  0.00657048
        1217       -0.04   0.0309942  0.00656534
        1218        0.28   0.0311987  0.00656314
        1219         0.2   0.0313372  0.00655921
        1220         0.2   0.0314754  0.00655529
        1221       -0.04   0.0314169  0.00655019
        1222       -0.28    0.031162  0.00654978
        1223       -0.32   0.0308749  0.00655072
        1224       -0.36   0.0305556  0.00655314
        1225        -0.2   0.0303673   0.0065505
        1226       -0.16   0.0302121  0.00654699
        1227        -0.2   0.0300244  0.00654435
        1228       -0.08   0.0299349  0.00653963
        1229        -0.2   0.0297478  0.00653698
        1230        0.16   0.0298537  0.00653253
        1231         0.2   0.0299919  0.00652868
        1232        0.16   0.0300974  0.00652424
        1233        0.08   0.0301379  0.00651907
        1234         0.2   0.0302755  0.00651524
        1235        0.12   0.0303482  0.00651037
        1236        0.12   0.0304207  0.00650551
        1237        0.08   0.0304608  0.00650037
        1238           0   0.0304362  0.00649517
        1239        0.24   0.0306053  0.00649213
        1240        0.16   0.0307097  0.00648773
        1241        0.08   0.0307494  0.00648262
        1242       -0.12    0.030628  0.00647854
        1243        0.12   0.0306999  0.00647373
        1244        0.08   0.0307395  0.00646865
        1245        0.48   0.0311004  0.00647351
        1246         0.4   0.0313965  0.00647508
        1247        0.32   0.0316279  0.00647402
        1248        0.24   0.0317949  0.00647099
        1249        0.24   0.0319616  0.00646795
        1250        0.16    0.032064  0.00646359
        1251       -0.08   0.0319744  0.00645904
        1252       -0.08    0.031885   0.0064545
        1253        0.04   0.0318915  0.00644935
        1254        0.16   0.0319936  0.00644502
        1255       -0.04   0.0319363  0.00644014
        1256        0.08   0.0319745  0.00643513
        1257           0   0.0319491  0.00643006
        1258       -0.04   0.0318919   0.0064252
        1259       -0.24   0.0316759  0.00642372
        1260        -0.4   0.0313333  0.00642776
        1261       -0.32   0.0310547  0.00642869
        1262       -0.36   0.0307448  0.00643106
        1263       -0.08   0.0306572  0.00642657
        1264        -0.2   0.0304747  0.00642408
        1265       -0.36    0.030166  0.00642641
        1266       -0.32   0.0298894  0.00642728
        1267       -0.08   0.0298027  0.00642279
        1268       -0.12   0.0296845  0.00641882
        1269        0.12   0.0297557  0.00641415
        1270           0   0.0297323  0.00640914
        1271           0   0.0297089  0.00640414
        1272         0.2   0.0298428  0.00640051
        1273        0.12   0.0299136  0.00639587
        1274        0.28   0.0301099  0.00639386
        1275        0.32   0.0303373  0.00639289
        1276        0.32   0.0305643  0.00639191
        1277        0.12   0.0306343  0.00638729
        1278         0.2   0.0307668  0.00638367
        1279        0.24   0.0309304  0.00638077
        1280        0.24   0.0310938  0.00637787
        1281        0.16   0.0311944  0.00637369
        1282        0.08   0.0312324  0.00636883
        1283       -0.12   0.0311146  0.00636496
        1284        -0.2   0.0309346  0.00636255
        1285       -0.36   0.0306304  0.00636486
        1286        -0.4   0.0302955  0.00636872
        1287       -0.24   0.0300855  0.00636723
        1288           0   0.0300621  0.00636233
        1289       -0.28   0.0298216  0.00636194
        1290        -0.2   0.0296434   0.0063595
        1291       -0.24   0.0294345    0.006358
        1292       -0.24    0.029226   0.0063565
        1293        0.12   0.0292962  0.00635197
        1294       -0.16   0.0291499  0.00634875
        1295       -0.16   0.0290039  0.00634553
        1296        0.12   0.0290741  0.00634102
        1297        0.12   0.0291442  0.00633652
        1298       -0.12   0.0290293  0.00633268
        1299       -0.12   0.0289145  0.00632884
        1300           0   0.0288923  0.00632401
        1301       -0.28   0.0286549  0.00632361
        1302       -0.32   0.0283871  0.00632442
        1303        -0.2   0.0282118  0.00632199
        1304       -0.28   0.0279755  0.00632156
        1305        -0.2   0.0278008  0.00631913
        1306       -0.24   0.0275957  0.00631762
        1307       -0.16   0.0274522  0.00631441
        1308       -0.04   0.0274006   0.0063098
        1309       -0.08   0.0273186  0.00630551
        1310       -0.12   0.0272061   0.0063017
        1311       -0.04   0.0271548   0.0062971
        1312           0   0.0271341  0.00629234
        1313        0.04   0.0271439  0.00628755
        1314        0.08   0.0271842   0.0062829
        1315        0.24    0.027346   0.0062802
        1316        0.08    0.027386  0.00627556
        1317        0.08    0.027426  0.00627092
        1318       -0.12   0.0273141  0.00626716
        1319        0.16   0.0274147  0.00626321
        1320        0.28   0.0276061  0.00626139
        1321        0.08   0.0276457  0.00625678
        1322        -0.2   0.0274735  0.00625441
        1323        -0.2   0.0273016  0.00625205
        1324        0.16   0.0274018  0.00624813
        1325        0.28   0.0275925  0.00624632
        1326        0.24   0.0277526  0.00624367
        1327        0.08    0.027792  0.00623908
        1328        0.12   0.0278614  0.00623477
        1329        -0.2     0.02769  0.00623244
        1330       -0.16   0.0275489  0.00622935
        1331       -0.12    0.027438  0.00622566
        1332       -0.04   0.0273874  0.00622119
        1333       -0.12   0.0272768   0.0062175
        1334        0.16   0.0273763  0.00621364
        1335         0.2   0.0275056  0.00621033
        1336         0.2   0.0276347  0.00620702
        1337        0.16   0.0277337  0.00620317
        1338        0.44   0.0280419  0.00620618
        1339        0.24   0.0282001  0.00620356
        1340        0.24   0.0283582  0.00620095
        1341        0.36   0.0286055  0.00620125
        1342        0.44   0.0289121  0.00620421
        1343        0.36   0.0291586  0.00620448
        1344        0.32    0.029375  0.00620364
        1345        0.32   0.0295911  0.00620279
        1346        0.48   0.0299257   0.0062072
        1347        0.48   0.0302598  0.00621158
        1348        0.32   0.0304748  0.00621069
        1349        0.28   0.0306597  0.00620884
        1350         0.2   0.0307852  0.00620551
        1351        0.16   0.0308808  0.00620165
        1352        0.28   0.0310651   0.0061998
        1353        0.36   0.0313082  0.00619998
        1354        0.52   0.0316691   0.0062059
        1355        0.56    0.032059  0.00621356
        1356        0.64   0.0325074  0.00622513
        1357        0.72    0.033014  0.00624112
        1358         0.6   0.0334315  0.00625048
        1359         0.8   0.0339956  0.00627128
        1360        0.56   0.0343824  0.00627858
        1361        0.44   0.0346804  0.00628104
        1362        0.28   0.0348605  0.00627901
        1363         0.2   0.0349817  0.00627557
        1364        0.16   0.0350733  0.00627164
        1365         0.2   0.0351941  0.00626821
        1366        0.24   0.0353441  0.00626541
        1367        0.32   0.0355523  0.00626429
        1368         0.2   0.0356725  0.00626086
        1369        0.08   0.0357049  0.00625637
        1370       -0.08   0.0356204  0.00625237
        1371        0.04   0.0356236  0.00624781
        1372        0.04   0.0356268  0.00624326
        1373       -0.12   0.0355135  0.00623974
        1374        -0.2   0.0353421  0.00623756
        1375       -0.28   0.0351127  0.00623723
        1376        -0.2   0.0349419  0.00623504
        1377       -0.08   0.0348584  0.00623107
        1378           0   0.0348331   0.0062266
        1379       -0.16   0.0346918  0.00622369
        1380        0.04   0.0346957  0.00621918
        1381       -0.24   0.0344967  0.00621786
        1382       -0.28   0.0342692  0.00621752
        1383       -0.36   0.0339841  0.00621956
        1384        -0.2    0.033815  0.00621736
        1385       -0.28   0.0335884    0.006217
        1386       -0.04   0.0335354  0.00621274
        1387       -0.04   0.0334823  0.00620849
        1388       -0.28   0.0332565  0.00620812
        1389       -0.16   0.0331174  0.00620521
        1390       -0.04   0.0330647  0.00620097
        1391        0.04   0.0330697  0.00619651
        1392        0.16   0.0331609  0.00619273
        1393        0.16    0.033252  0.00618896
        1394        0.04   0.0332568  0.00618452
        1395        0.32   0.0334624   0.0061835
        1396         0.4   0.0337249  0.00618464
        1397        0.28   0.0339012  0.00618273
        1398         0.2     0.03402  0.00617945
        1399        0.08   0.0340529  0.00617512
        1400        0.12   0.0341143  0.00617101
        1401       -0.08   0.0340328  0.00616714
        1402        -0.2   0.0338659    0.006165
        1403       -0.32   0.0336137  0.00616577
        1404       -0.32   0.0333618  0.00616652
        1405       -0.24   0.0331673   0.0061652
        1406       -0.16   0.0330299  0.00616234
        1407       -0.24   0.0328358  0.00616102
        1408       -0.12   0.0327273   0.0061576
        1409        0.16   0.0328176  0.00615389
        1410       -0.08   0.0327376  0.00615005
        1411       -0.08   0.0326577  0.00614621
        1412       -0.24   0.0324646  0.00614489
        1413       -0.16   0.0323284  0.00614205
        1414       -0.36   0.0320509  0.00614397
        1415       -0.16   0.0319152  0.00614112
        1416        0.04   0.0319209  0.00613679
        1417        0.28    0.032096  0.00613496
        1418        0.24   0.0322426  0.00613238
        1419        0.32   0.0324454  0.00613141
        1420         0.2   0.0325634  0.00612823
        1421        0.08   0.0325968  0.00612401
        1422        0.08   0.0326301  0.00611979
        1423        0.16   0.0327196  0.00611614
        1424        0.44   0.0330056  0.00611853
        1425        0.52   0.0333474  0.00612378
        1426         0.6   0.0337447  0.00613236
        1427        0.68   0.0341976  0.00614476
        1428        0.52   0.0345378  0.00614987
        1429        0.72   0.0350175  0.00616425
        1430         0.6   0.0354126  0.00617258
        1431        0.48   0.0357233  0.00617608
        1432        0.52   0.0360615  0.00618102
        1433        0.44   0.0363433  0.00618313
        1434        0.52   0.0366806  0.00618801
        1435        0.52   0.0370174  0.00619286
        1436        0.52   0.0373538  0.00619768
        1437        0.36   0.0375783  0.00619743
        1438        0.12   0.0376356  0.00619338
        1439         0.2   0.0377484  0.00619011
        1440        0.48   0.0380556  0.00619342
        1441         0.4   0.0383067  0.00619422
        1442         0.4   0.0385576    0.006195
        1443         0.2   0.0386694  0.00619171
        1444        0.16   0.0387535    0.006188
        1445         0.2   0.0388651  0.00618472
        1446        0.08   0.0388935  0.00618051
        1447       -0.08   0.0388113  0.00617678
        1448       -0.16    0.038674  0.00617404
        1449       -0.08   0.0385921  0.00617033
        1450       -0.04   0.0385379  0.00616631
        1451       -0.08   0.0384562   0.0061626
        1452        -0.2    0.038292  0.00616054
        1453        0.12   0.0383482  0.00615656
        1454        0.08   0.0383769  0.00615239
        1455        0.12    0.038433  0.00614842
        1456         0.2    0.038544   0.0061452
        1457        0.12   0.0385999  0.00614123
        1458        0.08   0.0386283  0.00613709
        1459        0.32   0.0388211  0.00613591
        1460        0.28   0.0389863  0.00613393
        1461         0.2   0.0390965  0.00613072
        1462        0.08   0.0391245  0.00612659
        1463       -0.04   0.0390704  0.00612264
        1464       -0.08   0.0389891    0.006119
        1465       -0.28   0.0387713   0.0061187
        1466       -0.28   0.0385539  0.00611839
        1467       -0.08   0.0384731  0.00611475
        1468        0.04   0.0384741  0.00611059
        1469        0.04   0.0384752  0.00610643
        1470        0.16   0.0385578  0.00610283
        1471        0.24   0.0386948  0.00610022
        1472       -0.04   0.0386413  0.00609631
        1473       -0.12   0.0385336  0.00609312
        1474        -0.2   0.0383718  0.00609114
        1475       -0.12   0.0382644  0.00608795
        1476           0   0.0382385  0.00608388
        1477        0.16   0.0383209  0.00608032
        1478         0.2   0.0384303  0.00607719
        1479        0.16   0.0385125  0.00607364
        1480        0.12   0.0385676  0.00606979
        1481        0.12   0.0386226  0.00606594
        1482       -0.04   0.0385695  0.00606207
        1483       -0.04   0.0385165  0.00605822
        1484       -0.04   0.0384636  0.00605437
        1485       -0.12   0.0383569  0.00605123
        1486       -0.12   0.0382503   0.0060481
        1487       -0.04   0.0381977  0.00604426
        1488        0.04   0.0381989   0.0060402
        1489       -0.16   0.0380658  0.00603761
        1490        -0.2    0.037906  0.00603567
        1491        -0.2   0.0377465  0.00603373
        1492       -0.16   0.0376139  0.00603114
        1493       -0.36   0.0373476  0.00603298
        1494       -0.28   0.0371352  0.00603268
        1495       -0.24   0.0369498  0.00603149
        1496       -0.32   0.0367112  0.00603218
        1497       -0.36   0.0364462  0.00603396
        1498           0   0.0364219  0.00602999
        1499        0.28   0.0365844  0.00602815
        1500        0.16   0.0366667  0.00602469
        1501        0.28   0.0368288  0.00602286
        1502        0.24    0.036964  0.00602037
        1503        0.16   0.0370459  0.00601692
        1504        0.08   0.0370745  0.00601299
        1505       -0.04   0.0370233  0.00600921
        1506           0   0.0369987  0.00600527
        1507       -0.32   0.0367618  0.00600596
        1508        -0.4   0.0364721  0.00600895
        1509       -0.28   0.0362624  0.00600863
        1510       -0.24   0.0360795  0.00600744
        1511       -0.28   0.0358703   0.0060071
        1512       -0.16   0.0357407  0.00600453
        1513        0.04   0.0357436  0.00600056
        1514        0.08   0.0357728  0.00599666
        1515        0.08    0.035802  0.00599278
        1516        0.16   0.0358839  0.00598938
        1517        0.16   0.0359657    0.005986
        1518       -0.24   0.0357839  0.00598481
        1519       -0.32   0.0355497  0.00598545
        1520       -0.16   0.0354211   0.0059829
        1521       -0.04   0.0353715  0.00597917
        1522       -0.12   0.0352694  0.00597611
        1523        0.08   0.0352988  0.00597226
        1524        0.08   0.0353281  0.00596841
        1525       -0.04   0.0352787  0.00596471
        1526       -0.08   0.0352031  0.00596127
        1527       -0.12   0.0351015  0.00595824
        1528       -0.08   0.0350262  0.00595481
        1529           0   0.0350033  0.00595096
        1530        0.12   0.0350588  0.00594733
        1531        0.24   0.0351927  0.00594496
        1532         0.2   0.0353003  0.00594205
        1533        0.12   0.0353555  0.00593843
        1534        0.32   0.0355411  0.00593746
        1535        0.44   0.0358046  0.00593943
        1536         0.4   0.0360417   0.0059403
        1537        0.16   0.0361223  0.00593698
        1538        0.16   0.0362029  0.00593366
        1539        0.52   0.0365172  0.00593813
        1540        0.28   0.0366753  0.00593638
        1541        0.16   0.0367554  0.00593307
        1542           0   0.0367315  0.00592927
        1543           0   0.0367077  0.00592547
        1544         0.2   0.0368135  0.00592258
        1545        0.12   0.0368673  0.00591899
        1546        0.36   0.0370763  0.00591885
        1547        0.28   0.0372334  0.00591711
        1548        0.24   0.0373643  0.00591473
        1549        0.04    0.037366  0.00591091
        1550       -0.04   0.0373161  0.00590731
        1551       -0.04   0.0372663  0.00590371
        1552       -0.32   0.0370361   0.0059044
        1553       -0.16   0.0369092  0.00590196
        1554           0   0.0368855  0.00589821
        1555       -0.28   0.0366817  0.00589793
        1556       -0.48   0.0363496  0.00590348
        1557        -0.4   0.0360694  0.00590634
        1558        0.04   0.0360719  0.00590255
        1559        0.08   0.0361001  0.00589883
        1560       -0.04   0.0360513  0.00589525
        1561       -0.16   0.0359257  0.00589281
        1562       -0.32   0.0356978  0.00589344
        1563       -0.36   0.0354447  0.00589511
        1564       -0.24   0.0352685  0.00589397
        1565        0.04   0.0352716   0.0058902
        1566       -0.16   0.0351469  0.00588776
        1567       -0.04   0.0350989   0.0058842
        1568       -0.24   0.0349235  0.00588306
        1569       -0.36   0.0346718  0.00588469
        1570       -0.28   0.0344713  0.00588436
        1571        -0.2   0.0343221   0.0058825
        1572           0   0.0343003   0.0058788
        1573       -0.04    0.034253  0.00587526
        1574           0   0.0342313  0.00587156
        1575       -0.32   0.0340063  0.00587214
        1576        -0.2   0.0338579  0.00587029
        1577       -0.12   0.0337603  0.00586738
        1578       -0.28   0.0335615  0.00586703
        1579       -0.28   0.0333629  0.00586667
        1580        -0.2   0.0332152  0.00586482
        1581        0.12   0.0332701  0.00586137
        1582           0   0.0332491   0.0058577
        1583       -0.04   0.0332028  0.00585418
        1584        0.24   0.0333333  0.00585194
        1585        0.08   0.0333628  0.00584832
        1586        0.16   0.0334426  0.00584518
        1587        0.12   0.0334972  0.00584175
        1588        0.32   0.0336776  0.00584086
        1589        0.32   0.0338578  0.00583996
        1590         0.2   0.0339623  0.00583722
        1591        0.12   0.0340163  0.00583381
        1592        0.12   0.0340704  0.00583039
        1593        0.24   0.0341996  0.00582816
        1594        0.32   0.0343789  0.00582727
        1595        0.32    0.034558  0.00582636
        1596        0.36   0.0347619  0.00582628
        1597        0.32   0.0349405  0.00582537
        1598        0.28   0.0350939  0.00582374
        1599         0.4   0.0353221  0.00582457
        1600        0.24     0.03545  0.00582233
        1601        0.08   0.0354778  0.00581876
        1602        -0.2   0.0353308  0.00581699
        1603       -0.28   0.0351341  0.00581668
        1604       -0.16   0.0350125  0.00581433
        1605       -0.12   0.0349159  0.00581151
        1606       -0.12   0.0348194  0.00580869
        1607           0   0.0347978  0.00580512
        1608       -0.12   0.0347015   0.0058023
        1609       -0.28   0.0345059  0.00580199
        1610       -0.24   0.0343354  0.00580089
        1611        -0.2   0.0341899  0.00579912
        1612       -0.08   0.0341191  0.00579595
        1613        0.12   0.0341723   0.0057926
        1614         0.2   0.0342751  0.00578993
        1615         0.2   0.0343777  0.00578725
        1616           0   0.0343564  0.00578371
        1617        0.04   0.0343599  0.00578013
        1618       -0.04    0.034314  0.00577674
        1619       -0.04   0.0342681  0.00577336
        1620        0.08   0.0342963  0.00576986
        1621        0.08   0.0343245  0.00576637
        1622        0.24   0.0344513  0.00576421
        1623        0.32   0.0346272  0.00576334
        1624         0.4   0.0348522  0.00576418
        1625        0.24   0.0349785  0.00576202
        1626       -0.04   0.0349323  0.00575866
        1627           0   0.0349109  0.00575516
        1628       -0.08   0.0348403  0.00575206
        1629         0.2   0.0349417  0.00574942
        1630        0.04   0.0349448  0.00574589
        1631        -0.2   0.0348007  0.00574418
        1632       -0.08   0.0347304  0.00574109
        1633       -0.12   0.0346356  0.00573835
        1634        0.04   0.0346389  0.00573484
        1635        0.12   0.0346911  0.00573157
        1636           0   0.0346699  0.00572811
        1637        0.04   0.0346732  0.00572461
        1638        0.36   0.0348718  0.00572456
        1639         0.2   0.0349725  0.00572195
        1640        0.16   0.0350488  0.00571897
        1641        0.24   0.0351737  0.00571685
        1642        0.16   0.0352497  0.00571387
        1643           0   0.0352282  0.00571044
        1644        0.08   0.0352555  0.00570703
        1645        0.24   0.0353799  0.00570492
        1646        0.08    0.035407  0.00570152
        1647        0.24   0.0355313  0.00569941
        1648         0.2   0.0356311  0.00569682
        1649        0.16   0.0357065  0.00569387
        1650        0.12   0.0357576  0.00569064
        1651        0.04   0.0357601   0.0056872
        1652       -0.04   0.0357143  0.00568394
        1653       -0.04   0.0356685  0.00568069
        1654        0.08   0.0356953  0.00567732
        1655       -0.08   0.0356254  0.00567432
        1656           0   0.0356039  0.00567093
        1657           0   0.0355824  0.00566755
        1658       -0.04   0.0355368  0.00566431
        1659        0.12   0.0355877  0.00566113
        1660        0.08   0.0356145  0.00565778
        1661        0.36   0.0358098  0.00565774
        1662        0.36   0.0360048   0.0056577
        1663        0.24   0.0361275  0.00565563
        1664         0.2    0.036226  0.00565309
        1665        0.28   0.0363724  0.00565159
        1666         0.2   0.0364706  0.00564905
        1667        0.32   0.0366407  0.00564822
        1668        0.28   0.0367866  0.00564672
        1669        0.24   0.0369083  0.00564465
        1670        0.32   0.0370778  0.00564381
        1671       -0.08   0.0370078  0.00564087
        1672       -0.24   0.0368421  0.00563993
        1673       -0.12   0.0367484  0.00563734
        1674       -0.08   0.0366786   0.0056344
        1675       -0.08    0.036609  0.00563147
        1676        -0.2   0.0364678  0.00562988
        1677        0.08   0.0364937  0.00562658
        1678        0.16   0.0365673  0.00562371
        1679        0.28   0.0367123  0.00562223
        1680        0.36   0.0369048  0.00562217
        1681        0.16    0.036978   0.0056193
        1682       -0.16   0.0368609  0.00561718
        1683       -0.04   0.0368152  0.00561403
        1684       -0.12   0.0367221  0.00561147
        1685       -0.28   0.0365341  0.00561129
        1686       -0.52    0.036204  0.00561766
        1687       -0.56   0.0358506  0.00562543
        1688       -0.44   0.0355687  0.00562916
        1689       -0.56   0.0352161  0.00563686
        1690        -0.2   0.0350769  0.00563524
        1691       -0.16   0.0349616  0.00563309
        1692       -0.24   0.0347991  0.00563211
        1693       -0.28   0.0346131  0.00563185
        1694       -0.08   0.0345455  0.00562893
        1695       -0.32   0.0343363  0.00562949
        1696       -0.28   0.0341509  0.00562923
        1697       -0.08   0.0340837  0.00562631
        1698       -0.28   0.0338987  0.00562604
        1699       -0.28   0.0337139  0.00562576
        1700        -0.4   0.0334588  0.00562823
        1701       -0.28   0.0332745  0.00562794
        1702       -0.28   0.0330905  0.00562764
        1703       -0.32   0.0328831  0.00562815
        1704       -0.12   0.0327934  0.00562557
        1705        0.12   0.0328446   0.0056225
        1706         0.2   0.0329426  0.00562006
        1707        0.12   0.0329936    0.005617
        1708        0.12   0.0330445  0.00561394
        1709           0   0.0330252  0.00561069
        1710       -0.16   0.0329123  0.00560854
        1711        0.08   0.0329398  0.00560533
        1712        0.28   0.0330841  0.00560391
        1713        0.24   0.0332049  0.00560194
        1714        0.24   0.0333256  0.00559997
        1715        0.04   0.0333294  0.00559671
        1716       -0.08   0.0332634  0.00559384
        1717        0.16   0.0333372  0.00559107
        1718       -0.04   0.0332945  0.00558798
        1719       -0.16   0.0331821  0.00558586
        1720        -0.2   0.0330465  0.00558425
        1721        -0.2   0.0329111  0.00558265
        1722       -0.28   0.0327294  0.00558237
        1723       -0.32   0.0325247  0.00558288
        1724       -0.16    0.032413  0.00558076
        1725        -0.2   0.0322783  0.00557915
        1726       -0.16   0.0321669  0.00557703
        1727        0.24   0.0322872   0.0055751
        1728        0.12    0.032338   0.0055721
        1729        0.16   0.0324118  0.00556937
        1730        0.12   0.0324624  0.00556638
        1731         0.2   0.0325592    0.005564
        1732       -0.08   0.0324942  0.00556117
        1733       -0.16   0.0323832  0.00555907
        1734       -0.08   0.0323183  0.00555624
        1735        0.36   0.0325072  0.00555625
        1736        0.08   0.0325346  0.00555312
        1737         0.2    0.032631  0.00555076
        1738           0   0.0326122  0.00554759
        1739        0.16   0.0326855  0.00554489
        1740        0.36   0.0328736  0.00554489
        1741        0.08   0.0329006  0.00554177
        1742       -0.04   0.0328588  0.00553875
        1743       -0.08    0.032794  0.00553595
        1744        0.08   0.0328211  0.00553284
        1745        0.24   0.0329398  0.00553094
        1746        0.12   0.0329897    0.005528
        1747         0.2   0.0330853  0.00552566
        1748        0.28   0.0332265  0.00552431
        1749        0.12   0.0332762  0.00552137
        1750        0.04     0.03328  0.00551822
        1751        0.04   0.0332838  0.00551507
        1752        0.08   0.0333105  0.00551198
        1753           0   0.0332915  0.00550887
        1754       -0.04   0.0332497  0.00550589
        1755       -0.04    0.033208  0.00550291
        1756       -0.16   0.0330979  0.00550088
        1757       -0.12   0.0330108  0.00549844
        1758       -0.12   0.0329238    0.005496
        1759        0.12   0.0329733   0.0054931
        1760        0.04   0.0329773  0.00548998
        1761        0.24   0.0330948  0.00548812
        1762        0.16   0.0331669  0.00548548
        1763        0.08   0.0331934  0.00548243
        1764        0.16   0.0332653  0.00547979
        1765         0.2   0.0333598   0.0054775
        1766         0.2   0.0334541  0.00547521
        1767        0.16   0.0335257  0.00547258
        1768        0.36   0.0337104   0.0054726
        1769        0.08   0.0337366  0.00546957
        1770        -0.2   0.0336045  0.00546807
        1771       -0.08   0.0335404  0.00546536
        1772       -0.12   0.0334537  0.00546297
        1773       -0.32   0.0332544  0.00546352
        1774       -0.32   0.0330552  0.00546407
        1775       -0.36   0.0328338  0.00546548
        1776       -0.32   0.0326351  0.00546601
        1777       -0.04   0.0325943  0.00546308
        1778       -0.08   0.0325309  0.00546038
        1779           0   0.0325126  0.00545734
        1780        0.08   0.0325393  0.00545434
        1781       -0.16   0.0324312  0.00545235
        1782       -0.36    0.032211  0.00545373
        1783        -0.4   0.0319686  0.00545606
        1784       -0.12   0.0318834  0.00545367
        1785        0.16   0.0319552  0.00545108
        1786        0.28   0.0320941   0.0054498
        1787        0.44   0.0323223  0.00545153
        1788        0.16   0.0323937  0.00544895
        1789        0.12   0.0324427  0.00544612
        1790        0.32   0.0326034  0.00544545
        1791        0.32   0.0327638  0.00544477
        1792       -0.24   0.0326116  0.00544386
        1793       -0.32   0.0324149  0.00544437
        1794        -0.2   0.0322854  0.00544288
        1795           0   0.0322674  0.00543988
        1796        0.04   0.0322717  0.00543685
        1797        0.24   0.0323873  0.00543505
        1798         0.4   0.0325918  0.00543588
        1799        0.48   0.0328405  0.00543854
        1800        0.16   0.0329111  0.00543598
        1801       -0.04   0.0328706  0.00543311
        1802           0   0.0328524  0.00543013
        1803        0.04   0.0328564  0.00542712
        1804        0.16   0.0329268  0.00542457
        1805       -0.04   0.0328864  0.00542171
        1806        0.08   0.0329125  0.00541877
        1807        0.04   0.0329164  0.00541577
        1808        0.08   0.0329425  0.00541284
        1809       -0.04   0.0329022     0.00541
        1810        0.16   0.0329724  0.00540747
        1811        0.32   0.0331309   0.0054068
        1812        0.24    0.033245  0.00540502
        1813        0.12   0.0332929  0.00540225
        1814       -0.12   0.0332084  0.00539994
        1815       -0.04    0.033168  0.00539711
        1816        -0.2   0.0330396  0.00539567
        1817        -0.2   0.0329114  0.00539422
        1818       -0.16   0.0328053   0.0053923
        1819       -0.16   0.0326993  0.00539038
        1820       -0.04   0.0326593  0.00538756
        1821        0.08   0.0326853  0.00538467
        1822        0.16   0.0327552  0.00538216
        1823        0.28   0.0328908  0.00538092
        1824        0.44    0.033114   0.0053826
        1825         0.6   0.0334247   0.0053886
        1826        0.32   0.0335816  0.00538794
        1827       -0.08   0.0335194  0.00538535
        1828           0   0.0335011  0.00538243
        1829        0.16   0.0335703  0.00537993
        1830         0.4   0.0337705  0.00538072
        1831        0.56   0.0340579  0.00538545
        1832        0.48   0.0343013  0.00538801
        1833        0.28   0.0344354  0.00538674
        1834         0.2   0.0345256  0.00538456
        1835       -0.08   0.0344632  0.00538198
        1836       -0.08   0.0344009  0.00537941
        1837       -0.24   0.0342515  0.00537856
        1838       -0.24   0.0341023   0.0053777
        1839       -0.04    0.034062  0.00537493
        1840       -0.16   0.0339565  0.00537304
        1841        0.16    0.034025  0.00537056
        1842         0.2   0.0341151   0.0053684
        1843        0.12   0.0341617  0.00536569
        1844        0.16   0.0342299  0.00536321
        1845        0.36   0.0344065  0.00536321
        1846        0.24   0.0345179  0.00536146
        1847        0.16   0.0345858  0.00535899
        1848           0   0.0345671  0.00535612
        1849        0.28   0.0346998  0.00535487
        1850        0.24   0.0348108  0.00535313
        1851        0.16   0.0348784  0.00535066
        1852        0.12   0.0349244  0.00534797
        1853        0.08   0.0349487  0.00534514
        1854        0.16   0.0350162  0.00534268
        1855        0.24   0.0351267  0.00534094
        1856         0.2   0.0352155   0.0053388
        1857        0.16   0.0352827  0.00533635
        1858        0.04   0.0352853  0.00533348
        1859        -0.2   0.0351587  0.00533211
        1860           0   0.0351398  0.00532928
        1861       -0.28   0.0349704  0.00532911
        1862       -0.36   0.0347583  0.00533046
        1863       -0.36   0.0345464  0.00533181
        1864        -0.4   0.0343133  0.00533405
        1865        -0.4   0.0340804  0.00533627
        1866        -0.4   0.0338478  0.00533848
        1867        -0.2   0.0337225  0.00533709
        1868       -0.16   0.0336188  0.00533524
        1869        0.04   0.0336223  0.00533238
        1870       -0.12   0.0335401  0.00533016
        1871       -0.16   0.0334367  0.00532832
        1872           0   0.0334188   0.0053255
        1873       -0.36   0.0332088   0.0053268
        1874       -0.52   0.0329136  0.00533213
        1875       -0.52   0.0326187  0.00533743
        1876       -0.24   0.0324733  0.00533657
        1877           0    0.032456  0.00533375
        1878           0   0.0324388  0.00533094
        1879        0.08   0.0324641  0.00532816
        1880       -0.04   0.0324255  0.00532547
        1881        0.08   0.0324508   0.0053227
        1882        0.16   0.0325186   0.0053203
        1883        0.04   0.0325226  0.00531748
        1884        0.16   0.0325902  0.00531508
        1885        0.24   0.0327003   0.0053134
        1886       -0.28   0.0325345  0.00531317
        1887           0   0.0325172  0.00531038
        1888        0.08   0.0325424  0.00530763
        1889        0.32   0.0326945    0.005307
        1890        0.04   0.0326984   0.0053042
        1891           0   0.0326811  0.00530142
        1892        0.08   0.0327061  0.00529868
        1893        0.24   0.0328156  0.00529701
        1894         0.2   0.0329039  0.00529495
        1895        0.32   0.0330554  0.00529432
        1896         0.4   0.0332489  0.00529506
        1897        0.44   0.0334634  0.00529661
        1898         0.4   0.0336565  0.00529734
        1899        0.36   0.0338283  0.00529734
        1900        0.28   0.0339579  0.00529613
        1901        0.32   0.0341084  0.00529549
        1902        0.28   0.0342376  0.00529428
        1903        0.36   0.0344088  0.00529426
        1904        0.36   0.0345798  0.00529424
        1905       -0.04   0.0345407  0.00529161
        1906           0   0.0345226  0.00528886
        1907       -0.16   0.0344206  0.00528707
        1908       -0.12   0.0343396  0.00528492
        1909        -0.4   0.0341121  0.00528705
        1910        -0.4   0.0338848  0.00528917
        1911       -0.52    0.033595  0.00529433
        1912       -0.44   0.0333473  0.00529735
        1913           0   0.0333298  0.00529461
        1914           0   0.0333124  0.00529188
        1915        -0.2   0.0331906  0.00529052
        1916       -0.28   0.0330271  0.00529028
        1917       -0.04    0.032989  0.00528766
        1918         0.2   0.0330761  0.00528562
        1919           0   0.0330589  0.00528289
        1920       -0.08       0.033  0.00528047
        1921        0.24   0.0331078  0.00527882
        1922        0.32    0.033257  0.00527818
        1923        0.48   0.0334893  0.00528055
        1924        0.48   0.0337214   0.0052829
        1925        0.52    0.033974  0.00528619
        1926        0.52   0.0342264  0.00528947
        1927        0.56   0.0344992  0.00529375
        1928        0.56   0.0347718  0.00529802
        1929        0.44   0.0349819  0.00529944
        1930        0.52   0.0352332  0.00530265
        1931        0.16   0.0352978  0.00530029
        1932           0   0.0352795  0.00529758
        1933       -0.28   0.0351164  0.00529735
        1934       -0.36   0.0349121  0.00529855
        1935       -0.08   0.0348527  0.00529614
        1936        0.12   0.0348967  0.00529359
        1937        0.28   0.0350232  0.00529237
        1938        0.36   0.0351909   0.0052923
        1939        0.36   0.0353584  0.00529222
        1940         0.4   0.0355464  0.00529283
        1941        0.44   0.0357548   0.0052942
        1942        0.16   0.0358187  0.00529186
        1943       -0.04   0.0357797  0.00528928
        1944       -0.08   0.0357202  0.00528689
        1945       -0.04   0.0356812  0.00528432
        1946         0.2   0.0357657  0.00528228
        1947        0.28   0.0358911  0.00528106
        1948        0.36   0.0360575  0.00528096
        1949        0.16   0.0361211  0.00527864
        1950           0   0.0361026  0.00527596
        1951        0.08   0.0361251  0.00527331
        1952        0.24   0.0362295  0.00527164
        1953        0.08   0.0362519  0.00526899
        1954        0.04   0.0362538  0.00526629
        1955        0.24   0.0363581  0.00526463
        1956       -0.12   0.0362781  0.00526254
        1957           0   0.0362596  0.00525989
        1958        0.32   0.0364045   0.0052592
        1959        0.48   0.0366309  0.00526139
        1960         0.4   0.0368163  0.00526197
        1961        0.24   0.0369199   0.0052603
        1962        0.08   0.0369419  0.00525767
        1963         0.2    0.037025  0.00525565
        1964       -0.04   0.0369857  0.00525312
        1965           0   0.0369669  0.00525048
        1966         0.2   0.0370498  0.00524846
        1967       -0.08   0.0369903  0.00524613
        1968       -0.08   0.0369309   0.0052438
        1969       -0.24   0.0367902  0.00524302
        1970       -0.24   0.0366497  0.00524224
        1971        0.12    0.036692  0.00523975
        1972        -0.2    0.036572  0.00523847
        1973       -0.12   0.0364927  0.00523642
        1974        -0.4   0.0362715  0.00523843
        1975       -0.44   0.0360304  0.00524133
        1976        -0.4   0.0358097  0.00524332
        1977       -0.24   0.0356702  0.00524252
        1978           0   0.0356522   0.0052399
        1979        0.24   0.0357554  0.00523827
        1980        0.12    0.035798   0.0052358
        1981        0.12   0.0358405  0.00523333
        1982        0.16   0.0359031  0.00523106
        1983        0.24   0.0360061  0.00522944
        1984         0.2   0.0360887  0.00522745
        1985        0.04   0.0360907  0.00522482
        1986        0.16   0.0361531  0.00522256
        1987           0   0.0361349  0.00521997
        1988       -0.24    0.035996  0.00521919
        1989           0   0.0359779   0.0052166
        1990        0.12   0.0360201  0.00521415
        1991        0.12   0.0360623   0.0052117
        1992       -0.04   0.0360241  0.00520922
        1993       -0.04    0.035986  0.00520675
        1994        -0.2   0.0358676  0.00520548
        1995       -0.16   0.0357694   0.0052038
        1996       -0.16   0.0356713  0.00520211
        1997       -0.16   0.0355734  0.00520043
        1998        -0.2   0.0354555  0.00519917
        1999       -0.32   0.0352776   0.0051996
        2000       -0.12      0.0352  0.00519758
