#     BLOCK:   ACTUAL_X:     X_AVE:       ERROR:
           1        5.76        5.76           0
           2        0.36        3.06     1.90919
           3           1     2.37333     1.39081
           4        0.04        1.79       1.159
           5        0.04        1.44    0.978619
           6        0.64     1.30667    0.824549
           7        2.56     1.48571    0.725936
           8           1       1.425    0.637728
           9        0.36     1.30667    0.577744
          10        1.96       1.372     0.52365
          11           0     1.24727    0.490675
          12        0.04     1.14667    0.459984
          13        0.16     1.07077    0.430817
          14        3.24     1.22571    0.426999
          15        2.56     1.31467    0.407693
          16           1       1.295    0.382686
          17        0.16     1.22824    0.365953
          18           0        1.16    0.351926
          19           0     1.09895    0.338658
          20        0.16       1.052    0.324963
          21        3.24     1.15619    0.325763
          22        1.44     1.16909    0.311211
          23           4     1.29217    0.321099
          24        1.44     1.29833    0.307779
          25           4      1.4064    0.313867
          26           1     1.39077    0.302184
          27        0.64     1.36296    0.292268
          28        0.64     1.33714    0.282968
          29        0.16     1.29655    0.276107
          30        0.04     1.25467    0.270062
          31        1.44     1.26065    0.261416
          32        1.44     1.26625    0.253307
          33        0.04     1.22909    0.248342
          34           1     1.22235    0.241129
          35           1       1.216    0.234323
          36        0.16     1.18667    0.229643
          37        1.44     1.19351    0.223538
          38        0.16     1.16632    0.219304
          39        0.36     1.14564    0.214653
          40        0.04       1.118    0.211059
          41        0.04     1.09171    0.207542
          42           0     1.06571    0.204222
          43        2.56     1.10047    0.202408
          44        1.44     1.10818    0.197955
          45           1     1.10578     0.19357
          46        0.04     1.08261    0.190744
          47        1.96     1.10128    0.187597
          48        0.64     1.09167    0.183934
          49        0.04      1.0702    0.181429
          50        0.36       1.056    0.178355
          51        0.04     1.03608    0.175967
          52        0.04     1.01692    0.173623
          53           0    0.997736    0.171404
          54        0.36    0.985926    0.168636
          55        0.36    0.974545    0.165953
          56           1       0.975     0.16299
          57        0.04    0.958596    0.160954
          58        1.44    0.966897    0.158393
          59           0    0.950508    0.156554
          60        0.36    0.940667    0.154254
          61        0.64    0.935738    0.151804
          62        1.44    0.943871    0.149573
          63           1    0.944762    0.147201
          64        1.44      0.9525    0.145105
          65        1.96       0.968    0.143698
          66        0.04    0.953939    0.142207
          67        0.36    0.945075     0.14036
          68        0.36    0.936471     0.13856
          69        1.96    0.951304    0.137343
          70        0.64    0.946857    0.135453
          71        0.16    0.935775    0.133998
          72        0.04    0.923333    0.132713
          73           0    0.910685    0.131497
          74        0.36    0.903243     0.12993
          75        0.36       0.896    0.128399
          76        0.36    0.888947    0.126903
          77        0.04    0.877922    0.125733
          78        0.64    0.874872    0.124158
          79        0.04    0.864304    0.123036
          80        0.16      0.8555    0.121812
          81        0.16    0.846914    0.120611
          82        0.04    0.837073    0.119541
          83        0.36    0.831325    0.118238
          84        3.24        0.86    0.120258
          85        0.16    0.851765    0.119125
          86        6.76    0.920465    0.136115
          87        2.56     0.93931    0.135849
          88           1        0.94    0.134307
          89        0.64    0.936629     0.13284
          90        0.64    0.933333    0.131405
          91        1.44    0.938901    0.130079
          92           0    0.928696    0.129065
          93        0.16     0.92043    0.127942
          94        0.36    0.914468    0.126719
          95        0.16    0.906526    0.125634
          96        0.36    0.900833    0.124454
          97        0.04    0.891959    0.123487
          98        0.16     0.88449    0.122453
          99           1    0.885657    0.121222
         100        0.36      0.8804    0.120123
         101        0.04    0.872079    0.119222
         102        0.36    0.867059    0.118159
         103        0.04    0.859029    0.117284
         104           0    0.850769    0.116447
         105           0    0.842667    0.115619
         106        0.04    0.835094    0.114776
         107        0.04    0.827664    0.113944
         108           1    0.829259      0.1129
         109        0.64    0.827523    0.111878
         110        0.04    0.820364    0.111089
         111        0.36    0.816216    0.110166
         112        1.96    0.826429    0.109655
         113        0.64    0.824779    0.108697
         114        3.24    0.845965    0.109788
         115        4.84    0.880696    0.114195
         116        0.36    0.876207    0.113299
         117        1.44    0.881026    0.112433
         118        1.96    0.890169    0.111851
         119        2.56    0.904202    0.111788
         120        6.76       0.953     0.12104
         121        0.64    0.950413    0.120067
         122        1.44    0.954426     0.11915
         123        4.84    0.986016    0.122297
         124        1.44    0.989677    0.121366
         125        1.44     0.99328    0.120448
         126        2.56     1.00571    0.120132
         127        1.96     1.01323    0.119421
         128        0.16     1.00656    0.118674
         129           1     1.00651    0.117754
         130           0    0.998769    0.117103
         131        0.16    0.992366    0.116384
         132        0.64    0.989697    0.115533
         133           0    0.982256    0.114903
         134        0.04    0.975224    0.114261
         135        0.36    0.970667    0.113505
         136        0.64    0.968235    0.112697
         137           0    0.961168    0.112095
         138        0.04    0.954493    0.111482
         139        2.56    0.966043    0.111276
         140           1    0.966286    0.110482
         141        0.36    0.961986    0.109782
         142        0.36    0.957746    0.109091
         143        0.64    0.955524     0.10835
         144        1.44    0.958889     0.10765
         145        0.36    0.954759    0.106987
         146        1.96    0.961644    0.106476
         147        2.56    0.972517    0.106305
         148        1.96    0.979189    0.105796
         149           1    0.979329    0.105086
         150        0.16    0.973867    0.104527
         151        0.04    0.967682    0.104018
         152           1    0.967895    0.103334
         153        0.36    0.963922    0.102735
         154        0.36        0.96    0.102142
         155        0.04    0.954065    0.101656
         156        0.64    0.952051    0.101024
         157        0.04    0.946242    0.100547
         158        0.04    0.940506    0.100074
         159           1    0.940881   0.0994458
         160        0.04     0.93525   0.0989835
         161        0.64    0.933416   0.0983857
         162        0.64    0.931605    0.097795
         163        0.16    0.926871   0.0973096
         164        0.16    0.922195   0.0968285
         165        0.16    0.917576   0.0963518
         166           0    0.912048   0.0959298
         167           1    0.912575   0.0953568
         168           0    0.907143   0.0949438
         169        0.64    0.905562   0.0943951
         170        0.64       0.904   0.0938528
         171        0.36    0.900819   0.0933579
         172        0.36    0.897674    0.092868
         173        0.04    0.892717   0.0924634
         174        0.04    0.887816   0.0920618
         175        0.04    0.882971   0.0916631
         176        0.36        0.88   0.0911905
         177        0.36    0.877062   0.0907226
         178        0.04     0.87236   0.0903347
         179        0.04    0.867709   0.0899496
         180        0.04    0.863111   0.0895674
         181        0.04    0.858564   0.0891879
         182        0.04    0.854066   0.0888112
         183        0.16    0.850273   0.0884068
         184        0.36    0.847609   0.0879665
         185        0.16    0.843892   0.0875695
         186        0.64    0.842796   0.0871056
         187           0    0.838289   0.0867563
         188        0.16    0.834681   0.0863698
         189        1.96    0.840635   0.0861178
         190        1.44    0.843789   0.0857223
         191        2.56    0.852775   0.0857431
         192        0.36    0.850208   0.0853349
         193           0    0.845803   0.0850064
         194        0.04    0.841649   0.0846697
         195        0.04    0.837538   0.0843352
         196        0.04    0.833469    0.084003
         197        0.04    0.829442   0.0836731
         198        0.16    0.826061   0.0833188
         199        1.44    0.829146   0.0829572
         200        0.64      0.8282   0.0825478
         201        0.64    0.827264   0.0821425
         202        0.36     0.82495   0.0817684
         203        0.36     0.82266   0.0813976
         204        0.36    0.820392   0.0810302
         205        0.16    0.817171    0.080699
         206           1    0.818058   0.0803121
         207           0    0.814106   0.0800213
         208        0.04    0.810385   0.0797231
         209        0.16    0.807273   0.0794023
         210        1.44    0.810286   0.0790814
         211        0.04    0.806635   0.0787908
         212        0.36    0.804528   0.0784473
         213        0.36    0.802441   0.0781068
         214           0    0.798692   0.0778317
         215        0.04    0.795163   0.0775497
         216        3.24    0.806481   0.0780123
         217           1    0.807373   0.0776579
         218        0.04    0.803853   0.0773814
         219        0.36    0.801826   0.0770546
         220           4    0.816364   0.0780636
         221           4    0.830769   0.0790284
         222        3.24    0.841622    0.079414
         223        0.04    0.838027   0.0791392
         224        0.16       0.835   0.0788438
         225        0.04    0.831467   0.0785725
         226           1    0.832212   0.0782284
         227           0    0.828546   0.0779696
         228        0.04    0.825088   0.0777043
         229        1.96    0.830044   0.0775229
         230        0.36       0.828   0.0772127
         231        0.16    0.825108   0.0769326
         232        0.36    0.823103   0.0766271
         233        0.64    0.822318   0.0763023
         234           4    0.835897   0.0771752
         235           1    0.836596   0.0768499
         236        1.44    0.839153   0.0765668
         237           1    0.839831   0.0762468
         238        1.96    0.844538   0.0760715
         239           1    0.845188    0.075756
         240        0.16    0.842333   0.0754941
         241           0    0.838838   0.0752618
         242           1    0.839504   0.0749537
         243        1.44    0.841975    0.074686
         244        0.36        0.84    0.074406
         245        0.16    0.837224   0.0741541
         246           1    0.837886   0.0738556
         247        3.24    0.847611   0.0741941
         248        0.36    0.845645    0.073921
         249        0.36    0.843695   0.0736498
         250        1.96     0.84816   0.0734905
         251           4    0.860717   0.0742627
         252           4    0.873175   0.0750056
         253        0.04    0.869881   0.0747814
         254        0.36    0.867874   0.0745139
         255        0.04    0.864627   0.0742924
         256        0.04    0.861406    0.074072
         257           0    0.858054   0.0738596
         258        0.36    0.856124   0.0735985
         259        0.64     0.85529   0.0733191
         260        0.04    0.852154   0.0731041
         261        0.16    0.849502   0.0728721
         262        0.16     0.84687   0.0726415
         263           0     0.84365   0.0724366
         264        0.04    0.840606   0.0722262
         265        0.64    0.839849   0.0719576
         266        3.24    0.848872   0.0722506
         267           1    0.849438   0.0719822
         268        3.24    0.858358   0.0722642
         269        0.64    0.857546   0.0720001
         270        0.36    0.855704    0.071757
         271        0.36    0.853875   0.0715155
         272           1    0.854412   0.0712546
         273        0.64    0.853626   0.0709979
         274        0.16    0.851095   0.0707839
         275           1    0.851636   0.0705286
         276        1.96    0.855652   0.0703873
         277        3.24     0.86426   0.0706576
         278        1.44    0.866331   0.0704338
         279           1     0.86681   0.0701829
         280        1.44    0.868857   0.0699621
         281        1.96     0.87274   0.0698208
         282        1.44    0.874752   0.0696022
         283        2.56    0.880707   0.0696105
         284        5.76    0.897887   0.0714542
         285        2.56    0.903719    0.071441
         286        1.44    0.905594   0.0712159
         287        0.04    0.902578   0.0710316
         288        0.04    0.899583    0.070848
         289           0    0.896471   0.0706712
         290        0.04    0.893517   0.0704892
         291        0.36    0.891684   0.0702708
         292        0.04    0.888767   0.0700907
         293        0.04     0.88587   0.0699113
         294           0    0.882857   0.0697384
         295        1.96    0.886508   0.0695975
         296           1    0.886892   0.0693635
         297           1    0.887273    0.069131
         298        0.64    0.886443    0.068904
         299           0    0.883478   0.0687373
         300        0.64    0.882667   0.0685129
         301        0.64     0.88186     0.06829
         302        0.36    0.880132   0.0680858
         303        0.04     0.87736   0.0679175
         304        1.96    0.880921   0.0677874
         305           1    0.881311   0.0675663
         306        0.36    0.879608   0.0673669
         307        0.36    0.877915   0.0671688
         308        0.36    0.876234   0.0669717
         309        1.96    0.879741   0.0668468
         310           1    0.880129   0.0666323
         311        2.56    0.885531   0.0666366
         312        1.96    0.888974   0.0665119
         313        0.36    0.887284   0.0663209
         314           1    0.887643   0.0661107
         315        0.16    0.885333   0.0659411
         316           0    0.882532    0.065792
         317        1.96    0.885931   0.0656721
         318           4    0.895723   0.0661917
         319        3.24    0.903072   0.0663909
         320        2.56     0.90825    0.066385
         321        4.84    0.920498   0.0672987
         322        5.76    0.935528   0.0687475
         323        3.24    0.942663   0.0689038
         324        6.76    0.960617   0.0709919
         325           9    0.985354   0.0749593
         326           9     1.00994   0.0786578
         327        7.84     1.03083    0.081143
         328           4     1.03988    0.081399
         329        1.96     1.04267   0.0811997
         330        0.16        1.04   0.0809976
         331           0     1.03686   0.0808138
         332        0.04     1.03386   0.0806262
         333        0.36     1.03183   0.0804095
         334        0.36     1.02982   0.0801939
         335        0.64     1.02866   0.0799629
         336        0.16     1.02607   0.0797667
         337        0.36     1.02409   0.0795545
         338        0.64     1.02296   0.0793273
         339           1     1.02289   0.0790933
         340        1.44     1.02412   0.0788702
         341        0.16     1.02158   0.0786796
         342        0.64     1.02047   0.0784574
         343        1.44     1.02169   0.0782382
         344        0.36     1.01977   0.0780344
         345        0.04     1.01693   0.0778599
         346        2.56     1.02139   0.0777625
         347        2.56     1.02582   0.0776647
         348        0.64     1.02471   0.0774494
         349        2.56     1.02911   0.0773524
         350        1.96     1.03177   0.0771771
         351        0.04     1.02895   0.0770089
         352        0.16     1.02648   0.0768297
         353           0     1.02357    0.076667
         354        0.16     1.02113   0.0764893
         355        0.36     1.01927   0.0762965
         356        0.64      1.0182   0.0760896
         357        0.16      1.0158   0.0759144
         358        0.04     1.01307   0.0757513
         359        0.04     1.01036   0.0755888
         360           0     1.00756   0.0754309
         361        0.16     1.00521   0.0752585
         362        3.24     1.01138   0.0753033
         363           9     1.03339   0.0782456
         364        4.84     1.04385   0.0787264
         365        2.56       1.048   0.0786202
         366        0.16     1.04557   0.0784428
         367        0.64     1.04447   0.0782369
         368           1     1.04435   0.0780244
         369           4     1.05236    0.078223
         370        7.84      1.0707   0.0801339
         371       10.24     1.09542   0.0836424
         372           4     1.10323   0.0837812
         373        0.64     1.10198   0.0835658
         374        0.16     1.09947   0.0833803
         375        0.64     1.09824    0.083167
         376           1     1.09798   0.0829462
         377        0.64     1.09676   0.0827351
         378        1.96     1.09905   0.0825477
         379        2.56      1.1029   0.0824199
         380        0.36     1.10095   0.0822261
         381        0.36       1.099   0.0820333
         382        2.56     1.10283   0.0819077
         383        3.24     1.10841   0.0818837
         384        3.24     1.11396   0.0818584
         385        6.76     1.12862    0.082949
         386        0.16     1.12611    0.082772
         387        3.24     1.13158   0.0827382
         388        3.24     1.13701   0.0827032
         389        3.24     1.14242   0.0826671
         390        0.64     1.14113   0.0824652
         391        0.04     1.13831   0.0823024
         392        0.16     1.13582   0.0821302
         393           1     1.13547    0.081922
         394        0.36      1.1335   0.0817377
         395        1.44     1.13428   0.0815344
         396        0.16     1.13182   0.0813657
         397        0.04     1.12907   0.0812072
         398           1     1.12874   0.0810038
         399           1     1.12842   0.0808014
         400        0.64      1.1272   0.0806086
         401        0.04     1.12449   0.0804532
         402        1.44     1.12527   0.0802569
         403        1.96     1.12734   0.0800845
         404        1.44     1.12812     0.07989
         405        0.64     1.12691   0.0797018
         406           1      1.1266   0.0795061
         407        0.16     1.12423   0.0793462
         408           1     1.12392   0.0791523
         409        2.56     1.12743   0.0790366
         410        0.36     1.12556    0.078866
         411        0.36      1.1237   0.0786961
         412        0.04     1.12107   0.0785491
         413           4     1.12804   0.0786676
         414        7.84     1.14425   0.0801307
         415        6.76     1.15778   0.0810722
         416           4     1.16462   0.0811647
         417        2.56     1.16796    0.081039
         418        1.96     1.16986   0.0808673
         419        0.04     1.16716   0.0807192
         420        0.64      1.1659   0.0805368
         421        0.16     1.16352   0.0803809
         422           1     1.16313   0.0801914
         423        1.96     1.16501   0.0800239
         424        1.96     1.16689   0.0798572
         425        2.56     1.17016   0.0797365
         426        1.96     1.17202   0.0795709
         427           0     1.16927   0.0794319
         428           0     1.16654   0.0792932
         429        0.64     1.16531   0.0791179
         430        0.36     1.16344   0.0789561
         431        1.44     1.16408   0.0787755
         432        1.96     1.16593   0.0786147
         433        0.16      1.1636   0.0784674
         434        0.04     1.16101   0.0783293
         435        1.44     1.16166   0.0781519
         436        1.44     1.16229   0.0779753
         437           1     1.16192   0.0777977
         438        0.64     1.16073   0.0776292
         439           1     1.16036   0.0774532
         440        1.96     1.16218   0.0772985
         441           4     1.16862   0.0773906
         442           4     1.17502   0.0774802
         443        3.24     1.17968   0.0774454
         444        0.16     1.17739    0.077305
         445        0.04     1.17483   0.0771735
         446        0.04     1.17229   0.0770424
         447        0.16     1.17002   0.0769034
         448        0.16     1.16777   0.0767647
         449        1.96     1.16953   0.0766141
         450        0.64     1.16836   0.0764528
         451        1.44     1.16896   0.0762857
         452        0.16     1.16673   0.0761496
         453        0.16      1.1645   0.0760139
         454        0.04     1.16203   0.0758868
         455        0.64     1.16088   0.0757287
         456        0.16     1.15868   0.0755944
         457        0.04     1.15624   0.0754686
         458        2.56      1.1593   0.0753661
         459        2.56     1.16235   0.0752636
         460        2.56     1.16539   0.0751613
         461        1.44     1.16599   0.0750006
         462           1     1.16563   0.0748392
         463        0.36     1.16389   0.0746977
         464        0.04     1.16147    0.074576
         465        0.04     1.15905   0.0744546
         466           4     1.16515    0.074544
         467           1      1.1648   0.0743852
         468        0.36     1.16308   0.0742462
         469           0      1.1606   0.0741293
         470        1.44     1.16119   0.0739739
         471           9     1.17783   0.0756659
         472        3.24      1.1822   0.0756316
         473        4.84     1.18994    0.075866
         474        0.36     1.18819   0.0757262
         475        0.04     1.18577   0.0756053
         476        0.64     1.18462   0.0754552
         477        0.16     1.18247   0.0753276
         478        0.04     1.18008   0.0752079
         479        0.16     1.17795    0.075081
         480        0.04     1.17558    0.074962
         481        1.44     1.17613   0.0748082
         482        0.04     1.17378   0.0746901
         483        0.64     1.17267   0.0745437
         484        0.16     1.17058    0.074419
         485        1.96     1.17221   0.0742834
         486        3.24     1.17646   0.0742523
         487        0.36     1.17478   0.0741187
         488        0.04     1.17246   0.0740033
         489        0.04     1.17014   0.0738882
         490        0.16     1.16808   0.0737662
         491        0.36     1.16644   0.0736343
         492        0.36      1.1648   0.0735029
         493           0     1.16243   0.0733917
         494        0.16      1.1604   0.0732712
         495        3.24     1.16461   0.0732435
         496        1.96     1.16621   0.0731134
         497        0.04     1.16394   0.0730014
         498        0.04     1.16169   0.0728897
         499        0.04     1.15944   0.0727783
         500           1     1.15912   0.0726334
         501        0.16     1.15713   0.0725158
         502        0.16     1.15514   0.0723986
         503           0     1.15284    0.072291
         504        0.64     1.15183   0.0721548
         505        3.24     1.15596   0.0721303
         506           1     1.15565   0.0719884
         507        0.64     1.15464   0.0718536
         508        2.56      1.1574   0.0717654
         509        3.24     1.16149   0.0717409
         510        3.24     1.16557   0.0717159
         511        1.44     1.16611   0.0715776
         512        2.56     1.16883   0.0714895
         513           4     1.17435   0.0715629
         514           1     1.17401   0.0714245
         515           0     1.17173   0.0713222
         516        3.24     1.17574   0.0712965
         517           0     1.17346   0.0711948
         518           1     1.17313   0.0710582
         519        4.84     1.18019   0.0712716
         520        6.76     1.19092   0.0719378
         521        7.84     1.20369    0.072923
         522        7.84      1.2164   0.0738832
         523        6.76       1.227   0.0744984
         524        5.76     1.23565   0.0748568
         525           4     1.24091   0.0748991
         526        5.76     1.24951   0.0752479
         527        5.76     1.25806   0.0755903
         528        1.96     1.25939   0.0754588
         529        0.36     1.25769   0.0753353
         530        0.16     1.25562   0.0752216
         531        0.36     1.25394   0.0750989
         532        2.56     1.25639   0.0749978
         533        1.44     1.25674   0.0748579
         534        0.04     1.25446   0.0747524
         535           1     1.25398   0.0746142
         536        0.36     1.25231   0.0744936
         537        1.96     1.25363   0.0743666
         538           1     1.25316   0.0742298
         539        0.04     1.25091   0.0741262
         540        0.36     1.24926   0.0740073
         541           1      1.2488   0.0738719
         542           1     1.24834   0.0737371
         543        0.36      1.2467   0.0736194
         544        0.16     1.24471   0.0735112
         545        0.16     1.24272   0.0734032
         546        0.04     1.24051   0.0733019
         547           1     1.24007   0.0731692
         548           1     1.23964    0.073037
         549        1.96     1.24095   0.0729157
         550        2.56     1.24335   0.0728226
         551        0.36     1.24174    0.072708
         552        1.44      1.2421   0.0725772
         553        0.04     1.23993   0.0724785
         554        0.16     1.23798   0.0723739
         555        0.36      1.2364   0.0722608
         556        0.16     1.23446   0.0721567
         557        0.36     1.23289   0.0720443
         558        0.36     1.23133   0.0719321
         559        1.44      1.2317   0.0718044
         560        2.56     1.23407   0.0717154
         561        1.44     1.23444   0.0715885
         562        0.16     1.23253   0.0714866
         563        0.16     1.23062    0.071385
         564        0.16     1.22872   0.0712837
         565        0.04     1.22662   0.0711886
         566           0     1.22445   0.0710958
         567           0     1.22229   0.0710032
         568           0     1.22014   0.0709108
         569           1     1.21975   0.0707872
         570        1.44     1.22014   0.0706641
         571           0       1.218   0.0705726
         572        0.64     1.21699   0.0704565
         573        0.16     1.21515   0.0703577
         574        0.16     1.21331   0.0702591
         575        2.56     1.21565   0.0701759
         576        5.76     1.22354   0.0704962
         577        2.56     1.22586    0.070412
         578        6.76     1.23543   0.0709382
         579        1.96     1.23668   0.0708267
         580        1.44     1.23703   0.0707055
         581        0.64     1.23601   0.0705913
         582        0.04     1.23395   0.0704999
         583           0     1.23184   0.0704107
         584           1     1.23144   0.0702913
         585           0     1.22933   0.0702026
         586           0     1.22724   0.0701142
         587        0.04     1.22521   0.0700239
         588        0.04      1.2232   0.0699338
         589        0.04     1.22119   0.0698439
         590        1.44     1.22156   0.0697265
         591        3.24     1.22497   0.0696921
         592        3.24     1.22838   0.0696575
         593        0.16     1.22658   0.0695633
         594        0.36     1.22512   0.0694615
         595        0.64     1.22413   0.0693517
         596        2.56     1.22638   0.0692716
         597        1.96      1.2276   0.0691664
         598        0.36     1.22615    0.069066
         599        1.96     1.22738   0.0689615
         600        3.24     1.23073   0.0689281
         601           4     1.23534   0.0689673
         602        2.56     1.23754   0.0688878
         603        0.36     1.23609   0.0687889
         604        0.64      1.2351   0.0686821
         605        0.04     1.23312    0.068597
         606           0     1.23109    0.068514
         607           0     1.22906   0.0684311
         608           0     1.22704   0.0683484
         609        0.16     1.22529   0.0682587
         610        0.16     1.22354   0.0681691
         611        0.16      1.2218   0.0680797
         612        0.36     1.22039   0.0679831
         613           0      1.2184   0.0679013
         614        0.16     1.21668   0.0678126
         615        0.04     1.21476   0.0677293
         616        0.64     1.21383   0.0676258
         617        2.56     1.21601   0.0675514
         618        0.36     1.21463   0.0674563
         619        0.36     1.21325   0.0673614
         620        0.04     1.21135   0.0672793
         621        0.04     1.20947   0.0671974
         622           1     1.20913   0.0670902
         623        1.44      1.2095   0.0669836
         624        0.64     1.20859   0.0668825
         625        0.16     1.20691   0.0667965
         626        0.04     1.20505   0.0667158
         627           0     1.20313   0.0666371
         628        0.16     1.20146   0.0665516
         629        0.36     1.20013   0.0664593
         630        0.16     1.19848   0.0663743
         631        0.64     1.19759    0.066275
         632        0.36     1.19627   0.0661834
         633        3.24     1.19949   0.0661575
         634           0      1.1976   0.0660802
         635        0.16     1.19597   0.0659964
         636        0.16     1.19434   0.0659127
         637        0.04     1.19253   0.0658341
         638        0.16     1.19091   0.0657508
         639           1     1.19061   0.0656486
         640        0.64     1.18975   0.0655517
         641           0     1.18789   0.0654757
         642           1      1.1876   0.0653744
         643        0.36     1.18631   0.0652854
         644        0.16     1.18472   0.0652034
         645        0.64     1.18388   0.0651078
         646           0     1.18204   0.0650328
         647        0.64     1.18121   0.0649377
         648        0.04     1.17944   0.0648614
         649        1.96     1.18065   0.0647726
         650        5.76     1.18769   0.0650549
         651       12.96     1.20578   0.0674215
         652          16     1.22847   0.0710338
         653        7.84     1.23859   0.0716429
         654           9     1.25046   0.0725097
         655        6.76     1.25887   0.0728852
         656           9     1.27067   0.0737232
         657        1.44     1.27093   0.0736114
         658        0.36     1.26954   0.0735126
         659        0.36     1.26816    0.073414
         660        0.64     1.26721   0.0733089
         661        3.24      1.2702   0.0732587
         662        1.96     1.27124   0.0731555
         663           0     1.26932   0.0730703
         664        0.16     1.26765   0.0729793
         665           0     1.26574   0.0728945
         666           0     1.26384   0.0728098
         667        0.04     1.26201   0.0727238
         668        0.04     1.26018   0.0726379
         669        0.16     1.25854   0.0725479
         670        0.04     1.25672   0.0724624
         671           1     1.25633   0.0723555
         672        1.96     1.25738   0.0722554
         673           1       1.257    0.072149
         674        1.44     1.25727   0.0720425
         675        0.64     1.25636   0.0719415
         676        1.44     1.25663   0.0718356
         677        3.24     1.25956   0.0717892
         678           1     1.25917   0.0716844
         679           1     1.25879   0.0715798
         680        0.04       1.257    0.071497
         681        0.04     1.25521   0.0714143
         682        0.04     1.25343   0.0713319
         683        0.16     1.25183   0.0712454
         684        0.16     1.25023   0.0711591
         685        0.16     1.24864    0.071073
         686        0.64     1.24776   0.0709749
         687        0.04       1.246   0.0708934
         688        0.16     1.24442   0.0708079
         689        0.36     1.24313   0.0707168
         690        0.64     1.24226   0.0706197
         691        0.64     1.24139   0.0705229
         692        1.44     1.24168   0.0704216
         693           1     1.24133   0.0703208
         694           1     1.24098   0.0702203
         695        1.44     1.24127   0.0701199
         696           1     1.24092     0.07002
         697        2.56     1.24281   0.0699451
         698        3.24     1.24567   0.0699034
         699        7.84     1.25511   0.0704371
         700        7.84     1.26451   0.0709619
         701       10.24     1.27732   0.0720065
         702           4      1.2812   0.0720083
         703        1.44     1.28142   0.0719062
         704        0.04     1.27966   0.0718257
         705           0     1.27784   0.0717467
         706        0.36     1.27654   0.0716569
         707        0.64     1.27564   0.0715612
         708        0.04      1.2739   0.0714814
         709           0      1.2721   0.0714032
         710        0.36     1.27082   0.0713141
         711        3.24     1.27359   0.0712676
         712        1.96     1.27455    0.071174
         713        0.64     1.27366   0.0710798
         714        0.16      1.2721   0.0709973
         715        0.04     1.27038   0.0709189
         716        1.44     1.27061   0.0708203
         717        2.56     1.27241   0.0707443
         718        4.84     1.27738   0.0708201
         719        1.96     1.27833    0.070728
         720           4     1.28211   0.0707307
         721        1.96     1.28305   0.0706388
         722           1     1.28266   0.0705421
         723        1.96      1.2836   0.0704507
         724        3.24      1.2863   0.0704052
         725        1.44     1.28651   0.0703084
         726        0.36     1.28523   0.0702232
         727        0.16     1.28369   0.0701436
         728        1.44      1.2839   0.0700476
         729        1.96     1.28483   0.0699577
         730        4.84      1.2897   0.0700311
         731        0.36     1.28843   0.0699469
         732        1.96     1.28934   0.0698573
         733           1     1.28895   0.0697631
         734           1     1.28856   0.0696692
         735        3.24     1.29121    0.069625
         736        0.64     1.29033    0.069536
         737        1.44     1.29053    0.069442
         738        3.24     1.29317   0.0693981
         739        0.64     1.29229   0.0693098
         740        0.64     1.29141   0.0692218
         741           0     1.28966   0.0691503
         742           1     1.28927   0.0690582
         743        1.44     1.28948   0.0689655
         744        0.16     1.28796   0.0688895
         745        0.16     1.28644   0.0688137
         746           1     1.28606   0.0687225
         747           1     1.28568   0.0686316
         748        0.36     1.28444    0.068551
         749        0.04     1.28278   0.0684796
         750        0.04     1.28112   0.0684084
         751        0.04     1.27947   0.0683372
         752        1.96     1.28037   0.0682523
         753        1.44     1.28058    0.068162
         754           1     1.28021   0.0680727
         755           1     1.27984   0.0679835
         756           4     1.28344   0.0679887
         757           1     1.28306   0.0678999
         758        0.64     1.28222   0.0678157
         759           1     1.28184   0.0677273
         760           1     1.28147   0.0676392
         761        0.36     1.28026   0.0675612
         762        0.36     1.27906   0.0674833
         763        0.04     1.27743   0.0674144
         764        0.64      1.2766   0.0673313
         765        1.44     1.27681   0.0672437
         766           0     1.27514   0.0671765
         767        0.36     1.27395   0.0670995
         768        0.64     1.27312   0.0670173
         769        0.36     1.27194   0.0669406
         770        0.16     1.27049   0.0668693
         771        0.64     1.26968   0.0667875
         772        0.36      1.2685   0.0667114
         773           4     1.27203   0.0667186
         774           4     1.27556   0.0667255
         775        1.96     1.27644   0.0666452
         776        1.44     1.27665   0.0665597
         777        2.56      1.2783   0.0664945
         778        0.04     1.27671   0.0664281
         779        0.16     1.27528   0.0663583
         780           1     1.27492   0.0662741
         781        0.16      1.2735   0.0662046
         782           0     1.27187     0.06614
         783        0.04     1.27029   0.0660742
         784           1     1.26995   0.0659909
         785        1.44     1.27017   0.0659072
         786           1     1.26982   0.0658242
         787        0.64     1.26902   0.0657454
         788        0.64     1.26822   0.0656668
         789        0.04     1.26667   0.0656021
         790           1     1.26633   0.0655199
         791        0.36     1.26518   0.0654471
         792           0     1.26359   0.0653839
         793        0.36     1.26245   0.0653114
         794           0     1.26086   0.0652485
         795        0.16     1.25947   0.0651811
         796        1.44      1.2597   0.0650996
         797           4     1.26314   0.0651087
         798           4     1.26657   0.0651174
         799        4.84     1.27104   0.0651893
         800        1.44     1.27125   0.0651081
         801        0.16     1.26986   0.0650416
         802        0.36     1.26873   0.0649704
         803        0.04      1.2672   0.0649075
         804        0.04     1.26567   0.0648447
         805        0.36     1.26455   0.0647739
         806        0.64     1.26377   0.0646982
         807        0.16      1.2624   0.0646325
         808        0.04     1.26089   0.0645702
         809        0.16     1.25953   0.0645047
         810        0.64     1.25877   0.0644296
         811        1.44     1.25899   0.0643506
         812        0.04     1.25749   0.0642888
         813        0.16     1.25614   0.0642239
         814        0.04     1.25464   0.0641624
         815        0.36     1.25355   0.0640931
         816        0.16     1.25221   0.0640285
         817        1.44     1.25244   0.0639506
         818        1.96      1.2533   0.0638782
         819        0.04     1.25182   0.0638174
         820        0.36     1.25073   0.0637489
         821        0.16      1.2494   0.0636851
         822           0     1.24788   0.0636257
         823        0.04     1.24642   0.0635653
         824        0.16      1.2451   0.0635019
         825        0.16     1.24378   0.0634385
         826        0.04     1.24232   0.0633784
         827        0.04     1.24087   0.0633185
         828        0.04     1.23942   0.0632586
         829        0.04     1.23797   0.0631988
         830        3.24     1.24039   0.0631687
         831        1.44     1.24063   0.0630932
         832        1.44     1.24087   0.0630178
         833           4     1.24418   0.0630291
         834        2.56     1.24576   0.0629733
         835           1     1.24546   0.0628986
         836           1     1.24517    0.062824
         837        2.56     1.24674   0.0627686
         838        2.56     1.24831   0.0627132
         839        0.16     1.24701   0.0626519
         840        0.16     1.24571   0.0625907
         841        0.36     1.24466   0.0625251
         842        2.56     1.24622   0.0624704
         843           1     1.24593    0.062397
         844        3.24     1.24829   0.0623677
         845           4     1.25155   0.0623789
         846        2.56      1.2531   0.0623243
         847        6.76      1.2596   0.0625889
         848        3.24     1.26193   0.0625587
         849        2.56     1.26346   0.0625037
         850        2.56     1.26499   0.0624488
         851        0.16     1.26369   0.0623889
         852        0.16     1.26239   0.0623291
         853        0.16      1.2611   0.0622694
         854        0.64     1.26037   0.0622008
         855        0.64     1.25965   0.0621322
         856        4.84     1.26383   0.0622003
         857           1     1.26352   0.0621285
         858        1.44     1.26373   0.0620564
         859        2.56     1.26524   0.0620025
         860        3.24     1.26753   0.0619729
         861        0.04     1.26611   0.0619173
         862        2.56     1.26761   0.0618637
         863        0.64     1.26688   0.0617963
         864        1.96     1.26769     0.06173
         865        0.36     1.26664   0.0616675
         866        0.04     1.26522   0.0616126
         867        0.36     1.26418   0.0615504
         868        1.96     1.26498   0.0614847
         869           0     1.26352   0.0614311
         870        0.16     1.26225   0.0613736
         871        0.64     1.26154   0.0613073
         872        1.96     1.26234   0.0612422
         873           4     1.26548   0.0612523
         874        1.44     1.26568   0.0611826
         875        0.64     1.26496   0.0611168
         876           1     1.26466   0.0610478
         877        3.24     1.26691   0.0610197
         878        1.96      1.2677   0.0609553
         879        2.56     1.26917   0.0609037
         880        1.96     1.26995   0.0608396
         881        4.84     1.27401   0.0609053
         882           1      1.2737   0.0608371
         883        3.24     1.27592   0.0608089
         884        3.24     1.27814   0.0607807
         885        2.56     1.27959   0.0607293
         886        0.04     1.27819   0.0606768
         887        0.36     1.27716   0.0606173
         888        0.04     1.27577    0.060565
         889        1.44     1.27595   0.0604972
         890           1     1.27564     0.06043
         891        0.36     1.27461   0.0603709
         892           1      1.2743    0.060304
         893        1.96     1.27507   0.0602414
         894        3.24     1.27727   0.0602141
         895        0.04     1.27589   0.0601626
         896        0.16     1.27464   0.0601084
         897        0.04     1.27327   0.0600571
         898        0.64     1.27256   0.0599944
         899        0.04     1.27119   0.0599433
         900        0.04     1.26982   0.0598923
         901           1     1.26952   0.0598266
         902        3.24     1.27171   0.0598001
         903        3.24     1.27389   0.0597736
         904        3.24     1.27606   0.0597471
         905        2.56     1.27748   0.0596979
         906        0.64     1.27678   0.0596361
         907        2.56     1.27819   0.0595872
         908        3.24     1.28035   0.0595607
         909        5.76     1.28528   0.0596987
         910        5.76      1.2902   0.0598353
         911           9     1.29866   0.0603651
         912           4     1.30162   0.0603716
         913        0.16     1.30037   0.0603184
         914        1.44     1.30053   0.0602526
         915        0.16     1.29928   0.0601996
         916        0.64     1.29856   0.0601382
         917           1     1.29823   0.0600735
         918        1.44     1.29839   0.0600083
         919        0.36     1.29737   0.0599517
         920        0.64     1.29665   0.0598908
         921        0.64     1.29594     0.05983
         922        0.04     1.29458   0.0597806
         923        1.44     1.29473    0.059716
         924        0.64     1.29403   0.0596556
         925        0.64     1.29332   0.0595953
         926           1       1.293   0.0595318
         927        0.04     1.29165   0.0594829
         928        0.04      1.2903   0.0594341
         929        0.64      1.2896   0.0593742
         930        0.36      1.2886   0.0593188
         931        0.64     1.28791   0.0592592
         932           1      1.2876   0.0591964
         933        1.44     1.28776   0.0591332
         934        1.44     1.28792   0.0590701
         935        0.64     1.28723    0.059011
         936        1.96     1.28795   0.0589523
         937           0     1.28657   0.0589054
         938           1     1.28627   0.0588434
         939        4.84     1.29005   0.0589023
         940        4.84     1.29383   0.0589606
         941        4.84      1.2976   0.0590183
         942        3.24     1.29966   0.0589916
         943        0.64     1.29896   0.0589332
         944        1.44     1.29911    0.058871
         945        0.04     1.29778   0.0588238
         946        0.64     1.29708   0.0587657
         947        0.64     1.29639   0.0587077
         948        0.36      1.2954   0.0586541
         949           0     1.29404   0.0586082
         950        0.36     1.29305   0.0585547
         951        0.16     1.29186   0.0585053
         952        0.36     1.29088    0.058452
         953        2.56     1.29221   0.0584058
         954        0.64     1.29153   0.0583486
         955        1.96     1.29223   0.0582917
         956        0.64     1.29155   0.0582347
         957           0      1.2902   0.0581895
         958        0.16     1.28902   0.0581407
         959           0     1.28767   0.0580957
         960        0.64       1.287   0.0580391
         961        0.04      1.2857   0.0579932
         962        0.36     1.28474   0.0579409
         963        0.36     1.28378   0.0578887
         964           0     1.28245   0.0578439
         965        0.16     1.28128   0.0577957
         966        0.16     1.28012   0.0577475
         967        0.16     1.27897   0.0576994
         968           0     1.27764   0.0576549
         969        0.16     1.27649    0.057607
         970           0     1.27518   0.0575626
         971           0     1.27386   0.0575183
         972           4     1.27667   0.0575275
         973        0.16     1.27552   0.0574798
         974           0     1.27421   0.0574357
         975        0.36     1.27327   0.0573844
         976           0     1.27197   0.0573405
         977        0.64     1.27132   0.0572854
         978        4.84     1.27497   0.0573429
         979           1     1.27469   0.0572851
         980        0.64     1.27404   0.0572303
         981        0.36     1.27311   0.0571795
         982        0.16     1.27198   0.0571325
         983        0.04     1.27072   0.0570881
         984           4      1.2735   0.0570975
         985        1.44     1.27366   0.0570397
         986        0.04     1.27241   0.0569956
         987        0.64     1.27177   0.0569415
         988        0.64     1.27113   0.0568874
         989        0.64      1.2705   0.0568335
         990        1.96     1.27119   0.0567803
         991        0.36     1.27027   0.0567305
         992        1.44     1.27044   0.0566736
         993        0.16     1.26933   0.0566275
         994        0.36     1.26841   0.0565779
         995        1.44     1.26858   0.0565213
         996        0.16     1.26747   0.0564755
         997        0.64     1.26684   0.0564224
         998           1     1.26657   0.0563665
         999        1.44     1.26675   0.0563104
        1000        0.16     1.26564   0.0562649
        1001        0.36     1.26474    0.056216
        1002        0.36     1.26383   0.0561671
        1003        0.36     1.26293   0.0561184
        1004        0.04     1.26171   0.0560757
        1005        0.16     1.26062   0.0560306
        1006        0.36     1.25972   0.0559821
        1007        0.36     1.25883   0.0559336
        1008           1     1.25857   0.0558787
        1009           1     1.25832   0.0558239
        1010        1.44      1.2585   0.0557689
        1011        0.16     1.25741   0.0557243
        1012        0.16     1.25632   0.0556798
        1013        0.36     1.25544   0.0556319
        1014        0.04     1.25424   0.0555899
        1015        0.36     1.25336   0.0555421
        1016        0.04     1.25217   0.0555003
        1017        0.64     1.25156    0.055449
        1018           0     1.25033   0.0554082
        1019        0.16     1.24926   0.0553641
        1020        0.16      1.2482   0.0553201
        1021        1.96     1.24889   0.0552704
        1022           4     1.25159   0.0552818
        1023        1.44     1.25177   0.0552281
        1024        0.04     1.25059   0.0551868
        1025        0.64     1.24999   0.0551362
        1026           4     1.25267   0.0551475
        1027           0     1.25145   0.0551073
        1028        0.16     1.25039    0.055064
        1029        0.16     1.24933   0.0550206
        1030        0.64     1.24874   0.0549704
        1031           0     1.24753   0.0549304
        1032        0.64     1.24694   0.0548804
        1033        0.16     1.24589   0.0548373
        1034           0     1.24468   0.0547975
        1035        0.04     1.24352   0.0547569
        1036        0.04     1.24236   0.0547164
        1037        0.04      1.2412   0.0546759
        1038           0        1.24   0.0546363
        1039        0.36     1.23915   0.0545903
        1040        0.04       1.238     0.05455
        1041        0.04     1.23685   0.0545097
        1042           1     1.23662   0.0544579
        1043        1.96     1.23732   0.0544101
        1044        0.04     1.23617     0.05437
        1045        1.96     1.23686   0.0543224
        1046        0.64     1.23629   0.0542735
        1047        0.04     1.23515   0.0542337
        1048           1     1.23492   0.0541824
        1049        3.24     1.23684   0.0541645
        1050        5.76     1.24114   0.0542839
        1051        2.56      1.2424   0.0542468
        1052        0.64     1.24183   0.0541982
        1053        2.56     1.24308   0.0541612
        1054        2.56     1.24433   0.0541242
        1055           4     1.24694   0.0541359
        1056        4.84     1.25034   0.0541915
        1057        4.84     1.25374   0.0542465
        1058           4     1.25633   0.0542573
        1059        1.44     1.25651   0.0542063
        1060        7.84     1.26272   0.0545099
        1061        3.24     1.26458   0.0544903
        1062       11.56     1.27427   0.0552947
        1063        7.84     1.28045   0.0555865
        1064        6.76      1.2856   0.0557723
        1065        1.44     1.28575   0.0557202
        1066        2.56     1.28694   0.0556807
        1067        1.96     1.28757   0.0556321
        1068        3.24      1.2894     0.05561
        1069        1.44     1.28954   0.0555582
        1070        0.36     1.28867   0.0555131
        1071        0.36     1.28781    0.055468
        1072        0.16     1.28675   0.0554262
        1073        0.04     1.28559   0.0553868
        1074           0     1.28439   0.0553481
        1075        0.04     1.28324   0.0553087
        1076        3.24     1.28506   0.0552872
        1077        1.96     1.28568   0.0552394
        1078        0.64     1.28508   0.0551915
        1079        0.36     1.28423    0.055147
        1080        0.16     1.28319   0.0551057
        1081        2.56     1.28437   0.0550674
        1082        0.16     1.28333   0.0550263
        1083        0.16     1.28229   0.0549853
        1084           0     1.28111   0.0549473
        1085        0.64     1.28052   0.0548998
        1086        1.96     1.28114   0.0548528
        1087        6.76     1.28618   0.0550335
        1088        4.84     1.28945   0.0550797
        1089        2.56     1.29062   0.0550415
        1090        3.24      1.2924     0.05502
        1091           1     1.29214   0.0549703
        1092        4.84     1.29538   0.0550159
        1093        1.44     1.29552   0.0549657
        1094        0.64     1.29492   0.0549187
        1095           0     1.29374   0.0548813
        1096        0.16      1.2927    0.054841
        1097        2.56     1.29386   0.0548031
        1098           4     1.29632   0.0548086
        1099           4     1.29878   0.0548139
        1100           4     1.30124   0.0548191
        1101        0.36     1.30038   0.0547759
        1102        0.04     1.29924   0.0547382
        1103        0.04      1.2981   0.0547005
        1104        0.36     1.29725   0.0546575
        1105        1.96     1.29785   0.0546113
        1106        0.16     1.29682   0.0545716
        1107        1.44     1.29695   0.0545225
        1108        1.44     1.29708   0.0544734
        1109        4.84     1.30027   0.0545179
        1110        2.56     1.30141   0.0544806
        1111           1     1.30113   0.0544323
        1112        0.16     1.30011    0.054393
        1113           0     1.29894   0.0543567
        1114           1     1.29867   0.0543085
        1115        0.36     1.29783   0.0542663
        1116        1.96     1.29842    0.054221
        1117           1     1.29816   0.0541731
        1118        0.16     1.29714   0.0541342
        1119        0.16     1.29612   0.0540953
        1120        1.44     1.29625   0.0540472
        1121        0.16     1.29524   0.0540085
        1122        0.64     1.29465   0.0539635
        1123        0.36     1.29382   0.0539219
        1124        0.16     1.29281   0.0538833
        1125        0.36     1.29198   0.0538418
        1126        0.64      1.2914   0.0537971
        1127           0     1.29026   0.0537616
        1128        0.04     1.28915   0.0537253
        1129        0.04     1.28804   0.0536892
        1130        0.04     1.28694    0.053653
        1131        0.16     1.28594   0.0536148
        1132        0.36     1.28512   0.0535737
        1133        0.04     1.28402   0.0535377
        1134        0.16     1.28303   0.0534996
        1135        2.56     1.28416   0.0534643
        1136        0.36     1.28335   0.0534235
        1137        1.96     1.28394   0.0533798
        1138        0.04     1.28285   0.0533441
        1139        0.64     1.28228   0.0533002
        1140        1.44     1.28242   0.0532536
        1141        0.36     1.28161   0.0532131
        1142           0     1.28049   0.0531783
        1143        0.64     1.27993   0.0531348
        1144        1.96     1.28052   0.0530916
        1145        1.96     1.28112   0.0530486
        1146        3.24     1.28283   0.0530298
        1147           1     1.28258   0.0529842
        1148        0.04      1.2815   0.0529491
        1149        0.36      1.2807   0.0529091
        1150        2.56     1.28181   0.0528748
        1151        6.76     1.28657   0.0530426
        1152        6.76     1.29132   0.0532089
        1153       11.56     1.30023    0.053903
        1154        7.84     1.30589   0.0541533
        1155       11.56     1.31477   0.0548294
        1156       14.44     1.32612   0.0559452
        1157           9     1.33276   0.0562886
        1158        2.56     1.33382     0.05625
        1159        1.96     1.33436    0.056204
        1160        1.96      1.3349   0.0561582
        1161        3.24     1.33654   0.0561338
        1162       10.24      1.3442    0.056606
        1163        5.76       1.348   0.0566845
        1164        5.76     1.35179   0.0567624
        1165        1.44     1.35186   0.0567137
        1166        2.56      1.3529   0.0566745
        1167           4     1.35517   0.0566714
        1168        1.96     1.35568   0.0566252
        1169        1.96      1.3562   0.0565791
        1170        0.04     1.35508   0.0565419
        1171        0.36     1.35423      0.0565
        1172           1     1.35392   0.0564526
        1173        0.36     1.35308   0.0564109
        1174           1     1.35278   0.0563636
        1175        3.24     1.35438   0.0563385
        1176        1.96      1.3549    0.056293
        1177        1.96     1.35541   0.0562475
        1178        1.96     1.35593   0.0562021
        1179        0.04     1.35481   0.0561655
        1180        2.56     1.35583   0.0561272
        1181           1     1.35553   0.0560805
        1182        1.44      1.3556   0.0560331
        1183           0     1.35445   0.0559974
        1184        0.04     1.35334   0.0559611
        1185           0      1.3522   0.0559256
        1186        0.04      1.3511   0.0558894
        1187        0.16     1.35009   0.0558513
        1188        0.64     1.34949   0.0558075
        1189           0     1.34836   0.0557721
        1190        0.64     1.34776   0.0557284
        1191        0.36     1.34694   0.0556878
        1192           0     1.34581   0.0556525
        1193        0.36     1.34498    0.055612
        1194        0.36     1.34415   0.0555715
        1195           1     1.34387   0.0555258
        1196        0.64     1.34328   0.0554825
        1197        1.96     1.34379   0.0554385
        1198           1     1.34351    0.055393
        1199           4     1.34572   0.0553911
        1200        0.04     1.34463   0.0553556
        1201        0.36     1.34381   0.0553156
        1202        0.04     1.34273   0.0552802
        1203        0.64     1.34214   0.0552373
        1204        0.16     1.34116   0.0552002
        1205           1     1.34088   0.0551551
        1206           1      1.3406   0.0551101
        1207           1     1.34031   0.0550651
        1208        1.96     1.34083   0.0550219
        1209        2.56     1.34184   0.0549857
        1210        0.16     1.34086   0.0549489
        1211        0.36     1.34005   0.0549095
        1212        0.04     1.33898   0.0548747
        1213        0.36     1.33817   0.0548354
        1214        0.36     1.33736   0.0547961
        1215           1     1.33709   0.0547517
        1216        0.64     1.33651   0.0547097
        1217        0.04     1.33545   0.0546751
        1218        1.96     1.33596   0.0546326
        1219           1     1.33568   0.0545885
        1220           1     1.33541   0.0545445
        1221        0.04     1.33435   0.0545101
        1222        1.96     1.33486   0.0544679
        1223        2.56     1.33586   0.0544326
        1224        3.24     1.33742   0.0544103
        1225           1     1.33714   0.0543666
        1226        0.64     1.33657   0.0543252
        1227           1      1.3363   0.0542817
        1228        0.16     1.33534   0.0542459
        1229           1     1.33507   0.0542025
        1230        0.64      1.3345   0.0541613
        1231           1     1.33423    0.054118
        1232        0.64     1.33367    0.054077
        1233        0.16     1.33272   0.0540415
        1234           1     1.33245   0.0539984
        1235        0.36     1.33166   0.0539604
        1236        0.36     1.33087   0.0539225
        1237        0.16     1.32993   0.0538872
        1238           0     1.32885   0.0538544
        1239        1.44     1.32894    0.053811
        1240        0.64     1.32839   0.0537705
        1241        0.16     1.32745   0.0537354
        1242        0.36     1.32667   0.0536978
        1243        0.36     1.32589   0.0536602
        1244        0.16     1.32495   0.0536253
        1245        5.76     1.32851   0.0537004
        1246           4     1.33066   0.0537001
        1247        2.56     1.33164    0.053666
        1248        1.44     1.33173   0.0536231
        1249        1.44     1.33182   0.0535803
        1250        0.64     1.33126   0.0535402
        1251        0.16     1.33033   0.0535056
        1252        0.16     1.32939   0.0534711
        1253        0.04     1.32836   0.0534383
        1254        0.64     1.32781   0.0533985
        1255        0.04     1.32679   0.0533658
        1256        0.16     1.32586   0.0533314
        1257           0     1.32481   0.0532994
        1258        0.04     1.32378   0.0532668
        1259        1.44     1.32388   0.0532246
        1260           4       1.326   0.0532247
        1261        2.56     1.32698   0.0531915
        1262        3.24     1.32849   0.0531709
        1263        0.16     1.32757   0.0531369
        1264           1     1.32731   0.0530955
        1265        3.24     1.32882    0.053075
        1266        2.56     1.32979    0.053042
        1267        0.16     1.32887   0.0530082
        1268        0.36     1.32811   0.0529719
        1269        0.36     1.32734   0.0529356
        1270           0      1.3263   0.0529043
        1271           0     1.32526   0.0528729
        1272           1       1.325    0.052832
        1273        0.36     1.32424   0.0527959
        1274        1.96     1.32474   0.0527568
        1275        2.56     1.32571   0.0527244
        1276        2.56     1.32668   0.0526919
        1277        0.36     1.32592   0.0526561
        1278           1     1.32567   0.0526155
        1279        1.44     1.32575   0.0525744
        1280        1.44     1.32584   0.0525334
        1281        0.64     1.32531   0.0524952
        1282        0.16      1.3244   0.0524621
        1283        0.36     1.32365   0.0524266
        1284           1      1.3234   0.0523864
        1285        3.24     1.32489   0.0523668
        1286           4     1.32697   0.0523674
        1287        1.44     1.32706   0.0523268
        1288           0     1.32602   0.0522963
        1289        1.96     1.32652    0.052258
        1290           1     1.32626   0.0522181
        1291        1.44     1.32635   0.0521778
        1292        1.44     1.32644   0.0521375
        1293        0.36     1.32569   0.0521025
        1294        0.64     1.32516   0.0520649
        1295        0.64     1.32463   0.0520274
        1296        0.36     1.32389   0.0519926
        1297        0.36     1.32315   0.0519578
        1298        0.36      1.3224   0.0519231
        1299        0.36     1.32166   0.0518884
        1300           0     1.32065   0.0518584
        1301        1.96     1.32114   0.0518209
        1302        2.56     1.32209   0.0517898
        1303           1     1.32184   0.0517507
        1304        1.96     1.32233   0.0517133
        1305           1     1.32208   0.0516743
        1306        1.44     1.32217   0.0516348
        1307        0.64     1.32165   0.0515979
        1308        0.04     1.32067   0.0515678
        1309        0.16     1.31979    0.051536
        1310        0.36     1.31905   0.0515019
        1311        0.04     1.31808   0.0514718
        1312           0     1.31707   0.0514424
        1313        0.04      1.3161   0.0514124
        1314        0.16     1.31522   0.0513808
        1315        1.44     1.31532   0.0513418
        1316        0.16     1.31444   0.0513103
        1317        0.16     1.31356   0.0512788
        1318        0.36     1.31284    0.051245
        1319        0.64     1.31233   0.0512087
        1320        1.96     1.31282   0.0511723
        1321        0.16     1.31195    0.051141
        1322           1     1.31171   0.0511028
        1323           1     1.31147   0.0510648
        1324        0.64     1.31097   0.0510287
        1325        1.96     1.31146   0.0509926
        1326        1.44     1.31155   0.0509542
        1327        0.16     1.31069   0.0509232
        1328        0.36     1.30997   0.0508899
        1329           1     1.30974   0.0508521
        1330        0.64     1.30923   0.0508164
        1331        0.36     1.30852   0.0507832
        1332        0.04     1.30757    0.050754
        1333        0.36     1.30686   0.0507209
        1334        0.64     1.30636   0.0506853
        1335           1     1.30613   0.0506479
        1336           1      1.3059   0.0506105
        1337        0.64      1.3054   0.0505751
        1338        4.84     1.30804   0.0506062
        1339        1.44     1.30814   0.0505685
        1340        1.44     1.30824   0.0505309
        1341        3.24     1.30968   0.0505138
        1342        4.84     1.31231   0.0505446
        1343        3.24     1.31375   0.0505273
        1344        2.56     1.31467   0.0504982
        1345        2.56      1.3156   0.0504692
        1346        5.76      1.3189   0.0505396
        1347        5.76      1.3222   0.0506095
        1348        2.56     1.32312   0.0505803
        1349        1.96     1.32359    0.050545
        1350           1     1.32335   0.0505081
        1351        0.64     1.32284   0.0504732
        1352        1.96     1.32331   0.0504381
        1353        3.24     1.32473   0.0504207
        1354        6.76     1.32874    0.050543
        1355        7.84     1.33355   0.0507336
        1356       10.24     1.34012   0.0511196
        1357       12.96     1.34868   0.0517942
        1358           9     1.35432   0.0520616
        1359          16     1.36509    0.053127
        1360        7.84     1.36985   0.0533008
        1361        4.84      1.3724   0.0533226
        1362        1.96     1.37283   0.0532852
        1363           1     1.37256   0.0532468
        1364        0.64     1.37202   0.0532105
        1365           1     1.37175   0.0531722
        1366        1.44      1.3718   0.0531333
        1367        2.56     1.37267   0.0531015
        1368           1      1.3724   0.0530634
        1369        0.16     1.37151    0.053032
        1370        0.16     1.37063   0.0530007
        1371        0.04     1.36966   0.0529709
        1372        0.04     1.36869   0.0529412
        1373        0.36     1.36795   0.0529077
        1374           1     1.36769   0.0528699
        1375        1.96     1.36812   0.0528332
        1376           1     1.36785   0.0527955
        1377        0.16     1.36697   0.0527644
        1378           0     1.36598   0.0527355
        1379        0.64     1.36545   0.0526998
        1380        0.04     1.36449   0.0526704
        1381        1.44     1.36455   0.0526323
        1382        1.96     1.36498    0.052596
        1383        3.24     1.36633   0.0525754
        1384           1     1.36607   0.0525381
        1385        1.96      1.3665   0.0525019
        1386        0.04     1.36554   0.0524728
        1387        0.04     1.36459   0.0524436
        1388        1.96     1.36501   0.0524076
        1389        0.64     1.36449   0.0523725
        1390        0.04     1.36354   0.0523434
        1391        0.04     1.36259   0.0523145
        1392        0.64     1.36207   0.0522795
        1393        0.64     1.36155   0.0522445
        1394        0.04      1.3606   0.0522156
        1395        2.56     1.36146   0.0521853
        1396           4     1.36335   0.0521821
        1397        1.96     1.36378   0.0521465
        1398           1     1.36352   0.0521098
        1399        0.16     1.36266   0.0520797
        1400        0.36     1.36194   0.0520474
        1401        0.16     1.36108   0.0520173
        1402           1     1.36083   0.0519809
        1403        2.56     1.36168   0.0519509
        1404        2.56     1.36254   0.0519209
        1405        1.44     1.36259   0.0518839
        1406        0.64     1.36208   0.0518496
        1407        1.44     1.36213   0.0518128
        1408        0.36     1.36142   0.0517809
        1409        0.64     1.36091   0.0517466
        1410        0.16     1.36006   0.0517169
        1411        0.16     1.35921   0.0516873
        1412        1.44     1.35926   0.0516507
        1413        0.64     1.35875   0.0516167
        1414        3.24     1.36008   0.0515973
        1415        0.64     1.35958   0.0515633
        1416        0.04     1.35864   0.0515354
        1417        1.96     1.35907   0.0515007
        1418        1.44     1.35913   0.0514644
        1419        2.56     1.35997   0.0514351
        1420           1     1.35972   0.0513995
        1421        0.16     1.35887   0.0513703
        1422        0.16     1.35803   0.0513411
        1423        0.64     1.35753   0.0513075
        1424        4.84     1.35997   0.0513297
        1425        6.76     1.36376   0.0514334
        1426           9     1.36912   0.0516753
        1427       11.56     1.37626   0.0521303
        1428        6.76     1.38003   0.0522299
        1429       12.96     1.38813   0.0528182
        1430           9     1.39345   0.0530489
        1431        5.76     1.39651   0.0530995
        1432        6.76     1.40025   0.0531943
        1433        4.84     1.40265   0.0532113
        1434        6.76     1.40639   0.0533052
        1435        6.76     1.41012   0.0533985
        1436        6.76     1.41384   0.0534911
        1437        3.24     1.41511    0.053469
        1438        0.36     1.41438   0.0534368
        1439           1     1.41409   0.0534004
        1440        5.76     1.41711   0.0534486
        1441           4      1.4189   0.0534415
        1442           4     1.42069   0.0534344
        1443           1      1.4204   0.0533982
        1444        0.64     1.41986    0.053364
        1445           1     1.41957   0.0533278
        1446        0.16      1.4187   0.0532981
        1447        0.16     1.41783   0.0532683
        1448        0.64     1.41729   0.0532342
        1449        0.16     1.41643   0.0532046
        1450        0.04     1.41548   0.0531763
        1451        0.16     1.41461   0.0531467
        1452           1     1.41433   0.0531109
        1453        0.36      1.4136   0.0530793
        1454        0.16     1.41274   0.0530498
        1455        0.36     1.41201   0.0530183
        1456           1     1.41173   0.0529826
        1457        0.36     1.41101   0.0529512
        1458        0.16     1.41015   0.0529218
        1459        2.56     1.41094   0.0528914
        1460        1.96     1.41132   0.0528565
        1461           1     1.41103   0.0528211
        1462        0.16     1.41018   0.0527919
        1463        0.04     1.40924   0.0527641
        1464        0.16     1.40839    0.052735
        1465        1.96     1.40876   0.0527003
        1466        1.96     1.40914   0.0526657
        1467        0.16     1.40829   0.0526367
        1468        0.04     1.40736   0.0526091
        1469        0.04     1.40643   0.0525815
        1470        0.64      1.4059   0.0525483
        1471        1.44     1.40593   0.0525126
        1472        0.04       1.405   0.0524851
        1473        0.36     1.40429   0.0524543
        1474           1     1.40402   0.0524194
        1475        0.36     1.40331   0.0523887
        1476           0     1.40236   0.0523618
        1477        0.64     1.40184   0.0523289
        1478           1     1.40157   0.0522942
        1479        0.64     1.40105   0.0522614
        1480        0.36     1.40035   0.0522308
        1481        0.36     1.39965   0.0522002
        1482        0.04     1.39873   0.0521731
        1483        0.04     1.39782   0.0521459
        1484        0.04      1.3969   0.0521188
        1485        0.36      1.3962   0.0520884
        1486        0.36      1.3955    0.052058
        1487        0.04     1.39459    0.052031
        1488        0.04     1.39368    0.052004
        1489        0.64     1.39318   0.0519715
        1490           1     1.39291   0.0519373
        1491           1     1.39265   0.0519032
        1492        0.64     1.39214   0.0518708
        1493        3.24     1.39338   0.0518508
        1494        1.96     1.39376   0.0518175
        1495        1.44     1.39379   0.0517829
        1496        2.56     1.39457   0.0517541
        1497        3.24      1.3958   0.0517342
        1498           0     1.39487   0.0517081
        1499        1.96     1.39525    0.051675
        1500        0.64     1.39475    0.051643
        1501        1.96     1.39512   0.0516099
        1502        1.44     1.39515   0.0515756
        1503        0.64     1.39465   0.0515437
        1504        0.16     1.39383    0.051516
        1505        0.04     1.39293   0.0514896
        1506           0     1.39201   0.0514637
        1507        2.56     1.39278   0.0514354
        1508           4     1.39451   0.0514303
        1509        1.96     1.39488   0.0513976
        1510        1.44     1.39491   0.0513636
        1511        1.96     1.39529    0.051331
        1512        0.64     1.39479   0.0512995
        1513        0.04     1.39389   0.0512734
        1514        0.16     1.39308    0.051246
        1515        0.16     1.39226   0.0512186
        1516        0.64     1.39177   0.0511872
        1517        0.64     1.39127   0.0511559
        1518        1.44      1.3913   0.0511222
        1519        2.56     1.39207   0.0510943
        1520        0.64     1.39158   0.0510631
        1521        0.04     1.39069   0.0510373
        1522        0.36     1.39001   0.0510082
        1523        0.16     1.38921   0.0509811
        1524        0.16      1.3884   0.0509541
        1525        0.04     1.38751   0.0509283
        1526        0.16     1.38671   0.0509013
        1527        0.36     1.38604   0.0508724
        1528        0.16     1.38524   0.0508454
        1529           0     1.38433   0.0508202
        1530        0.36     1.38366   0.0507914
        1531        1.44      1.3837   0.0507583
        1532           1     1.38345   0.0507258
        1533        0.36     1.38278   0.0506971
        1534        2.56     1.38355   0.0506698
        1535        4.84      1.3858   0.0506868
        1536           4      1.3875   0.0506824
        1537        0.64     1.38701   0.0506518
        1538        0.64     1.38653   0.0506211
        1539        6.76     1.39002   0.0507085
        1540        1.96     1.39039   0.0506769
        1541        0.64      1.3899   0.0506464
        1542           0       1.389   0.0506216
        1543           0      1.3881   0.0505968
        1544           1     1.38785   0.0505646
        1545        0.36     1.38718   0.0505363
        1546        3.24     1.38838   0.0505178
        1547        1.96     1.38875   0.0504865
        1548        1.44     1.38879   0.0504539
        1549        0.04     1.38791   0.0504288
        1550        0.04     1.38705   0.0504038
        1551        0.04     1.38618   0.0503788
        1552        2.56     1.38693    0.050352
        1553        0.64     1.38645   0.0503219
        1554           0     1.38556   0.0502974
        1555        1.96     1.38593   0.0502664
        1556        5.76     1.38874   0.0503126
        1557           4     1.39042   0.0503083
        1558        0.04     1.38955   0.0502835
        1559        0.16     1.38876   0.0502574
        1560        0.04      1.3879   0.0502326
        1561        0.64     1.38742   0.0502027
        1562        2.56     1.38817   0.0501762
        1563        3.24     1.38935   0.0501581
        1564        1.44     1.38939    0.050126
        1565        0.04     1.38852   0.0501014
        1566        0.64     1.38805   0.0500717
        1567        0.04     1.38719   0.0500471
        1568        1.44     1.38722   0.0500152
        1569        3.24      1.3884   0.0499973
        1570        1.96     1.38876   0.0499667
        1571           1     1.38852   0.0499356
        1572           0     1.38763   0.0499116
        1573        0.04     1.38678   0.0498872
        1574           0      1.3859   0.0498633
        1575        2.56     1.38664   0.0498372
        1576           1      1.3864   0.0498062
        1577        0.36     1.38575   0.0497789
        1578        1.96     1.38611   0.0497487
        1579        1.96     1.38647   0.0497185
        1580           1     1.38623   0.0496876
        1581        0.36     1.38558   0.0496604
        1582           0      1.3847   0.0496368
        1583        0.04     1.38385   0.0496127
        1584        1.44     1.38389   0.0495814
        1585        0.16     1.38312   0.0495561
        1586        0.64     1.38265   0.0495271
        1587        0.36       1.382      0.0495
        1588        2.56     1.38275   0.0494744
        1589        2.56     1.38349   0.0494488
        1590           1     1.38325   0.0494183
        1591        0.36      1.3826   0.0493915
        1592        0.36     1.38196   0.0493646
        1593        1.44       1.382   0.0493336
        1594        2.56     1.38274   0.0493082
        1595        2.56     1.38347   0.0492828
        1596        3.24     1.38464   0.0492657
        1597        2.56     1.38537   0.0492403
        1598        1.96     1.38573   0.0492108
        1599           4     1.38737   0.0492072
        1600        1.44      1.3874   0.0491765
        1601        0.16     1.38663   0.0491517
        1602           1     1.38639   0.0491216
        1603        1.96     1.38675   0.0490923
        1604        0.64     1.38628   0.0490639
        1605        0.36     1.38564   0.0490375
        1606        0.36     1.38501   0.0490111
        1607           0     1.38414   0.0489882
        1608        0.36     1.38351   0.0489619
        1609        1.96     1.38387   0.0489327
        1610        1.44      1.3839   0.0489024
        1611           1     1.38366   0.0488726
        1612        0.16      1.3829   0.0488482
        1613        0.36     1.38227    0.048822
        1614           1     1.38203   0.0487923
        1615           1      1.3818   0.0487627
        1616           0     1.38094     0.04874
        1617        0.04     1.38011   0.0487169
        1618        0.04     1.37928   0.0486938
        1619        0.04     1.37846   0.0486708
        1620        0.16      1.3777   0.0486466
        1621        0.16     1.37695   0.0486223
        1622        1.44     1.37699   0.0485924
        1623        2.56     1.37772   0.0485679
        1624           4     1.37933   0.0485648
        1625        1.44     1.37937    0.048535
        1626        0.04     1.37855   0.0485121
        1627           0      1.3777   0.0484897
        1628        0.16     1.37695   0.0484657
        1629           1     1.37672   0.0484365
        1630        0.04      1.3759   0.0484137
        1631           1     1.37567   0.0483846
        1632        0.16     1.37493   0.0483607
        1633        0.36      1.3743    0.048335
        1634        0.04     1.37349   0.0483124
        1635        0.36     1.37287   0.0482868
        1636           0     1.37203   0.0482646
        1637        0.04     1.37122   0.0482419
        1638        3.24     1.37236    0.048226
        1639           1     1.37213   0.0481971
        1640        0.64     1.37168   0.0481698
        1641        1.44     1.37172   0.0481404
        1642        0.64     1.37128   0.0481132
        1643           0     1.37044   0.0480911
        1644        0.16     1.36971   0.0480675
        1645        1.44     1.36975   0.0480383
        1646        0.16     1.36902   0.0480147
        1647        1.44     1.36906   0.0479856
        1648           1     1.36883    0.047957
        1649        0.64     1.36839     0.04793
        1650        0.36     1.36778   0.0479048
        1651        0.04     1.36698   0.0478825
        1652        0.04     1.36617   0.0478603
        1653        0.04     1.36537   0.0478381
        1654        0.16     1.36464   0.0478147
        1655        0.16     1.36392   0.0477913
        1656           0     1.36309   0.0477696
        1657           0     1.36227   0.0477478
        1658        0.04     1.36147   0.0477257
        1659        0.36     1.36087   0.0477007
        1660        0.16     1.36014   0.0476775
        1661        3.24     1.36128   0.0476622
        1662        3.24     1.36241    0.047647
        1663        1.44     1.36245   0.0476183
        1664           1     1.36224   0.0475902
        1665        1.96     1.36259    0.047563
        1666           1     1.36238   0.0475349
        1667        2.56      1.3631   0.0475118
        1668        1.96     1.36345   0.0474847
        1669        1.44      1.3635   0.0474563
        1670        2.56     1.36422   0.0474333
        1671        0.16     1.36349   0.0474104
        1672        1.44     1.36354    0.047382
        1673        0.36     1.36294   0.0473575
        1674        0.16     1.36222   0.0473347
        1675        0.16      1.3615   0.0473118
        1676           1     1.36129   0.0472841
        1677        0.16     1.36057   0.0472613
        1678        0.64     1.36014   0.0472351
        1679        1.96      1.3605   0.0472083
        1680        3.24     1.36162   0.0471935
        1681        0.64     1.36119   0.0471674
        1682        0.64     1.36076   0.0471413
        1683        0.04     1.35998   0.0471198
        1684        0.36     1.35938   0.0470956
        1685        1.96     1.35974    0.047069
        1686        6.76     1.36294   0.0471499
        1687        7.84     1.36678    0.047278
        1688        4.84     1.36884   0.0472947
        1689        7.84     1.37267   0.0474217
        1690           1     1.37245   0.0473941
        1691        0.64     1.37202   0.0473681
        1692        1.44     1.37206   0.0473401
        1693        1.96      1.3724   0.0473134
        1694        0.16     1.37169   0.0472909
        1695        2.56     1.37239   0.0472682
        1696        1.96     1.37274   0.0472416
        1697        0.16     1.37202   0.0472192
        1698        1.96     1.37237   0.0471926
        1699        1.96     1.37271   0.0471661
        1700           4     1.37426   0.0471637
        1701        1.96      1.3746   0.0471372
        1702        1.96     1.37495   0.0471108
        1703        2.56     1.37564   0.0470882
        1704        0.36     1.37505   0.0470644
        1705        0.36     1.37445   0.0470405
        1706           1     1.37423   0.0470135
        1707        0.36     1.37364   0.0469897
        1708        0.36     1.37304   0.0469659
        1709           0     1.37224   0.0469453
        1710        0.64     1.37181   0.0469198
        1711        0.16      1.3711   0.0468977
        1712        1.96     1.37145   0.0468716
        1713        1.44     1.37149   0.0468443
        1714        1.44     1.37153    0.046817
        1715        0.04     1.37075   0.0467961
        1716        0.16     1.37005   0.0467741
        1717        0.64     1.36962   0.0467488
        1718        0.04     1.36885    0.046728
        1719        0.64     1.36842   0.0467028
        1720           1     1.36821   0.0466761
        1721           1       1.368   0.0466495
        1722        1.96     1.36834   0.0466237
        1723        2.56     1.36903   0.0466017
        1724        0.64     1.36861   0.0465766
        1725           1     1.36839   0.0465501
        1726        0.64     1.36797    0.046525
        1727        1.44     1.36801   0.0464981
        1728        0.36     1.36743   0.0464749
        1729        0.64     1.36701   0.0464499
        1730        0.36     1.36643   0.0464267
        1731           1     1.36622   0.0464004
        1732        0.16     1.36552   0.0463788
        1733        0.64      1.3651   0.0463539
        1734        0.16     1.36441   0.0463324
        1735        3.24     1.36549   0.0463183
        1736        0.16     1.36479   0.0462968
        1737           1     1.36458   0.0462706
        1738           0      1.3638   0.0462507
        1739        0.64     1.36338    0.046226
        1740        3.24     1.36446    0.046212
        1741        0.16     1.36377   0.0461906
        1742        0.04     1.36301   0.0461703
        1743        0.16     1.36232    0.046149
        1744        0.16     1.36163   0.0461277
        1745        1.44     1.36167   0.0461013
        1746        0.36      1.3611   0.0460785
        1747           1     1.36089   0.0460525
        1748        1.96     1.36124   0.0460275
        1749        0.36     1.36066   0.0460047
        1750        0.04     1.35991   0.0459846
        1751        0.04     1.35915   0.0459645
        1752        0.16     1.35847   0.0459434
        1753           0      1.3577   0.0459237
        1754        0.04     1.35694   0.0459037
        1755        0.04     1.35619   0.0458837
        1756        0.64     1.35579   0.0458593
        1757        0.36     1.35522   0.0458367
        1758        0.36     1.35465   0.0458142
        1759        0.36     1.35409   0.0457916
        1760        0.04     1.35334   0.0457717
        1761        1.44     1.35339   0.0457457
        1762        0.64     1.35299   0.0457215
        1763        0.16     1.35231   0.0457006
        1764        0.64      1.3519   0.0456765
        1765           1     1.35171    0.045651
        1766           1     1.35151   0.0456256
        1767        0.64      1.3511   0.0456016
        1768        3.24     1.35217   0.0455883
        1769        0.16      1.3515   0.0455675
        1770           1      1.3513   0.0455422
        1771        0.16     1.35063   0.0455215
        1772        0.36     1.35007   0.0454992
        1773        2.56     1.35075   0.0454787
        1774        2.56     1.35143   0.0454581
        1775        3.24      1.3525    0.045445
        1776        2.56     1.35318   0.0454245
        1777        0.04     1.35244   0.0454049
        1778        0.16     1.35177   0.0453843
        1779           0     1.35101   0.0453652
        1780        0.16     1.35034   0.0453446
        1781        0.64     1.34994   0.0453209
        1782        3.24       1.351   0.0453079
        1783           4     1.35248   0.0453068
        1784        0.36     1.35193   0.0452849
        1785        0.64     1.35153   0.0452612
        1786        1.96     1.35187   0.0452372
        1787        4.84     1.35382    0.045254
        1788        0.64     1.35342   0.0452304
        1789        0.36     1.35287   0.0452085
        1790        2.56     1.35354   0.0451883
        1791        2.56     1.35422   0.0451681
        1792        1.44     1.35426   0.0451429
        1793        2.56     1.35494   0.0451228
        1794           1     1.35474    0.045098
        1795           0     1.35398   0.0450792
        1796        0.04     1.35325   0.0450601
        1797        1.44      1.3533    0.045035
        1798           4     1.35477    0.045034
        1799        5.76     1.35722   0.0450755
        1800        0.64     1.35682   0.0450522
        1801        0.04     1.35609   0.0450331
        1802           0     1.35534   0.0450144
        1803        0.04     1.35461   0.0449954
        1804        0.64     1.35421   0.0449722
        1805        0.04     1.35348   0.0449532
        1806        0.16     1.35282   0.0449331
        1807        0.04      1.3521   0.0449141
        1808        0.16     1.35144   0.0448941
        1809        0.04     1.35071   0.0448752
        1810        0.64     1.35032   0.0448521
        1811        2.56     1.35099   0.0448323
        1812        1.44     1.35104   0.0448076
        1813        0.36     1.35049   0.0447862
        1814        0.36     1.34994   0.0447649
        1815        0.04     1.34922    0.044746
        1816           1     1.34903   0.0447218
        1817           1     1.34884   0.0446976
        1818        0.64     1.34845   0.0446747
        1819        0.64     1.34806   0.0446518
        1820        0.04     1.34734   0.0446331
        1821        0.16     1.34669   0.0446133
        1822        0.64      1.3463   0.0445905
        1823        1.96     1.34664   0.0445673
        1824        4.84     1.34855    0.044584
        1825           9     1.35275   0.0447563
        1826        2.56     1.35341   0.0447367
        1827        0.16     1.35275    0.044717
        1828           0     1.35201   0.0446986
        1829        0.64     1.35162   0.0446759
        1830           4     1.35307   0.0446749
        1831        7.84     1.35661   0.0447908
        1832        5.76     1.35902   0.0448308
        1833        1.96     1.35935   0.0448075
        1834           1     1.35915   0.0447835
        1835        0.16      1.3585   0.0447639
        1836        0.16     1.35784   0.0447442
        1837        1.44     1.35789   0.0447199
        1838        1.44     1.35793   0.0446956
        1839        0.04     1.35722    0.044677
        1840        0.64     1.35683   0.0446545
        1841        0.64     1.35644   0.0446319
        1842           1     1.35624   0.0446081
        1843        0.36      1.3557   0.0445872
        1844        0.64     1.35531   0.0445647
        1845        3.24     1.35634   0.0445522
        1846        1.44     1.35638   0.0445281
        1847        0.64     1.35599   0.0445057
        1848           0     1.35526   0.0444876
        1849        1.96     1.35559   0.0444648
        1850        1.44     1.35563   0.0444408
        1851        0.64     1.35525   0.0444185
        1852        0.36     1.35471   0.0443977
        1853        0.16     1.35406   0.0443784
        1854        0.64     1.35368   0.0443562
        1855        1.44     1.35373   0.0443323
        1856           1     1.35353   0.0443088
        1857        0.64     1.35315   0.0442866
        1858        0.04     1.35244   0.0442684
        1859           1     1.35225    0.044245
        1860           0     1.35153   0.0442272
        1861        1.96     1.35185   0.0442046
        1862        3.24     1.35287   0.0441925
        1863        3.24     1.35388   0.0441804
        1864           4      1.3553   0.0441795
        1865           4     1.35672   0.0441786
        1866           4     1.35814   0.0441776
        1867           1     1.35794   0.0441544
        1868        0.64     1.35756   0.0441324
        1869        0.04     1.35685   0.0441144
        1870        0.36     1.35632    0.044094
        1871        0.64     1.35594   0.0440721
        1872           0     1.35521   0.0440546
        1873        3.24     1.35622   0.0440425
        1874        6.76      1.3591   0.0441133
        1875        6.76     1.36198   0.0441837
        1876        1.44     1.36203   0.0441602
        1877           0      1.3613   0.0441426
        1878           0     1.36058   0.0441251
        1879        0.16     1.35994   0.0441062
        1880        0.04     1.35923   0.0440883
        1881        0.16      1.3586   0.0440695
        1882        0.64     1.35821   0.0440478
        1883        0.04     1.35751   0.0440299
        1884        0.64     1.35713   0.0440082
        1885        1.44     1.35718   0.0439849
        1886        1.96      1.3575   0.0439627
        1887           0     1.35678   0.0439453
        1888        0.16     1.35614   0.0439266
        1889        2.56     1.35678    0.043908
        1890        0.04     1.35608   0.0438903
        1891           0     1.35537   0.0438729
        1892        0.16     1.35474   0.0438543
        1893        1.44     1.35478   0.0438311
        1894           1     1.35459   0.0438084
        1895        2.56     1.35523   0.0437899
        1896           4     1.35662    0.043789
        1897        4.84     1.35846   0.0438044
        1898           4     1.35985   0.0438034
        1899        3.24     1.36084   0.0437916
        1900        1.96     1.36116   0.0437696
        1901        2.56     1.36179   0.0437512
        1902        1.96      1.3621   0.0437293
        1903        3.24     1.36309   0.0437174
        1904        3.24     1.36408   0.0437056
        1905        0.04     1.36338   0.0436882
        1906           0     1.36267   0.0436711
        1907        0.64     1.36229   0.0436499
        1908        0.36     1.36176   0.0436301
        1909           4     1.36314   0.0436292
        1910           4     1.36452   0.0436282
        1911        6.76     1.36735   0.0436966
        1912        4.84     1.36916   0.0437115
        1913           0     1.36845   0.0436945
        1914           0     1.36773   0.0436775
        1915           1     1.36754   0.0436551
        1916        1.96     1.36785   0.0436334
        1917        0.04     1.36716   0.0436162
        1918           1     1.36697   0.0435938
        1919           0     1.36625   0.0435769
        1920        0.16     1.36562   0.0435588
        1921        1.44     1.36566   0.0435361
        1922        2.56     1.36629   0.0435179
        1923        5.76     1.36857   0.0435552
        1924        5.76     1.37085   0.0435923
        1925        6.76     1.37365   0.0436595
        1926        6.76     1.37645   0.0437263
        1927        7.84      1.3798   0.0438321
        1928        7.84     1.38315   0.0439372
        1929        4.84     1.38495    0.043951
        1930        6.76     1.38773   0.0440163
        1931        0.64     1.38734   0.0439953
        1932           0     1.38663   0.0439783
        1933        1.96     1.38692   0.0439566
        1934        3.24     1.38788   0.0439443
        1935        0.16     1.38725   0.0439262
        1936        0.36     1.38671   0.0439067
        1937        1.96     1.38701    0.043885
        1938        3.24     1.38797   0.0438728
        1939        3.24     1.38892   0.0438606
        1940           4     1.39027   0.0438586
        1941        4.84     1.39205    0.043872
        1942        0.64     1.39166   0.0438511
        1943        0.04     1.39096   0.0438341
        1944        0.16     1.39033   0.0438161
        1945        0.04     1.38963   0.0437991
        1946           1     1.38943    0.043777
        1947        1.96     1.38973   0.0437555
        1948        3.24     1.39068   0.0437434
        1949        0.64     1.39029   0.0437226
        1950           0     1.38958    0.043706
        1951        0.16     1.38895   0.0436881
        1952        1.44     1.38898   0.0436658
        1953        0.16     1.38835   0.0436479
        1954        0.04     1.38766   0.0436311
        1955        1.44     1.38768   0.0436087
        1956        0.36     1.38716   0.0435896
        1957           0     1.38645   0.0435731
        1958        2.56     1.38705    0.043555
        1959        5.76     1.38928   0.0435899
        1960           4     1.39061    0.043588
        1961        1.44     1.39064   0.0435658
        1962        0.16     1.39001   0.0435481
        1963           1     1.38981   0.0435264
        1964        0.04     1.38912   0.0435096
        1965           0     1.38842   0.0434932
        1966           1     1.38822   0.0434716
        1967        0.16      1.3876   0.0434539
        1968        0.16     1.38697   0.0434363
        1969        1.44       1.387   0.0434143
        1970        1.44     1.38703   0.0433923
        1971        0.36      1.3865   0.0433734
        1972           1     1.38631   0.0433518
        1973        0.36     1.38579    0.043333
        1974           4     1.38711   0.0433313
        1975        4.84     1.38886   0.0433446
        1976           4     1.39018   0.0433428
        1977        1.44     1.39021   0.0433209
        1978           0      1.3895   0.0433047
        1979        1.44     1.38953   0.0432828
        1980        0.36     1.38901    0.043264
        1981        0.36     1.38849   0.0432453
        1982        0.64     1.38811   0.0432252
        1983        1.44     1.38814   0.0432034
        1984           1     1.38794    0.043182
        1985        0.04     1.38726   0.0431656
        1986        0.64     1.38689   0.0431455
        1987           0     1.38619   0.0431294
        1988        1.44     1.38622   0.0431078
        1989           0     1.38552   0.0430917
        1990        0.36     1.38501   0.0430732
        1991        0.36     1.38449   0.0430546
        1992        0.04     1.38382   0.0430383
        1993        0.04     1.38314    0.043022
        1994           1     1.38295   0.0430008
        1995        0.64     1.38258   0.0429809
        1996        0.64      1.3822   0.0429609
        1997        0.64     1.38183    0.042941
        1998           1     1.38164     0.04292
        1999        2.56     1.38223   0.0429025
        2000        0.36     1.38172   0.0428841
