#      	 GEN:      LENGTH:
            1      430.789
            2      420.196
            3      411.828
            4      406.124
            5      401.941
            6      387.277
            7      386.305
            8        380.3
            9      360.818
           10      352.577
           11      351.388
           12      347.733
           13      345.839
           14      343.572
           15      339.159
           16      329.635
           17      325.293
           18      322.536
           19      319.982
           20      317.665
           21      318.839
           22      318.602
           23      309.698
           24      309.698
           25       308.62
           26      308.922
           27      303.694
           28        301.2
           29      295.477
           30       295.32
           31      285.083
           32      284.236
           33        279.9
           34      275.214
           35      274.968
           36      269.015
           37      265.379
           38      262.147
           39      262.467
           40      260.189
           41      251.549
           42      249.282
           43      251.186
           44      241.718
           45      240.764
           46      241.885
           47      233.421
           48      232.059
           49      229.656
           50       222.37
           51      221.228
           52      220.448
           53      220.268
           54      219.531
           55      218.668
           56      214.165
           57      213.412
           58      210.867
           59      211.799
           60      207.925
           61      207.925
           62      202.298
           63      197.783
           64      197.783
           65      192.604
           66      192.604
           67      192.181
           68      191.437
           69      186.694
           70      185.946
           71      185.532
           72      183.286
           73      183.286
           74      183.016
           75      181.031
           76      180.761
           77      178.684
           78      177.683
           79      177.413
           80      175.336
           81      174.455
           82      171.169
           83      170.899
           84      169.813
           85      168.588
           86       165.77
           87      165.202
           88      163.042
           89      163.118
           90      161.748
           91      161.678
           92      161.914
           93      160.633
           94      159.505
           95       159.07
           96       156.85
           97       156.85
           98       155.38
           99      153.947
          100       153.27
          101      151.002
          102      153.352
          103      151.736
          104      150.789
          105      148.826
          106      147.137
          107      146.075
          108      144.562
          109      144.078
          110      143.016
          111      140.441
          112      140.441
          113      140.441
          114      139.983
          115      139.465
          116      139.599
          117      138.041
          118      137.658
          119      137.658
          120      136.473
          121       136.09
          122      134.902
          123      135.067
          124      134.762
          125       133.32
          126      132.008
          127      132.054
          128      130.705
          129      130.705
          130      129.926
          131      129.355
          132      129.355
          133      130.607
          134      128.396
          135      128.396
          136      127.535
          137      125.934
          138      125.934
          139      125.902
          140      125.072
          141      124.439
          142      124.439
          143      123.609
          144      123.577
          145      122.961
          146      122.099
          147      121.157
          148      120.395
          149      120.395
          150      120.727
          151      120.973
          152      120.035
          153      119.764
          154      120.069
          155      118.385
          156      118.385
          157      116.931
          158      116.931
          159      116.835
          160      116.348
          161      115.818
          162       114.97
          163      114.368
          164      113.256
          165      113.123
          166      113.123
          167      112.461
          168      112.235
          169      112.103
          170      112.103
          171      111.081
          172      110.419
          173      110.419
          174      110.252
          175      110.252
          176      110.152
          177      109.984
          178      109.031
          179      108.824
          180      108.656
          181      108.656
          182       108.54
          183      108.166
          184      108.166
          185      107.801
          186      107.673
          187      107.704
          188      106.633
          189      107.939
          190      105.296
          191      104.914
          192      104.021
          193      103.639
          194      103.639
          195      103.747
          196      102.826
          197      102.444
          198      102.444
          199       102.49
          200       102.49
          201       102.49
          202      101.973
          203      102.018
          204      101.514
          205      101.416
          206      100.711
          207      100.092
          208      100.092
          209      100.019
          210      99.9241
          211      99.1553
          212      98.9334
          213      98.8978
          214      98.7789
          215      98.4416
          216      97.3001
          217      97.3001
          218      97.1328
          219      97.1035
          220      96.9624
          221      97.0357
          222      96.4572
          223      96.2899
          224      95.6774
          225      95.6258
          226      95.6258
          227      95.0133
          228      95.0133
          229      95.0133
          230      94.4952
          231      94.6128
          232      94.0948
          233      94.0948
          234      93.7199
          235      93.7199
          236        93.53
          237        93.53
          238        93.53
          239       93.417
          240      93.5166
          241      93.5166
          242      92.8283
          243      92.5872
          244      92.6868
          245      92.6868
          246      92.3699
          247      92.4695
          248      92.4695
          249      92.2138
          250      92.2138
          251      92.2138
          252      91.8843
          253      91.7355
          254      91.8351
          255      91.5055
          256      91.5055
          257      90.9142
          258      91.0137
          259       90.543
          260      90.0088
          261       89.538
          262      89.4465
          263      89.5461
          264      89.5461
          265      89.5461
          266       88.877
          267       88.877
          268      88.3292
          269      88.3292
          270      88.3664
          271      88.3664
          272      88.3664
          273      87.5291
          274      87.5291
          275      87.5291
          276      87.5291
          277      87.5291
          278      86.7874
          279      86.7874
          280      86.7874
          281       84.103
          282      84.1156
          283      82.9858
          284      82.9858
          285      82.9858
          286      83.2377
          287      82.2773
          288      82.5292
          289      82.5292
          290      82.5292
          291      81.7027
          292      81.4735
          293       80.841
          294       80.841
          295      80.6118
          296      80.1917
          297      80.1917
          298      80.1917
          299      80.1917
          300      80.1917
          301      79.9783
          302      79.3254
          303      79.8375
          304      78.9712
          305      78.4342
          306      78.7863
          307      78.2493
          308      77.9231
          309       77.779
          310      76.8226
          311      76.5148
          312      76.3678
          313      76.3678
          314        76.06
          315        76.06
          316        76.06
          317        76.06
          318      76.1429
          319      76.1429
          320      76.1429
          321      76.1429
          322      76.1429
          323      76.1429
          324      76.1429
          325      76.1429
          326      76.1429
          327      75.9596
          328      75.9596
          329      75.9596
          330      75.9596
          331      75.9596
          332      75.9596
          333      75.9596
          334      75.9596
          335      75.9596
          336      75.8475
          337      75.8475
          338      75.8475
          339      75.8475
          340      75.8475
          341      75.8475
          342      75.4482
          343      75.4482
          344      75.4482
          345      75.4482
          346      75.4482
          347      75.4482
          348      75.4482
          349      75.4482
          350      75.4482
          351      75.4482
          352      75.4482
          353      75.4482
          354      75.4482
          355      75.4482
          356      75.4482
          357      75.4482
          358      75.4334
          359      75.4334
          360      75.4334
          361      75.4334
          362      75.3725
          363      75.3725
          364      75.3725
          365      75.3725
          366      75.3725
          367      75.3725
          368      75.3725
          369      75.3725
          370      75.3725
          371      75.3725
          372      75.3725
          373      75.1455
          374      75.1455
          375      75.1455
          376      75.1455
          377      75.1455
          378      75.1455
          379      75.1455
          380      75.1455
          381      75.1455
          382      75.1455
          383      74.7808
          384      74.7808
          385      74.7808
          386      74.7808
          387      74.7808
          388      74.7808
          389      74.7808
          390      74.7808
          391      74.7808
          392      74.7808
          393      74.7808
          394      74.3285
          395      74.3285
          396      74.3285
          397      74.3285
          398      74.3285
          399      74.3285
          400      74.3285
          401      74.3285
          402      74.3285
          403      74.3285
          404      74.3285
          405      74.3285
          406      74.3285
          407      74.3285
          408      74.3285
          409      74.3285
          410      74.3285
          411      74.3285
          412      74.3285
          413      74.3285
          414      74.3285
          415      74.3285
          416      74.3285
          417      74.3285
          418      74.3285
          419      74.3285
          420      74.3285
          421      74.3285
          422      74.3285
          423      74.3285
          424      74.3285
          425      74.3285
          426      74.2945
          427      74.2945
          428      74.2945
          429      74.2945
          430      74.2945
          431      74.2945
          432      74.2945
          433      74.2945
          434      74.2945
          435      74.2945
          436      74.2945
          437      74.2945
          438      74.2945
          439      74.2945
          440      74.2945
          441      74.2945
          442      74.2945
          443      74.2945
          444      74.2945
          445      74.2945
          446      74.2945
          447      74.2945
          448      74.2945
          449      74.2945
          450      74.2945
          451      74.2945
          452      74.2945
          453      74.2945
          454      74.2945
          455      74.2945
          456      74.4355
          457      74.4355
          458      74.4355
          459      74.1814
          460      74.1814
          461      74.1814
          462      74.1814
          463      74.1814
          464      74.1814
          465      74.1814
          466      74.1814
          467      74.1814
          468      74.1814
          469      74.1814
          470      74.1814
          471      74.1814
          472      74.1814
          473      74.1814
          474      74.1814
          475      74.1814
          476      74.1814
          477      74.1814
          478      74.1814
          479      74.1814
          480      74.1814
          481      74.1814
          482      74.1814
          483      74.1814
          484      74.1814
          485      74.1814
          486      74.1814
          487      74.1814
          488      74.1814
          489      74.0818
          490      74.0818
          491      74.0818
          492      74.0818
          493      74.0818
          494      74.0818
          495      74.0609
          496      74.0609
          497      74.0609
          498      74.0609
          499      74.0609
          500      74.0609
          501      74.0609
          502      74.0609
          503      72.5213
          504      72.5213
          505      72.5213
          506      72.6936
          507      72.6936
          508      72.4257
          509      72.4257
          510      72.4257
          511       72.629
          512      71.3203
          513      71.3203
          514      70.6857
          515      70.6857
          516      70.6857
          517      70.4651
          518      70.4651
          519      70.4651
          520      70.4651
          521      70.4651
          522      70.5735
          523      70.5735
          524      70.5735
          525      70.5735
          526      70.5735
          527      70.5735
          528      70.5735
          529      70.5735
          530      70.5735
          531      70.4015
          532      70.4015
          533      70.4015
          534      70.4015
          535      70.4015
          536      70.4015
          537      70.4015
          538      70.4015
          539      70.4015
          540      70.4015
          541      70.4015
          542      70.4015
          543      70.4015
          544      70.4015
          545      70.4015
          546      70.4015
          547      70.4015
          548      70.4015
          549      70.4015
          550      70.4015
          551      70.4015
          552      70.4015
          553      70.4015
          554      70.4015
          555      70.4015
          556      70.4015
          557      70.4015
          558      70.4015
          559      70.4015
          560      70.4015
          561      70.4015
          562      70.4015
          563      70.4015
          564      70.4015
          565      70.4015
          566      70.4015
          567      70.4015
          568      70.4015
          569      70.4015
          570      70.4015
          571      70.4015
          572      70.3499
          573      70.3499
          574      70.3499
          575      70.3499
          576      70.3499
          577      70.3499
          578      70.3499
          579      70.3499
          580      70.3499
          581      70.3499
          582      70.3499
          583      70.3499
          584      70.3499
          585      70.3499
          586      70.3499
          587      70.3499
          588      70.3499
          589      70.3499
          590      70.3499
          591      70.3499
          592      70.3499
          593      70.3499
          594      70.3499
          595      70.3499
          596      70.3499
          597      70.3499
          598      70.3499
          599      70.3499
          600      70.3499
          601      70.3499
          602      70.3499
          603      70.3499
          604      70.3499
          605      70.3499
          606      70.3499
          607      70.3499
          608      70.3499
          609      70.3499
          610      70.3499
          611      70.3499
          612      70.3499
          613      70.3499
          614      70.3499
          615      70.3499
          616      70.3499
          617      70.3499
          618      70.3499
          619      70.3499
          620      70.3499
          621      70.3499
          622      70.3499
          623      70.3499
          624      70.3499
          625      70.3499
          626      70.0328
          627      70.0328
          628      70.0328
          629      70.0328
          630      70.0266
          631      70.0266
          632      70.0266
          633      70.0266
          634      70.0266
          635      70.0266
          636      69.9528
          637      69.9466
          638      69.9466
          639      69.9466
          640      69.9466
          641      69.9466
          642      69.9466
          643      69.9466
          644      69.9466
          645      69.9466
          646      69.9466
          647      69.9466
          648      69.9466
          649      69.9466
          650      69.9466
          651      69.9466
          652      69.9466
          653      69.9466
          654      69.9466
          655      69.9466
          656      69.9466
          657      69.9466
          658      69.9466
          659      69.9373
          660      69.9373
          661      69.9373
          662      69.9373
          663      69.9373
          664      69.9373
          665      69.9373
          666      69.9373
          667      69.9373
          668      69.9373
          669      69.9373
          670      69.9373
          671      69.9373
          672      69.9373
          673      69.9373
          674      69.9373
          675      69.5167
          676      69.5167
          677      69.5167
          678      69.5167
          679      69.5167
          680      69.5167
          681      69.5167
          682      69.5167
          683      69.5167
          684      69.5167
          685      69.5167
          686      69.5167
          687      69.5167
          688      69.5167
          689      69.5167
          690      69.5167
          691      69.5167
          692      69.5167
          693      69.5167
          694      69.5167
          695      69.5167
          696      69.5167
          697      69.5167
          698      69.5167
          699      69.5167
          700      69.5167
          701      69.5167
          702      69.5167
          703      69.5167
          704      69.5167
          705      69.5167
          706      69.5167
          707      69.5167
          708      69.5167
          709      69.5167
          710      69.5167
          711      69.5167
          712      69.5167
          713      69.5167
          714      69.5167
          715      69.5167
          716      69.5167
          717      69.5167
          718      69.5167
          719      69.5167
          720      69.5167
          721       69.428
          722       69.428
          723       69.428
          724       69.428
          725       69.428
          726       69.428
          727       69.428
          728       69.428
          729       69.428
          730       69.428
          731       69.428
          732       69.428
          733       69.428
          734       69.428
          735       69.428
          736       69.428
          737       69.428
          738       69.428
          739       69.428
          740       69.428
          741       69.428
          742       69.428
          743       69.428
          744       69.428
          745       69.428
          746       69.428
          747       69.428
          748       69.428
          749       69.428
          750       69.428
          751       69.428
          752       69.428
          753       69.428
          754       69.428
          755       69.428
          756       69.428
          757       69.428
          758       69.428
          759       69.428
          760       69.428
          761      69.4635
          762      69.3207
          763      69.3207
          764      69.2412
          765      69.2412
          766      69.2412
          767      69.2412
          768      69.2412
          769      69.2412
          770      69.2412
          771      69.2412
          772      69.2412
          773      69.2412
          774      69.2412
          775      69.2412
          776      69.2412
          777      69.2412
          778      69.2412
          779      69.2412
          780      69.2412
          781      69.2412
          782      69.0456
          783      69.0456
          784      69.0456
          785      69.0456
          786      69.0456
          787      69.0456
          788      69.0456
          789      69.0456
          790      69.0456
          791      69.0456
          792      69.0456
          793      69.0456
          794      69.0456
          795      69.0456
          796      69.0456
          797      69.0456
          798      69.0456
          799      69.0456
          800      69.0456
          801      69.0456
          802      69.0456
          803      69.0456
          804      69.0456
          805      69.0456
          806      69.0456
          807      69.0456
          808      69.0456
          809      69.0456
          810      69.0456
          811      69.0456
          812      69.0456
          813      68.1911
          814      68.1911
          815      68.1911
          816      68.1911
          817      68.1911
          818      68.1911
          819      68.1911
          820      68.1911
          821      68.1911
          822      68.1911
          823      68.1911
          824      68.1911
          825      68.1911
          826      68.1911
          827      68.1911
          828      68.1911
          829      68.1911
          830      68.1911
          831      68.1911
          832      68.1911
          833      68.1911
          834      68.1911
          835      68.1911
          836      68.1911
          837      68.1911
          838      68.1911
          839      68.1911
          840      68.1911
          841      68.1911
          842      68.1911
          843      68.1911
          844      68.1911
          845      68.1911
          846      68.1911
          847      68.1911
          848      68.1911
          849      68.1911
          850      68.1911
          851      68.1911
          852      68.1911
          853      68.1911
          854      68.1911
          855      68.1911
          856      68.1911
          857      68.1911
          858      68.1911
          859      68.1911
          860      68.1911
          861      68.1911
          862      68.1911
          863      68.1911
          864      68.1911
          865      68.1911
          866      68.1911
          867      68.1911
          868      68.1911
          869      68.1911
          870      68.1911
          871      68.1911
          872      68.1911
          873      68.1911
          874      68.1911
          875      68.1911
          876      68.1911
          877      68.1911
          878      68.1911
          879      68.1911
          880      68.1911
          881      68.1911
          882      68.1911
          883      68.1911
          884      68.1911
          885      68.1911
          886      68.1911
          887      68.1911
          888      68.1911
          889      68.1911
          890      68.1911
          891      68.1911
          892      68.1911
          893      68.1911
          894      68.1911
          895      68.1911
          896      68.1911
          897      68.1911
          898      68.1911
          899      68.1911
          900      68.1911
          901      68.1911
          902      68.1911
          903      68.1911
          904      68.1911
          905      68.1911
          906      68.1911
          907      68.1911
          908      68.1911
          909      68.1911
          910      68.1911
          911      68.1911
          912      68.1911
          913      68.1911
          914      68.1911
          915      68.1911
          916      68.1911
          917      68.1911
          918      68.1911
          919      68.1911
          920      68.1911
          921      68.1911
          922      68.1911
          923      68.1911
          924      68.1911
          925      68.1911
          926      68.1911
          927      68.1911
          928      68.1911
          929      68.1911
          930      68.1911
          931      68.1911
          932      68.1911
          933      68.1911
          934      68.1911
          935      68.1911
          936      68.1911
          937      68.1911
          938      68.1911
          939      68.1911
          940      68.1911
          941      68.1911
          942      68.1911
          943      68.1911
          944      68.1911
          945      68.1911
          946      68.1911
          947      68.1911
          948      68.1911
          949      68.1452
          950      68.1452
          951      68.1452
          952      68.1452
          953      68.1452
          954      68.1452
          955      68.1452
          956      68.1452
          957      68.1452
          958      68.1452
          959      68.1452
          960      68.1452
          961      68.1452
          962      68.1452
          963      68.1452
          964      68.1452
          965      68.1452
          966      68.1452
          967      68.1452
          968      68.1452
          969      68.1452
          970      68.1452
          971      68.1452
          972      68.1452
          973      68.1452
          974      68.1452
          975      68.1452
          976      68.1452
          977      68.1452
          978      68.1452
          979      68.1452
          980      68.1452
          981      68.1452
          982      68.1452
          983      68.1452
          984      68.1452
          985      68.1452
          986      68.1452
          987      68.1452
          988      68.1452
          989      68.1452
          990      68.1452
          991      68.1452
          992      68.1452
          993      68.1452
          994      68.1452
          995      68.1452
          996      68.1452
          997      68.1452
          998      68.1452
          999      68.1452
         1000      68.1452
         1001      68.1452
         1002      68.1452
         1003      68.1452
         1004      68.1452
         1005      68.1452
         1006      68.1452
         1007      68.1452
         1008      68.1452
         1009      68.1452
         1010      68.1452
         1011      68.1452
         1012      68.1452
         1013      68.1452
         1014      68.1452
         1015      68.1452
         1016      68.1452
         1017      68.1452
         1018      68.1452
         1019      68.1452
         1020      68.1452
         1021      68.1452
         1022      68.1452
         1023      68.1452
         1024      68.1452
         1025      68.1452
         1026      68.1452
         1027      68.1452
         1028      68.1452
         1029      68.1452
         1030      68.1161
         1031      68.1161
         1032      68.1161
         1033      68.1161
         1034      68.1161
         1035      68.1161
         1036      68.1161
         1037      68.1161
         1038      68.1161
         1039      68.1161
         1040      68.1161
         1041      68.1161
         1042      68.1161
         1043      68.1161
         1044      68.1161
         1045      68.1161
         1046      68.1161
         1047      68.1161
         1048      68.1161
         1049      68.1161
         1050      68.1161
         1051      68.1161
         1052      68.1161
         1053      68.1161
         1054      68.1161
         1055      68.1161
         1056      68.1161
         1057      68.1161
         1058      68.1161
         1059      68.1161
         1060      68.1161
         1061      68.1161
         1062      68.1161
         1063      68.1161
         1064      68.1161
         1065      68.1161
         1066      68.1161
         1067      68.1161
         1068      68.1161
         1069      68.1161
         1070      68.1161
         1071      68.1161
         1072      68.1161
         1073      68.1161
         1074      68.1161
         1075      68.1161
         1076      68.1161
         1077      68.1161
         1078      68.1161
         1079      68.1161
         1080      68.1161
         1081      68.1161
         1082      68.1161
         1083      68.1161
         1084      68.1161
         1085      68.1161
         1086      68.1161
         1087      68.1161
         1088      68.1161
         1089      68.1161
         1090      68.1161
         1091      68.1161
         1092      68.1161
         1093      68.1161
         1094      68.1161
         1095      68.1161
         1096      68.1161
         1097      68.1161
         1098      68.1161
         1099      68.1161
         1100      68.1161
         1101      68.1161
         1102      68.1161
         1103      68.1161
         1104      68.1161
         1105      68.1161
         1106      68.1161
         1107      68.1161
         1108      68.1161
         1109      68.1161
         1110      68.1161
         1111      68.1161
         1112      68.1161
         1113      68.1161
         1114      68.1161
         1115      68.1161
         1116      68.1161
         1117      68.1161
         1118      68.1161
         1119      68.1161
         1120      68.1161
         1121      68.1161
         1122      68.1161
         1123      68.1161
         1124      68.1161
         1125      68.1161
         1126      68.1161
         1127      68.1161
         1128      68.1161
         1129      68.1161
         1130      68.1161
         1131      68.1161
         1132      68.1161
         1133      68.1161
         1134      68.1161
         1135      68.1161
         1136      68.1161
         1137      68.1161
         1138      68.1161
         1139      68.1161
         1140      68.1161
         1141      68.1161
         1142      68.1161
         1143      68.1161
         1144      68.1161
         1145      68.1161
         1146      68.1161
         1147      68.1161
         1148      68.1161
         1149      68.1161
         1150      68.1161
         1151      68.1161
         1152      68.1161
         1153      68.1161
         1154      68.1161
         1155      68.1161
         1156      68.1161
         1157      68.1161
         1158      68.1161
         1159      68.1161
         1160      68.1161
         1161      68.1161
         1162      68.1161
         1163      68.1161
         1164      68.1161
         1165      68.1161
         1166      68.1161
         1167      68.1161
         1168      68.1161
         1169      68.1161
         1170      68.1161
         1171      68.1161
         1172      68.1161
         1173      68.1161
         1174      68.1161
         1175      68.1161
         1176      68.1161
         1177      68.0166
         1178      68.0166
         1179      68.0166
         1180      68.0166
         1181      68.0166
         1182      68.0166
         1183      68.0166
         1184      68.0166
         1185      68.0166
         1186      68.0166
         1187      68.0166
         1188      68.0166
         1189      68.0166
         1190      68.0166
         1191      68.0166
         1192       68.027
         1193       68.027
         1194       68.027
         1195       68.027
         1196       68.027
         1197       68.027
         1198       68.027
         1199       68.027
         1200       68.027
         1201       68.027
         1202       68.027
         1203       68.027
         1204       68.027
         1205       68.027
         1206       68.027
         1207       68.027
         1208       68.027
         1209       68.027
         1210       68.027
         1211       68.027
         1212       68.027
         1213       68.027
         1214       68.027
         1215       68.027
         1216       68.027
         1217       68.027
         1218       68.027
         1219       68.027
         1220       68.027
         1221       68.027
         1222       68.027
         1223       68.027
         1224       68.027
         1225       68.027
         1226       68.027
         1227       68.027
         1228       68.027
         1229       68.027
         1230       68.027
         1231       68.027
         1232       68.027
         1233       68.027
         1234       68.027
         1235       68.027
         1236       68.027
         1237       68.027
         1238       68.027
         1239       68.027
         1240       68.027
         1241       68.027
         1242       68.027
         1243       68.027
         1244       68.027
         1245       68.027
         1246       68.027
         1247       68.027
         1248       68.027
         1249       68.027
         1250       68.027
         1251       68.027
         1252       68.027
         1253       68.027
         1254       68.027
         1255       68.027
         1256       68.027
         1257       68.027
         1258       68.027
         1259       68.027
         1260       68.027
         1261       68.027
         1262       68.027
         1263       68.027
         1264       68.027
         1265       68.027
         1266       68.027
         1267       68.027
         1268       68.027
         1269       68.027
         1270       68.027
         1271       68.027
         1272       68.027
         1273       68.027
         1274       68.027
         1275       68.027
         1276       68.027
         1277       68.027
         1278       68.027
         1279       68.027
         1280       68.027
         1281       68.027
         1282       68.027
         1283       68.027
         1284       68.027
         1285       68.027
         1286       68.027
         1287       68.027
         1288       68.027
         1289       68.027
         1290       68.027
         1291       68.027
         1292       68.027
         1293       68.027
         1294       68.027
         1295       68.027
         1296       68.027
         1297       68.027
         1298       68.027
         1299       68.027
         1300       68.027
         1301       68.027
         1302       68.027
         1303       68.027
         1304       68.027
         1305       68.027
         1306       68.027
         1307       68.027
         1308       68.027
         1309       68.027
         1310       68.027
         1311       68.027
         1312       68.027
         1313       68.027
         1314       68.027
         1315       68.027
         1316       68.027
         1317       68.027
         1318       68.027
         1319       68.027
         1320       68.027
         1321       68.027
         1322       68.027
         1323       68.027
         1324       68.027
         1325       68.027
         1326       68.027
         1327       68.027
         1328       68.027
         1329       68.027
         1330       68.027
         1331       68.027
         1332       68.027
         1333       68.027
         1334       68.027
         1335       68.027
         1336       68.027
         1337       68.027
         1338       68.027
         1339       68.027
         1340       68.027
         1341       68.027
         1342       68.027
         1343       68.027
         1344       68.027
         1345       68.027
         1346       68.027
         1347       68.027
         1348       68.027
         1349      67.9851
         1350      67.9851
         1351      67.8154
         1352      67.8154
         1353      67.8154
         1354      67.8154
         1355      67.8154
         1356      67.8154
         1357      67.8154
         1358      67.8154
         1359      67.8154
         1360      67.8154
         1361      67.8154
         1362      67.8154
         1363      67.8154
         1364      67.8154
         1365      67.8154
         1366      67.8154
         1367      67.8154
         1368      67.8154
         1369      67.8154
         1370      67.8154
         1371      67.8154
         1372      67.8154
         1373      67.8154
         1374      67.8154
         1375      67.8154
         1376      67.8154
         1377      67.8154
         1378      67.8154
         1379      67.8154
         1380      67.8154
         1381      67.8154
         1382      67.8154
         1383      67.8154
         1384      67.8154
         1385      67.8154
         1386      67.8154
         1387      67.8154
         1388      67.8154
         1389      67.8154
         1390      67.8154
         1391      67.8154
         1392      67.8154
         1393      67.8154
         1394      67.8154
         1395      67.8154
         1396      67.8154
         1397      67.8154
         1398      67.8154
         1399      67.8154
         1400      67.8154
         1401      67.8154
         1402      67.8154
         1403      67.8154
         1404      67.8154
         1405      67.8154
         1406      67.8154
         1407      67.8154
         1408      67.8154
         1409      67.8154
         1410      67.8154
         1411      67.8154
         1412      67.8154
         1413      67.8154
         1414      67.8154
         1415      67.8154
         1416      67.8154
         1417      67.8154
         1418      67.8154
         1419      67.8154
         1420      67.8154
         1421      67.8154
         1422      67.8154
         1423      67.8154
         1424      67.8154
         1425      67.8154
         1426      67.8154
         1427      67.8154
         1428      67.8154
         1429      67.8154
         1430      67.8154
         1431      67.8154
         1432      67.8154
         1433      67.8154
         1434      67.8154
         1435      67.8154
         1436      67.8154
         1437      67.8154
         1438      67.8154
         1439      67.8154
         1440      67.8154
         1441      67.8154
         1442      67.8154
         1443      67.8154
         1444      67.8154
         1445      67.8154
         1446      67.8154
         1447      67.8154
         1448      67.8154
         1449      67.8154
         1450      67.8154
         1451      67.8154
         1452      67.8154
         1453      67.8154
         1454      67.8154
         1455      67.8154
         1456      67.8154
         1457      67.8154
         1458      67.8154
         1459      67.8154
         1460      67.8154
         1461      67.8154
         1462      67.8154
         1463      67.8154
         1464      67.8154
         1465      67.8154
         1466      67.8154
         1467      67.8154
         1468      67.8154
         1469      67.8154
         1470      67.8154
         1471      67.8154
         1472      67.8154
         1473      67.8154
         1474      67.8154
         1475      67.8154
         1476      67.8154
         1477      67.8154
         1478      67.8154
         1479      67.8154
         1480      67.8154
         1481      67.8154
         1482      67.8154
         1483      67.8154
         1484      67.8154
         1485      67.8154
         1486      67.8154
         1487      67.8154
         1488      67.8154
         1489      67.8154
         1490      67.8154
         1491      67.8154
         1492      67.8154
         1493      67.8154
         1494      67.8154
         1495      67.8154
         1496      67.8154
         1497      67.8154
         1498      67.8154
         1499      67.8154
         1500      67.8154
         1501      67.8154
         1502      67.8154
         1503      67.8154
         1504      67.8154
         1505      67.8154
         1506      67.8154
         1507      67.8154
         1508      67.8154
         1509      67.8154
         1510      67.8154
         1511      67.8154
         1512      67.8154
         1513      67.8154
         1514      67.8154
         1515      67.8154
         1516      67.8154
         1517      67.8154
         1518      67.8154
         1519      67.8154
         1520      67.8154
         1521      67.8154
         1522      67.8154
         1523      67.8154
         1524      67.8154
         1525      67.8154
         1526      67.8154
         1527      67.8154
         1528      67.8154
         1529      67.8154
         1530      67.8154
         1531      67.8154
         1532      67.8154
         1533      67.8154
         1534      67.8154
         1535      67.8154
         1536      67.8154
         1537      67.8154
         1538      67.8154
         1539      67.8154
         1540      67.8154
         1541      67.8154
         1542      67.8154
         1543      67.8154
         1544      67.8154
         1545      67.8154
         1546      67.8154
         1547      67.8154
         1548      67.8154
         1549      67.8154
         1550      67.8154
         1551      67.8154
         1552      67.8154
         1553      67.8154
         1554      67.8154
         1555      67.8154
         1556      67.8154
         1557      67.8154
         1558      67.8154
         1559      67.8154
         1560      67.8154
         1561      67.8154
         1562      67.8154
         1563      67.8154
         1564      67.8154
         1565      67.8154
         1566      67.8154
         1567      67.8154
         1568      67.8154
         1569      67.8154
         1570      67.8154
         1571      67.8154
         1572      67.8154
         1573      67.8154
         1574      67.8154
         1575      67.8154
         1576      67.8154
         1577      67.8154
         1578      67.8154
         1579      67.8154
         1580      67.8154
         1581      67.8154
         1582      67.8154
         1583      67.8154
         1584      67.8154
         1585      67.8154
         1586      67.8154
         1587      67.8154
         1588      67.8154
         1589      67.8154
         1590      67.8154
         1591      67.8154
         1592      67.8154
         1593      67.8154
         1594      67.8154
         1595      67.8154
         1596      67.8154
         1597      67.8154
         1598      67.8154
         1599      67.8154
         1600      67.8154
         1601      67.8154
         1602      67.8154
         1603      67.8154
         1604      67.8154
         1605      67.8154
         1606      67.8154
         1607      67.8154
         1608      67.8154
         1609      67.8154
         1610      67.8154
         1611      67.8154
         1612      67.8154
         1613      67.8154
         1614      67.8154
         1615      67.8154
         1616      67.8154
         1617      67.8154
         1618      67.8154
         1619      67.8154
         1620      67.8154
         1621      67.8154
         1622      67.8154
         1623      67.8154
         1624      67.8154
         1625      67.8154
         1626      67.8154
         1627      67.8154
         1628      67.8154
         1629      67.8154
         1630      67.8154
         1631      67.8154
         1632      67.8154
         1633      67.8154
         1634      67.8154
         1635      67.8154
         1636      67.8154
         1637      67.8154
         1638      67.8154
         1639      67.8154
         1640      67.8154
         1641      67.8154
         1642      67.8154
         1643      67.8154
         1644      67.8154
         1645      67.8154
         1646      67.8154
         1647      67.8154
         1648      67.8154
         1649      67.8154
         1650      67.8154
         1651      67.8154
         1652      67.8154
         1653      67.8154
         1654      67.8154
         1655      67.8154
         1656      67.8154
         1657      67.8154
         1658      67.8154
         1659      67.8154
         1660      67.8154
         1661      67.8154
         1662      67.8154
         1663      67.8154
         1664      67.8154
         1665      67.8154
         1666      67.8154
         1667      67.8154
         1668      67.8154
         1669      67.8154
         1670      67.8154
         1671      67.8154
         1672      67.8154
         1673      67.8154
         1674      67.8154
         1675      67.8154
         1676      67.8154
         1677      67.8154
         1678      67.8154
         1679      67.8154
         1680      67.8154
         1681      67.8154
         1682      67.8154
         1683      67.8154
         1684      67.8154
         1685      67.8154
         1686      67.8154
         1687      67.8154
         1688      67.8154
         1689      67.8154
         1690      67.8154
         1691      67.8154
         1692      67.8154
         1693      67.8154
         1694      67.8154
         1695      67.8154
         1696      67.8154
         1697      67.8154
         1698      67.8154
         1699      67.8154
         1700      67.8154
         1701      67.8154
         1702      67.8154
         1703      67.8154
         1704      67.8154
         1705      67.8154
         1706      67.8154
         1707      67.8154
         1708      67.8154
         1709      67.8154
         1710      67.8154
         1711      67.6392
         1712      67.6392
         1713      67.6392
         1714      67.6392
         1715      67.6392
         1716      67.6392
         1717      67.6392
         1718      67.6392
         1719      67.6392
         1720      67.6392
         1721      67.6392
         1722      67.6392
         1723      67.6392
         1724      67.6392
         1725      67.6392
         1726      67.6392
         1727      67.6392
         1728      67.6392
         1729      67.6392
         1730      67.6392
         1731      67.6392
         1732      67.6392
         1733      67.6392
         1734      67.6392
         1735      67.6392
         1736      67.6392
         1737      67.6392
         1738      67.6392
         1739      67.6392
         1740      67.6392
         1741      67.6392
         1742      67.6392
         1743      67.6392
         1744      67.6392
         1745      67.6392
         1746      67.6392
         1747      67.6392
         1748      67.6392
         1749      67.6392
         1750      67.6392
         1751      67.6392
         1752      67.6392
         1753      67.6392
         1754      67.6392
         1755      67.6392
         1756      67.6392
         1757      67.6392
         1758      67.6392
         1759      67.6392
         1760      67.6392
         1761      67.6392
         1762      67.6392
         1763      67.6392
         1764      67.6392
         1765      67.6392
         1766      67.6392
         1767      67.6392
         1768      67.6392
         1769      67.6392
         1770      67.6392
         1771      67.6392
         1772      67.6392
         1773      67.6392
         1774      67.6392
         1775      67.6392
         1776      67.6392
         1777      67.6392
         1778      67.6392
         1779      67.6392
         1780      67.6392
         1781      67.6392
         1782      67.6392
         1783      67.4664
         1784      67.4664
         1785      67.4664
         1786      67.4664
         1787      67.4664
         1788      67.4664
         1789      67.4664
         1790      67.4664
         1791      67.4664
         1792      67.4664
         1793      67.4664
         1794      67.4664
         1795      67.4664
         1796      67.4664
         1797      67.4664
         1798      67.4664
         1799      67.4664
         1800      67.4664
         1801      67.4664
         1802      67.4664
         1803      67.4664
         1804      67.4664
         1805      67.4664
         1806      67.4664
         1807      67.4664
         1808      67.4664
         1809      67.4664
         1810      67.4664
         1811      67.4664
         1812      67.4664
         1813      67.4664
         1814      67.4664
         1815      67.4664
         1816      67.4664
         1817      67.4664
         1818      67.4664
         1819      67.4664
         1820      67.4664
         1821      67.4664
         1822      67.4664
         1823      67.4664
         1824      67.4664
         1825      67.4664
         1826      67.4664
         1827      67.4664
         1828      67.4664
         1829      67.4664
         1830      67.4664
         1831      67.4664
         1832      67.4664
         1833      67.4664
         1834      67.4664
         1835      67.4664
         1836      67.4664
         1837      67.4664
         1838      67.4664
         1839      67.4664
         1840      67.4664
         1841      67.4664
         1842      67.4664
         1843      67.4664
         1844      67.4664
         1845      67.4664
         1846      67.4664
         1847      67.4664
         1848      67.4664
         1849      67.4664
         1850      67.4664
         1851      67.4664
         1852      67.4664
         1853      67.4664
         1854      67.4664
         1855      67.4664
         1856      67.4664
         1857      67.4664
         1858      67.4664
         1859      67.4664
         1860      67.4664
         1861      67.4664
         1862      67.4664
         1863      67.4664
         1864      67.4664
         1865      67.4664
         1866      67.4664
         1867      67.4664
         1868      67.4664
         1869      67.4664
         1870      67.4664
         1871      67.4664
         1872      67.4664
         1873      67.4664
         1874      67.4664
         1875      67.4664
         1876      67.4664
         1877      67.4664
         1878      67.4664
         1879      67.4664
         1880      67.4664
         1881      67.4664
         1882      67.4664
         1883      67.4664
         1884      67.4664
         1885      67.4664
         1886      67.4664
         1887      67.4664
         1888      67.4664
         1889      67.4664
         1890      67.4664
         1891      67.4664
         1892      67.4664
         1893      67.4664
         1894      67.4664
         1895      67.4664
         1896      67.4664
         1897      67.4664
         1898      67.4664
         1899      67.4664
         1900      67.4664
         1901      67.4664
         1902      67.4664
         1903      67.4664
         1904      67.4664
         1905      67.4664
         1906      67.4664
         1907      67.4664
         1908      67.4664
         1909      67.4664
         1910      67.4664
         1911      67.4664
         1912      67.4664
         1913      67.4664
         1914      67.4664
         1915      67.4664
         1916      67.4664
         1917      67.4664
         1918      67.4664
         1919      67.4664
         1920      67.4664
         1921      67.4664
         1922      67.4664
         1923      67.4664
         1924      67.4664
         1925      67.4664
         1926      67.4664
         1927      67.4664
         1928      67.4664
         1929      67.4664
         1930      67.4664
         1931      67.4664
         1932      67.4664
         1933      67.4664
         1934      67.4664
         1935      67.4664
         1936      67.4664
         1937      67.4664
         1938      67.4664
         1939      67.4664
         1940      67.4664
         1941      67.4664
         1942      67.4664
         1943      67.4664
         1944      67.4664
         1945      67.4664
         1946      67.4664
         1947      67.4664
         1948      67.4664
         1949      67.4664
         1950      67.4664
         1951      67.4664
         1952      67.4664
         1953      67.4664
         1954      67.4664
         1955      67.4664
         1956      67.4664
         1957      67.4664
         1958      67.4664
         1959      67.4664
         1960      67.4664
         1961      67.4664
         1962      67.4664
         1963      67.4664
         1964      67.4664
         1965      67.4664
         1966      67.4664
         1967      67.4664
         1968      67.4664
         1969      67.4664
         1970      67.4664
         1971      67.4664
         1972      67.4664
         1973      67.4664
         1974      67.4664
         1975      67.4664
         1976      67.4664
         1977      67.4664
         1978      67.4664
         1979      67.4664
         1980      67.4664
         1981      67.4664
         1982      67.4664
         1983      67.4664
         1984      67.4664
         1985      67.4664
         1986      67.4664
         1987      67.4664
         1988      67.4664
         1989      67.4664
         1990      67.4664
         1991      67.4664
         1992      67.4664
         1993      67.4664
         1994      67.4664
         1995      67.4664
         1996      67.4664
         1997      67.4664
         1998      67.4664
         1999      67.4664
         2000      67.4664
