#      	 GEN:      LENGTH:
            1      421.946
            2      423.389
            3      403.577
            4      392.282
            5      392.282
            6      383.923
            7      346.479
            8      344.264
            9      343.075
           10      336.053
           11      338.031
           12      332.405
           13      326.837
           14      325.451
           15      315.534
           16      315.043
           17      311.937
           18       308.98
           19      299.669
           20       294.74
           21      296.908
           22      288.923
           23      286.943
           24       286.11
           25      280.547
           26      279.522
           27      277.784
           28      271.116
           29      268.993
           30      268.993
           31      265.103
           32      263.521
           33      259.213
           34      257.192
           35       256.73
           36      251.663
           37      248.017
           38      248.017
           39      246.826
           40      245.208
           41      243.781
           42      240.038
           43      238.026
           44      237.906
           45      235.298
           46       233.41
           47      230.925
           48      227.083
           49      227.101
           50      220.669
           51       221.18
           52      214.819
           53      213.845
           54      212.596
           55      209.779
           56      207.556
           57      205.388
           58      200.953
           59      199.196
           60      197.725
           61      196.285
           62      194.271
           63      190.746
           64      189.175
           65      189.175
           66      184.864
           67      184.864
           68      181.912
           69      180.866
           70      180.244
           71      178.417
           72      178.213
           73      175.228
           74      174.861
           75      173.889
           76      170.637
           77      171.755
           78      168.755
           79      166.621
           80      165.719
           81      164.668
           82      164.189
           83      162.204
           84      161.021
           85      160.243
           86      160.243
           87      157.398
           88      157.398
           89      156.642
           90      156.642
           91      156.453
           92      156.453
           93      154.024
           94      153.782
           95      152.641
           96      152.239
           97      151.698
           98      151.173
           99      151.716
          100      148.594
          101        148.1
          102       147.62
          103      146.761
          104      145.703
          105      145.496
          106      144.737
          107       144.23
          108       144.23
          109      142.919
          110      142.194
          111      140.882
          112      139.936
          113      139.423
          114      139.423
          115      139.079
          116      138.976
          117      138.976
          118      137.482
          119      136.697
          120      136.628
          121      135.171
          122      135.963
          123      135.625
          124      132.764
          125      132.764
          126      131.271
          127      131.271
          128      132.447
          129      130.953
          130      130.236
          131      130.236
          132      129.557
          133      129.027
          134      128.298
          135      127.009
          136      127.009
          137      125.375
          138      124.689
          139      124.689
          140      123.801
          141      123.801
          142      123.801
          143      123.052
          144      123.052
          145      123.052
          146      122.943
          147      122.564
          148      122.208
          149      120.718
          150      120.718
          151      120.416
          152      120.435
          153      120.134
          154      118.337
          155      118.337
          156      118.182
          157      117.958
          158      118.072
          159      117.594
          160      114.747
          161      114.747
          162      114.636
          163      113.866
          164      115.275
          165       113.79
          166      114.429
          167       112.91
          168      112.729
          169      112.368
          170      112.017
          171      113.394
          172      112.682
          173       112.84
          174      111.389
          175      111.389
          176      110.797
          177      109.862
          178      109.862
          179      109.156
          180      108.712
          181      108.511
          182      108.509
          183      108.549
          184      107.309
          185      106.702
          186      105.499
          187      105.142
          188      104.055
          189      103.449
          190      103.449
          191      103.186
          192      102.902
          193      102.902
          194      102.902
          195      102.902
          196      102.244
          197      102.244
          198      101.467
          199      101.467
          200      101.467
          201      100.653
          202      99.9957
          203      100.143
          204       98.977
          205      98.9715
          206      98.7077
          207      98.7077
          208      98.0381
          209      97.9691
          210      97.0302
          211      97.0302
          212      97.0946
          213      97.0946
          214      97.0946
          215      96.7352
          216      96.7996
          217      96.7996
          218      96.2239
          219      96.2239
          220      96.0946
          221      95.8967
          222      94.9308
          223      94.8576
          224      94.8068
          225      94.1126
          226      93.1412
          227      92.1198
          228      92.1198
          229      92.1198
          230      92.1198
          231      91.2011
          232      91.0955
          233      90.7417
          234      90.7417
          235      90.7417
          236      90.4643
          237      90.3128
          238      90.1654
          239        89.89
          240      89.4611
          241      89.6518
          242      88.4142
          243      88.8002
          244      88.0401
          245      87.1884
          246      87.1884
          247      87.1884
          248      86.6121
          249      86.6121
          250      86.6121
          251      86.6121
          252      86.6121
          253       86.457
          254      86.5014
          255      86.0734
          256      85.9183
          257      85.7557
          258      85.5978
          259      85.5978
          260      85.6595
          261      85.2391
          262      85.2391
          263      85.2391
          264      85.2875
          265      85.7105
          266      84.6324
          267      83.9706
          268      83.5986
          269      84.0216
          270      83.6988
          271      83.3865
          272      83.4481
          273      83.4481
          274      82.9043
          275      82.9659
          276      82.7237
          277      82.7853
          278      81.7279
          279      81.5473
          280       81.275
          281      81.3138
          282      81.2343
          283        80.66
          284      80.4265
          285       80.347
          286      80.1135
          287      80.0997
          288      79.5202
          289      78.4889
          290      78.4751
          291      78.4751
          292      78.3726
          293      78.5734
          294      78.5734
          295       77.819
          296      77.6475
          297      77.6475
          298      77.6475
          299      77.5678
          300      77.5678
          301      77.4286
          302      77.3489
          303      76.9947
          304      76.9947
          305      76.7976
          306      76.7976
          307      76.7976
          308      76.7976
          309      76.7976
          310      76.7976
          311      76.1352
          312      76.1352
          313      75.5483
          314      75.4964
          315      75.4964
          316      75.4964
          317      75.6781
          318      75.0912
          319      75.0912
          320      75.0912
          321      75.0912
          322      75.0912
          323      75.0912
          324      74.4495
          325      74.4495
          326      73.8875
          327      73.8875
          328      73.7035
          329      72.6317
          330      72.6317
          331      72.4477
          332      72.4477
          333      72.4477
          334      72.4477
          335      72.2842
          336      72.2842
          337      72.2842
          338      72.1462
          339      72.1462
          340      71.9192
          341      71.9192
          342      71.9192
          343      71.8874
          344      71.8874
          345      71.8874
          346      71.8874
          347      71.8874
          348      71.8874
          349      71.7616
          350      71.7616
          351      71.5851
          352      71.5851
          353      71.5851
          354      71.5851
          355      71.5851
          356      71.5851
          357      71.5851
          358      71.5851
          359      71.5851
          360      71.5851
          361      71.5851
          362       71.666
          363       71.666
          364       71.666
          365       71.666
          366       71.666
          367       71.666
          368       71.666
          369       71.666
          370       71.666
          371       71.666
          372       71.666
          373       71.666
          374       71.666
          375       71.666
          376       71.666
          377       71.666
          378       71.666
          379       71.666
          380       71.666
          381       71.666
          382       71.666
          383       71.666
          384       71.666
          385       71.666
          386      71.5833
          387      71.5833
          388      71.5833
          389      71.5833
          390      71.5833
          391      71.1171
          392      71.1171
          393      71.1171
          394      71.1171
          395      71.1171
          396      71.1171
          397      71.1171
          398      71.1171
          399      71.1171
          400      71.1171
          401      71.1171
          402      71.1171
          403      71.1171
          404      71.1171
          405      71.1171
          406      71.1171
          407      71.1171
          408      71.1171
          409      71.1171
          410      71.1171
          411      71.1171
          412      71.1171
          413      71.1171
          414      71.1171
          415      70.8267
          416      70.8267
          417      70.8267
          418      70.8267
          419      70.8267
          420      70.8267
          421      70.8267
          422      70.6299
          423      70.6299
          424      70.6299
          425      70.6299
          426      70.7306
          427      70.7306
          428      70.7306
          429      70.7306
          430      70.7306
          431      70.7306
          432      70.7306
          433      70.7306
          434      70.7306
          435      70.7306
          436      70.7306
          437      70.7306
          438      70.7306
          439      70.7306
          440      70.7306
          441      70.7306
          442      70.7306
          443      70.7306
          444      70.7306
          445      70.7306
          446      70.7306
          447      70.3835
          448      70.3835
          449      70.3835
          450      70.3835
          451      70.0563
          452      70.0563
          453      70.0563
          454      70.0563
          455      70.0563
          456       69.924
          457       69.924
          458       69.924
          459      69.9058
          460      69.9058
          461      69.9058
          462      69.9058
          463      69.9058
          464      69.9058
          465      69.9058
          466      69.9058
          467      69.9058
          468      69.9058
          469      69.9058
          470      69.9058
          471      69.9058
          472      69.9058
          473      69.9058
          474      69.9058
          475      69.9058
          476      69.9058
          477      69.9058
          478      69.9058
          479      69.9058
          480      69.9058
          481      69.9058
          482      69.9058
          483      69.9058
          484      69.9058
          485      69.9058
          486      69.9058
          487      69.9058
          488      69.9058
          489      69.9058
          490      69.9058
          491      69.9058
          492      69.9058
          493      69.9058
          494      69.9058
          495      69.9058
          496      69.9058
          497      69.9058
          498      69.9058
          499      69.9058
          500      69.9058
          501      69.9058
          502      69.9058
          503      69.9058
          504      69.9058
          505      69.9058
          506      69.9058
          507      69.9058
          508      69.9058
          509      69.9058
          510      69.9058
          511      69.9058
          512      69.9058
          513      69.9058
          514      69.9058
          515      69.9058
          516      69.9058
          517      69.9058
          518      69.9058
          519      69.9058
          520      69.9058
          521      69.9058
          522      69.9058
          523      69.9058
          524      69.9058
          525      69.9058
          526      69.9058
          527      69.9058
          528      69.9058
          529      69.9058
          530      69.9058
          531      69.9058
          532      69.9058
          533      69.9058
          534      69.9058
          535      69.9058
          536      69.9058
          537      69.9058
          538      69.9058
          539      69.9058
          540      69.9058
          541      69.9058
          542      69.9058
          543      69.9058
          544      69.9058
          545      69.9058
          546      69.9058
          547      69.9058
          548      69.9058
          549      69.9058
          550      69.9058
          551      69.9058
          552      69.9058
          553      69.9058
          554      69.9058
          555      69.9058
          556      69.9058
          557      69.9058
          558      69.9058
          559      69.9058
          560      69.9058
          561      69.9058
          562      69.9058
          563      69.9058
          564      69.9058
          565      69.9058
          566      69.9058
          567      69.9058
          568      69.9058
          569      69.9058
          570      69.9058
          571      69.9058
          572      69.9058
          573      69.9058
          574      69.9058
          575      69.9058
          576      69.9058
          577      69.9058
          578      69.9058
          579      69.9058
          580      69.9058
          581      69.9058
          582      69.9058
          583      69.9058
          584      69.9058
          585      69.9058
          586      69.9058
          587      69.9058
          588      69.9058
          589      69.9058
          590      69.9058
          591      69.9058
          592      69.9058
          593      69.9058
          594      69.9058
          595      69.9058
          596      69.9058
          597      69.9058
          598      69.9058
          599      69.9058
          600      69.9058
          601      69.9058
          602      69.9058
          603      69.9058
          604      69.8631
          605      69.8631
          606      69.8631
          607      69.8631
          608      69.8631
          609      69.8631
          610      69.8631
          611      69.8631
          612      69.8631
          613      69.8631
          614      69.8631
          615      69.8631
          616      69.8631
          617      69.8631
          618      69.8631
          619      69.8631
          620      69.8631
          621      69.8631
          622      69.8631
          623      69.8631
          624      69.8631
          625      69.8631
          626      69.8631
          627      69.8631
          628      69.8631
          629      69.8631
          630      69.8631
          631      69.8631
          632      69.8631
          633      69.8631
          634      69.8631
          635      69.8631
          636      69.8631
          637      69.8631
          638      69.8631
          639      69.8631
          640      69.8631
          641      69.8631
          642      69.8631
          643      69.8631
          644      69.8631
          645      69.8631
          646      69.8631
          647      69.8631
          648      69.8631
          649      69.8631
          650      69.8631
          651      69.8631
          652      69.8631
          653      69.8631
          654      69.8631
          655      69.8631
          656      69.8631
          657      69.8631
          658      69.8631
          659      69.8631
          660      69.8631
          661      69.8631
          662      69.8631
          663      69.8631
          664      69.8631
          665      69.8631
          666      69.8631
          667      69.8631
          668      69.8631
          669      69.8631
          670      69.8631
          671      69.8631
          672      69.8631
          673      69.8631
          674      69.8631
          675      69.8631
          676      69.8631
          677      69.8631
          678      69.8631
          679      69.8631
          680      69.8631
          681      69.8631
          682      69.8631
          683      69.8631
          684      69.8631
          685      69.8631
          686      69.8631
          687      69.8631
          688      69.8631
          689      69.8631
          690      69.8631
          691      69.8631
          692      69.8631
          693      69.8631
          694      69.8363
          695      69.8363
          696      69.8363
          697      69.8363
          698      69.8363
          699      69.8363
          700      69.8363
          701      69.8363
          702      69.8363
          703      69.8363
          704      69.8363
          705      69.8363
          706      69.8363
          707      69.8363
          708      69.8363
          709      69.8363
          710      69.8363
          711      69.8363
          712      69.8363
          713      69.8363
          714      69.8363
          715      69.8363
          716      69.8363
          717      69.8363
          718      69.8363
          719      69.8363
          720      69.8363
          721      69.8363
          722      69.8363
          723      69.8363
          724      69.8363
          725      69.8363
          726      69.8363
          727      69.8363
          728      69.8363
          729      69.8363
          730      69.8363
          731      69.8363
          732      69.8363
          733      69.8363
          734      69.8363
          735      69.8363
          736      69.8363
          737      69.8363
          738      69.8363
          739      69.8363
          740      69.8363
          741      69.8363
          742      69.8363
          743      69.8363
          744      69.8363
          745      69.8363
          746      69.8363
          747      69.8363
          748      69.8363
          749      69.8363
          750      69.8363
          751      69.8363
          752      69.8363
          753      69.8363
          754      69.8363
          755      69.8363
          756      69.8363
          757      69.8363
          758      69.8363
          759      69.8363
          760      69.8363
          761      69.8363
          762      69.8363
          763      69.8363
          764      69.8363
          765      69.8363
          766      69.8363
          767      69.8363
          768      69.8363
          769      69.8363
          770      69.8363
          771      69.8363
          772      69.8363
          773      69.8363
          774      69.8363
          775      69.8363
          776      69.8363
          777      69.8363
          778      69.8363
          779      69.8363
          780      69.8363
          781      69.8363
          782      69.8363
          783      69.8363
          784      69.8363
          785      69.8363
          786      69.8363
          787      69.8363
          788      69.8363
          789      69.8363
          790      69.8363
          791      69.8363
          792      69.8363
          793      69.8363
          794      69.8363
          795      69.8363
          796      69.8363
          797      69.8363
          798      69.8363
          799      69.8363
          800      69.8363
          801      69.8363
          802      69.8363
          803      69.8363
          804      69.8363
          805      69.8363
          806      69.8363
          807      69.8363
          808      69.8363
          809      69.8363
          810      69.8363
          811      69.8363
          812      69.8363
          813      69.8363
          814      69.8363
          815      69.8363
          816      69.2018
          817      69.2018
          818      69.2018
          819      69.2018
          820      69.2018
          821      69.2018
          822      69.2018
          823      69.2018
          824      69.2018
          825      69.2018
          826      69.2018
          827      69.2018
          828      69.2018
          829      69.2018
          830      69.2018
          831      69.2018
          832      69.2018
          833      69.2018
          834      69.2018
          835      69.2018
          836      69.2018
          837      69.2018
          838       68.732
          839       68.732
          840       68.732
          841       68.732
          842       68.732
          843       68.732
          844       68.732
          845       68.732
          846      68.8226
          847      68.8226
          848      68.8226
          849      68.8226
          850      68.8226
          851      68.8226
          852      68.8226
          853      68.8226
          854      68.8226
          855      68.8226
          856      68.8226
          857      68.8226
          858      68.8226
          859      68.8226
          860      68.8226
          861      68.8226
          862      68.8226
          863      68.8226
          864      68.8226
          865      68.8226
          866      68.8226
          867      68.8226
          868      68.8226
          869      68.8226
          870      68.8226
          871      68.8226
          872      68.8226
          873      68.8226
          874      68.8226
          875      68.8226
          876      68.8226
          877      68.8226
          878      68.8226
          879      68.8226
          880      68.8226
          881      68.8226
          882      68.8226
          883      68.8226
          884      68.8226
          885      68.8226
          886      68.8226
          887      68.8226
          888      68.8226
          889      68.8226
          890      68.8226
          891      68.8226
          892      68.8226
          893      68.8226
          894      68.8226
          895      68.8226
          896      68.8226
          897      68.8226
          898      68.8226
          899      68.8226
          900      68.8226
          901      68.8226
          902      68.8226
          903      68.8226
          904      68.8226
          905      68.8226
          906      68.8226
          907      68.8226
          908      68.8226
          909      68.8226
          910      68.8226
          911      68.8226
          912      68.8226
          913      68.8226
          914      68.8226
          915      68.8226
          916      68.8226
          917      68.8226
          918      68.8226
          919      68.8226
          920      68.8226
          921      68.8226
          922      68.8226
          923      68.8226
          924      68.8226
          925      68.8226
          926      68.8226
          927      68.8226
          928      68.8226
          929      68.8226
          930      68.8226
          931      68.8226
          932      68.8226
          933      68.8226
          934      68.8226
          935      68.8226
          936      68.8226
          937      68.8226
          938      68.8226
          939      68.8226
          940      68.8226
          941      68.8226
          942      68.8226
          943      68.8226
          944      68.8226
          945      68.8226
          946      68.8226
          947      68.8226
          948      68.8226
          949      68.8226
          950      68.8226
          951      68.8226
          952      68.8226
          953      68.8226
          954      68.8226
          955      68.8226
          956      68.8226
          957      68.8226
          958      68.8226
          959      68.8226
          960      68.8226
          961      68.8226
          962      68.8226
          963      68.8226
          964      68.8226
          965      68.8226
          966      68.8226
          967      68.8226
          968      68.8226
          969      68.8226
          970      68.8226
          971      68.8226
          972      68.8226
          973      68.8226
          974      68.8226
          975      68.8226
          976      68.8226
          977      68.8226
          978      68.8226
          979      68.8226
          980      68.8226
          981      68.8226
          982      68.8226
          983      68.8226
          984      68.8226
          985      68.8226
          986      68.8226
          987      68.8226
          988      68.8226
          989      68.8226
          990      68.8226
          991      68.8226
          992      68.8226
          993      68.8226
          994      68.8226
          995      68.8226
          996      68.8226
          997      68.8226
          998      68.8226
          999      68.8226
         1000      68.8226
         1001      68.8226
         1002      68.8226
         1003      68.8226
         1004      68.8226
         1005      68.8226
         1006      68.8226
         1007      68.8226
         1008      68.8226
         1009      68.8226
         1010      68.8226
         1011      68.8226
         1012      68.8226
         1013      68.8226
         1014      68.8226
         1015      68.8226
         1016      68.8226
         1017      68.8226
         1018      68.8226
         1019      68.8226
         1020      68.8226
         1021      68.8226
         1022      68.8226
         1023      68.8226
         1024      68.8226
         1025      68.8226
         1026      68.8226
         1027      68.8226
         1028      68.8226
         1029      68.8226
         1030      68.8226
         1031      68.8226
         1032      68.8226
         1033      68.8226
         1034      68.8226
         1035      68.8226
         1036      68.8226
         1037      68.8226
         1038      68.8226
         1039      68.8226
         1040      68.8226
         1041      68.8226
         1042      68.8226
         1043      68.8226
         1044      68.8226
         1045      68.8226
         1046      68.8226
         1047      68.8226
         1048      68.8226
         1049      68.8226
         1050      68.8226
         1051      68.8226
         1052      68.8226
         1053      68.8226
         1054      68.8226
         1055      68.8226
         1056      68.8226
         1057      68.8226
         1058      68.8226
         1059      68.8226
         1060      68.8226
         1061      68.8226
         1062      68.8226
         1063      68.8226
         1064      68.8226
         1065      68.8226
         1066      68.8226
         1067      68.6026
         1068      68.6026
         1069      68.6026
         1070      68.6026
         1071      68.6026
         1072      68.6026
         1073      68.6026
         1074      68.5409
         1075      68.5409
         1076      68.5409
         1077      68.5409
         1078      68.5409
         1079      68.5409
         1080      68.5409
         1081      68.5409
         1082      68.5409
         1083      68.5409
         1084      68.5409
         1085      68.5409
         1086      68.5409
         1087      68.5409
         1088      68.5409
         1089      68.5409
         1090      68.5409
         1091      68.5409
         1092      68.5409
         1093      68.5409
         1094      68.5409
         1095      68.5409
         1096      68.5409
         1097      68.5409
         1098      68.5409
         1099      68.5409
         1100      68.5409
         1101      68.5409
         1102      68.5409
         1103      68.5409
         1104      68.5409
         1105      68.5409
         1106      68.5409
         1107      68.5409
         1108      68.5409
         1109      68.5409
         1110      68.5409
         1111      68.5409
         1112      68.5409
         1113      68.5409
         1114      68.5409
         1115      68.5409
         1116      68.5409
         1117      68.5409
         1118      68.5409
         1119      68.5409
         1120      68.5409
         1121      68.5409
         1122      68.5409
         1123      68.5409
         1124      68.5409
         1125      68.5409
         1126      68.5409
         1127      68.5409
         1128      68.5409
         1129      68.5409
         1130      68.5409
         1131      68.5409
         1132      68.5409
         1133      68.5409
         1134      68.5409
         1135      68.5409
         1136      68.5409
         1137      68.5409
         1138      68.5409
         1139      68.5409
         1140      68.5409
         1141      68.5409
         1142      68.5409
         1143      68.5409
         1144      68.5409
         1145      68.5409
         1146      68.5409
         1147      68.5409
         1148      68.5409
         1149      68.5409
         1150      68.5409
         1151      68.5409
         1152      68.5409
         1153      68.5409
         1154      68.5409
         1155      68.5409
         1156      68.5409
         1157      68.5409
         1158      68.5409
         1159      68.5409
         1160      68.5409
         1161      68.5409
         1162      68.5409
         1163      68.5409
         1164      68.5409
         1165      68.5409
         1166      68.5409
         1167      68.5409
         1168      68.5409
         1169      68.5409
         1170      68.5409
         1171      68.5409
         1172      68.5409
         1173      68.5409
         1174      68.5409
         1175      68.5409
         1176      68.5409
         1177      68.5409
         1178      68.5409
         1179      68.5409
         1180      68.5409
         1181      68.5409
         1182      68.5409
         1183      68.5409
         1184      68.5409
         1185      68.5409
         1186      68.5409
         1187      68.5409
         1188      68.5409
         1189      68.5409
         1190      68.5409
         1191      68.5409
         1192      68.5409
         1193      68.5409
         1194      68.5409
         1195      68.5409
         1196      68.5409
         1197      68.5409
         1198      68.5409
         1199      68.5409
         1200      67.1017
         1201      66.9434
         1202      66.9434
         1203      66.9434
         1204      66.9434
         1205      66.9434
         1206      66.9434
         1207      66.9434
         1208      66.9434
         1209      66.9434
         1210      66.9434
         1211      66.9434
         1212      66.9434
         1213      66.9434
         1214      66.9434
         1215      66.9434
         1216      66.9434
         1217      66.9434
         1218      66.9434
         1219      66.9434
         1220      66.9434
         1221      66.9434
         1222      66.9434
         1223      66.9434
         1224      66.9434
         1225      66.9434
         1226      66.9434
         1227      66.9434
         1228      66.9434
         1229      66.9434
         1230      66.9434
         1231      66.9434
         1232      66.9434
         1233      66.9434
         1234      66.9434
         1235      66.9434
         1236      66.9434
         1237      66.9434
         1238      66.9434
         1239      66.9434
         1240      66.9434
         1241      66.9434
         1242      66.9434
         1243      66.9434
         1244      66.9434
         1245      66.9434
         1246      66.9434
         1247      66.9434
         1248      66.9434
         1249      66.9434
         1250      66.9434
         1251      66.9434
         1252      66.9434
         1253      66.9434
         1254      66.9434
         1255      66.9434
         1256      66.9434
         1257      66.9434
         1258      66.9434
         1259      66.9434
         1260      66.9434
         1261      66.9434
         1262      66.9434
         1263      66.9434
         1264      66.9434
         1265      66.9434
         1266      66.9434
         1267      66.9434
         1268      66.9434
         1269      66.9434
         1270      66.9434
         1271      66.9434
         1272      66.9434
         1273      66.9434
         1274      66.9434
         1275      66.9434
         1276      66.9434
         1277      66.9434
         1278      66.9434
         1279      66.9434
         1280      66.9434
         1281      66.9434
         1282      66.9434
         1283      66.9434
         1284      66.9434
         1285      66.9434
         1286      66.9434
         1287      66.9434
         1288      66.9434
         1289      66.9434
         1290      66.9434
         1291      66.9434
         1292      66.9434
         1293      66.9434
         1294      66.9434
         1295      66.9434
         1296      66.9434
         1297      66.9434
         1298      66.9434
         1299      66.9434
         1300      66.9434
         1301      66.9434
         1302      66.9434
         1303      66.9434
         1304      66.9434
         1305      66.9434
         1306      66.9434
         1307      66.9434
         1308      66.9434
         1309      66.9434
         1310      66.9434
         1311      66.9434
         1312      66.9434
         1313      66.9434
         1314      66.9434
         1315      66.9434
         1316      66.9434
         1317      66.9434
         1318      66.9434
         1319      66.9434
         1320      66.9434
         1321      66.9434
         1322      66.9434
         1323      66.9434
         1324      66.9434
         1325      66.9434
         1326      66.9434
         1327      66.9434
         1328      66.9434
         1329      66.9434
         1330      66.9434
         1331      66.9434
         1332      66.9434
         1333      66.9434
         1334      66.9434
         1335      66.9434
         1336      66.9434
         1337      66.9434
         1338      66.9434
         1339      66.9434
         1340      66.9434
         1341      66.9434
         1342      66.9434
         1343      66.9434
         1344      66.9434
         1345      66.9434
         1346      66.9434
         1347      66.9434
         1348      66.9434
         1349      66.9434
         1350      66.9434
         1351      66.9434
         1352      66.9434
         1353      66.9434
         1354      66.9434
         1355      66.9434
         1356      66.9434
         1357      66.9434
         1358      66.9434
         1359      66.9434
         1360      66.9434
         1361      66.9434
         1362      66.9434
         1363      66.9434
         1364      66.9434
         1365      66.9434
         1366      66.9434
         1367      66.9434
         1368      66.9434
         1369      66.9434
         1370      66.9434
         1371      66.9434
         1372      66.9434
         1373      66.9434
         1374      66.9434
         1375      66.9434
         1376      66.9434
         1377      66.9434
         1378      66.9434
         1379      66.9434
         1380      66.9434
         1381      66.9434
         1382      66.9434
         1383      66.9434
         1384      66.9434
         1385      66.9434
         1386      66.9434
         1387      66.9434
         1388      66.9434
         1389      66.9434
         1390      66.9434
         1391      66.9434
         1392      66.9434
         1393      66.9434
         1394      66.9434
         1395      66.9434
         1396      66.9434
         1397      66.9434
         1398      66.9434
         1399      66.9434
         1400      66.9434
         1401      66.9434
         1402      66.9434
         1403      66.9434
         1404      66.9434
         1405      66.9434
         1406      66.9434
         1407      66.9434
         1408      66.9434
         1409      66.9434
         1410      66.9434
         1411      66.9434
         1412      66.9434
         1413      66.9434
         1414      66.9434
         1415      66.9434
         1416      66.9434
         1417      66.9434
         1418      66.9434
         1419      66.9434
         1420      66.9434
         1421      66.9434
         1422      66.9434
         1423      66.9434
         1424      66.9434
         1425      66.9434
         1426      66.9434
         1427      66.9434
         1428      66.9434
         1429      66.9434
         1430      66.9434
         1431      66.9434
         1432      66.9434
         1433      66.9434
         1434      66.9434
         1435      66.9434
         1436      66.9434
         1437      66.9434
         1438      66.9434
         1439      66.9434
         1440      66.9434
         1441      66.9434
         1442      66.9434
         1443      66.9434
         1444      66.9434
         1445      66.9434
         1446      66.9434
         1447      66.9434
         1448      66.9434
         1449      66.9434
         1450      66.9434
         1451      66.9434
         1452      66.9434
         1453      66.9434
         1454      66.9434
         1455      66.9434
         1456      66.9434
         1457      66.9434
         1458      66.9434
         1459      66.9434
         1460      66.9434
         1461      66.9434
         1462      66.9434
         1463      66.9434
         1464      66.9434
         1465      66.9434
         1466      66.9434
         1467      66.9434
         1468      66.9434
         1469      66.9434
         1470      66.9434
         1471      66.9434
         1472      66.9434
         1473      66.9434
         1474      66.9434
         1475      66.9434
         1476      66.9434
         1477      66.9434
         1478      66.9434
         1479      66.9434
         1480      66.9434
         1481      66.9434
         1482      66.9434
         1483      66.9434
         1484      66.9434
         1485      66.9434
         1486      66.9434
         1487      66.9434
         1488      66.9434
         1489      66.9434
         1490      66.9434
         1491      66.9434
         1492      66.9434
         1493      66.9434
         1494      66.9434
         1495      66.9434
         1496      66.9434
         1497      66.9434
         1498      66.9434
         1499      66.9434
         1500      66.9434
         1501      66.9434
         1502      66.9434
         1503      66.9434
         1504      66.9434
         1505      66.9434
         1506      66.9434
         1507      66.9434
         1508      66.9434
         1509      66.9434
         1510      66.9434
         1511      66.9434
         1512      66.9434
         1513      66.9434
         1514      66.9434
         1515      66.9434
         1516      66.9434
         1517      66.9434
         1518      66.9434
         1519      66.9434
         1520      66.9434
         1521      66.9434
         1522      66.9434
         1523      66.9434
         1524      66.9434
         1525      66.9434
         1526      66.9434
         1527      66.9434
         1528      66.9434
         1529      66.9434
         1530      66.9434
         1531      66.9434
         1532      66.9434
         1533      66.9434
         1534      66.9434
         1535      66.9434
         1536      66.9434
         1537      66.9434
         1538      66.9434
         1539      66.9434
         1540      66.9434
         1541      66.9434
         1542      66.9434
         1543      66.9434
         1544      66.9434
         1545      66.9434
         1546      66.9434
         1547      66.9434
         1548      66.9434
         1549      66.9434
         1550      66.9434
         1551      66.9434
         1552      66.9434
         1553      66.9434
         1554      66.9434
         1555      66.9434
         1556      66.9434
         1557      66.9434
         1558      66.9434
         1559      66.9434
         1560      66.9434
         1561      66.9434
         1562      66.9434
         1563      66.9434
         1564      66.9434
         1565      66.9434
         1566      66.9434
         1567      66.9434
         1568      66.9434
         1569      66.9434
         1570      66.9434
         1571      66.9434
         1572      66.9434
         1573      66.9434
         1574      66.9434
         1575      66.9434
         1576      66.9434
         1577      66.9434
         1578      66.9434
         1579      66.9434
         1580      66.9434
         1581      66.9434
         1582      66.9434
         1583      66.9434
         1584      66.9434
         1585      66.9434
         1586      66.9434
         1587      66.9434
         1588      66.9434
         1589      66.9434
         1590      66.9434
         1591      66.9434
         1592      66.9434
         1593      66.9434
         1594      66.9434
         1595      66.9434
         1596      66.9434
         1597      66.9434
         1598      66.9434
         1599      66.9434
         1600      66.9434
         1601      66.9434
         1602      66.9434
         1603      66.9434
         1604      66.9434
         1605      66.9434
         1606      66.9434
         1607      66.9434
         1608      66.9434
         1609      66.9434
         1610      66.9434
         1611      66.9434
         1612      66.9434
         1613      66.9434
         1614      66.9434
         1615      66.9434
         1616      66.9434
         1617      66.9434
         1618      66.9434
         1619      66.9434
         1620      66.9434
         1621      66.9434
         1622      66.9434
         1623      66.9434
         1624      66.9434
         1625      66.9434
         1626      66.9434
         1627      66.9434
         1628      66.9434
         1629      66.9434
         1630      66.9434
         1631      66.9434
         1632      66.9434
         1633      66.9434
         1634      66.9434
         1635      66.9434
         1636      66.9434
         1637      66.9434
         1638      66.9434
         1639      66.9434
         1640      66.9434
         1641      66.9434
         1642      66.9434
         1643      66.9434
         1644      66.9434
         1645      66.9434
         1646      66.9434
         1647      66.9434
         1648      66.9434
         1649      66.9434
         1650      66.9434
         1651      66.9434
         1652      66.9434
         1653      66.9434
         1654      66.9434
         1655      66.9434
         1656      66.9434
         1657      66.9434
         1658      66.9434
         1659      66.9434
         1660      66.9434
         1661      66.9434
         1662      66.9434
         1663      66.9434
         1664      66.9434
         1665      66.9434
         1666      66.9434
         1667      66.9434
         1668      66.9434
         1669      66.9434
         1670      66.9434
         1671      66.9434
         1672      66.9434
         1673      66.9434
         1674      66.9434
         1675      66.9434
         1676      66.9434
         1677      66.9434
         1678      66.9434
         1679      66.9434
         1680      66.9434
         1681      66.9434
         1682      66.9434
         1683      66.9434
         1684      66.9434
         1685      66.9434
         1686      66.9434
         1687      66.9434
         1688      66.9434
         1689      66.9434
         1690      66.9434
         1691      66.9434
         1692      66.9434
         1693      66.9434
         1694      66.9434
         1695      66.9434
         1696      66.9434
         1697      66.9434
         1698      66.9434
         1699      66.9434
         1700      66.9434
         1701      66.9434
         1702      66.9434
         1703      66.9434
         1704      66.9434
         1705      66.9434
         1706      66.9434
         1707      66.9434
         1708      66.9434
         1709      66.9434
         1710      66.9434
         1711      66.9434
         1712      66.9434
         1713      66.9434
         1714      66.9434
         1715      66.9434
         1716      66.9434
         1717      66.9434
         1718      66.9434
         1719      66.9434
         1720      66.9434
         1721      66.9434
         1722      66.9434
         1723      66.9434
         1724      66.9434
         1725      66.9434
         1726      66.9434
         1727      66.9434
         1728      66.9434
         1729      66.9434
         1730      66.9434
         1731      66.9434
         1732      66.9434
         1733      66.9434
         1734      66.9434
         1735      66.9434
         1736      66.9434
         1737      66.9434
         1738      66.9434
         1739      66.9434
         1740      66.9434
         1741      66.9434
         1742      66.9434
         1743      66.9434
         1744      66.9434
         1745      66.9434
         1746      66.9434
         1747      66.9434
         1748      66.9434
         1749      66.9434
         1750      66.9434
         1751      66.9434
         1752      66.9434
         1753      66.9434
         1754      66.9434
         1755      66.9434
         1756      66.9434
         1757      66.9434
         1758      66.9434
         1759      66.9434
         1760      66.9434
         1761      66.9434
         1762      66.9434
         1763      66.9434
         1764      66.9434
         1765      66.9434
         1766      66.9434
         1767      66.9434
         1768      66.9434
         1769      66.9434
         1770      66.9434
         1771      66.9434
         1772      66.9434
         1773      66.9434
         1774      66.9434
         1775      66.9434
         1776      66.9434
         1777      66.9434
         1778      66.9434
         1779      66.9434
         1780      66.9434
         1781      66.9434
         1782      66.9434
         1783      66.9434
         1784      66.9434
         1785      66.9434
         1786      66.9434
         1787      66.9434
         1788      66.9434
         1789      66.9434
         1790      66.9434
         1791      66.9434
         1792      66.9434
         1793      66.9434
         1794      66.9434
         1795      66.9434
         1796      66.9434
         1797      66.9434
         1798      66.9434
         1799      66.9434
         1800      66.9434
         1801      66.9434
         1802      66.9434
         1803      66.9434
         1804      66.9434
         1805      66.9434
         1806      66.9434
         1807      66.9434
         1808      66.9434
         1809      66.9434
         1810      66.9434
         1811      66.9434
         1812      66.9434
         1813      66.9434
         1814      66.9434
         1815      66.9434
         1816      66.9434
         1817      66.9434
         1818      66.9434
         1819      66.9434
         1820      66.9434
         1821      66.9434
         1822      66.9434
         1823      66.9434
         1824      66.9434
         1825      66.9434
         1826      66.9434
         1827      66.9434
         1828      66.9434
         1829      66.9434
         1830      66.9434
         1831      66.9434
         1832      66.9434
         1833      66.9434
         1834      66.9434
         1835      66.9434
         1836      66.9434
         1837      66.9434
         1838      66.9434
         1839      66.9434
         1840      66.9434
         1841      66.9434
         1842      66.9434
         1843      66.9434
         1844      66.9434
         1845      66.9434
         1846      66.9434
         1847      66.9434
         1848      66.9434
         1849      66.9434
         1850      66.9434
         1851      66.9434
         1852      66.9434
         1853      66.9434
         1854      66.9434
         1855      66.9434
         1856      66.9434
         1857      66.9434
         1858      66.9434
         1859      66.9434
         1860      66.9434
         1861      66.9434
         1862      66.9434
         1863      66.9434
         1864      66.9434
         1865      66.9434
         1866      66.9434
         1867      66.9434
         1868      66.9434
         1869      66.9434
         1870      66.9434
         1871      66.9434
         1872      66.9434
         1873      66.9434
         1874      66.9434
         1875      66.9434
         1876      66.9434
         1877      66.9434
         1878      66.9434
         1879      66.9434
         1880      66.9434
         1881      66.9434
         1882      66.9434
         1883      66.9434
         1884      66.9434
         1885      66.9434
         1886      66.9434
         1887      66.9434
         1888      66.9434
         1889      66.9434
         1890      66.9434
         1891      66.9434
         1892      66.9434
         1893      66.9434
         1894      66.9434
         1895      66.9434
         1896      66.9434
         1897      66.9434
         1898      66.9434
         1899      66.9434
         1900      66.9434
         1901      66.9434
         1902      66.9434
         1903      66.9434
         1904      66.9434
         1905      66.9434
         1906      66.9434
         1907      66.9434
         1908      66.9434
         1909      66.9434
         1910      66.9434
         1911      66.9434
         1912      66.9434
         1913      66.9434
         1914      66.9434
         1915      66.9434
         1916      66.9434
         1917      66.9434
         1918      66.9434
         1919      66.9434
         1920      66.9434
         1921      66.9434
         1922      66.9434
         1923      66.9434
         1924      66.9434
         1925      66.9434
         1926      66.9434
         1927      66.9434
         1928      66.9434
         1929      66.9434
         1930      66.9434
         1931      66.9434
         1932      66.9434
         1933      66.9434
         1934      66.9434
         1935      66.9434
         1936      66.9434
         1937      66.9434
         1938      66.9434
         1939      66.9434
         1940      66.9434
         1941      66.9434
         1942      66.9434
         1943      66.9434
         1944      66.9434
         1945      66.9434
         1946      66.9434
         1947      66.9434
         1948      66.9434
         1949      66.9434
         1950      66.9434
         1951      66.9434
         1952      66.9434
         1953      66.9434
         1954      66.9434
         1955      66.9434
         1956      66.9434
         1957      66.9434
         1958      66.9434
         1959      66.9434
         1960      66.9434
         1961      66.9434
         1962      66.9434
         1963      66.9434
         1964      66.9434
         1965      66.9434
         1966      66.9434
         1967      66.9434
         1968      66.9434
         1969      66.9434
         1970      66.9434
         1971      66.9434
         1972      66.9434
         1973      66.9434
         1974      66.9434
         1975      66.9434
         1976      66.9434
         1977      66.9434
         1978      66.9434
         1979      66.9434
         1980      66.9434
         1981      66.9434
         1982      66.9434
         1983      66.9434
         1984      66.9434
         1985      66.9434
         1986      66.9434
         1987      66.9434
         1988      66.9434
         1989      66.9434
         1990      66.9434
         1991      66.9434
         1992      66.9434
         1993      66.9434
         1994      66.9434
         1995      66.9434
         1996      66.9434
         1997      66.9434
         1998      66.9434
         1999      66.9434
         2000      66.9434
