#      	   X:		    Y:		  	 Z:
      28.8679    -0.990246     0.688948
      28.7993    -0.774742      1.30404
      28.7993    -0.774742      1.30404
      28.7993    -0.774742      1.30404
       28.137    -0.637169     -0.14406
      26.8309     0.126792    -0.944589
      26.8106     0.894935     -1.00718
      26.0843     0.112739     -1.09179
      26.4347     0.354144     -2.33992
      27.7303       1.1163     -2.33435
      28.2883     0.724351     -1.87849
      28.2883     0.724351     -1.87849
      28.5201      1.74437      -3.2202
      28.5201      1.74437      -3.2202
      29.7767      3.06399     -2.28035
      28.6781      1.72443     -1.64008
      28.6781      1.72443     -1.64008
      28.7926      1.07101     -1.69549
      27.9367    -0.375414     -2.85272
      27.2138     -1.45398     -1.64594
      26.4326    -0.458877    -0.899629
      25.5362     -1.48158    -0.374833
       25.236     -2.00101      1.08455
      25.0466     -3.41492      2.12185
      25.0466     -3.41492      2.12185
      24.3865     -2.10531      3.47718
      25.5322     -2.73405      4.32296
      25.5322     -2.73405      4.32296
      24.8135     -1.66394      4.46636
      24.8135     -1.66394      4.46636
      24.3384    -0.883811      3.08461
      23.4778    -0.894953      4.10011
      22.1476      -2.1615      2.86084
      22.1476      -2.1615      2.86084
      21.9722      -0.8516      4.10929
      20.7059     -1.54296      5.31642
      20.7059     -1.54296      5.31642
      19.3862     -2.64745       3.8553
      18.3407     -1.21465      4.82719
      18.3407     -1.21465      4.82719
      18.3407     -1.21465      4.82719
      18.3282   -0.0521847      4.40419
      18.3282   -0.0521847      4.40419
      18.3282   -0.0521847      4.40419
      16.8284     0.417368      3.79328
      16.8284     0.417368      3.79328
      16.5525      1.75172      4.43593
      16.5525      1.75172      4.43593
      16.0481       2.8254      5.33082
      16.4025       1.7745      5.44693
       16.523      1.40116       5.9356
      15.5714   -0.0731192      5.71353
      14.6976     -1.47529      5.19261
      14.7355     -1.56716      5.25353
      13.3942     -1.36099      6.46481
      12.7719     -1.07839      5.64477
      11.4989     -2.22473       4.1952
      10.3864     -1.73703      3.73155
      9.07641     -3.16939      3.89727
      9.07641     -3.16939      3.89727
      9.07641     -3.16939      3.89727
      9.07641     -3.16939      3.89727
      9.39635     -2.28134       3.2636
      8.84666     -2.30349      3.97526
      8.36544     -2.31348      4.76174
      8.36544     -2.31348      4.76174
      7.25109     -1.72265      4.73186
      7.05538     -1.23696      4.75343
      6.72022     -2.41087      3.29889
      5.90214      -2.5743      2.89468
      5.90214      -2.5743      2.89468
        6.726     -2.09437      1.74027
      7.02816     -2.42789      1.94372
      7.02816     -2.42789      1.94372
      5.55788      -2.9109      2.04764
      4.97003     -2.63758      3.41603
      4.97003     -2.63758      3.41603
      4.68192     -2.97268      2.42475
      4.68192     -2.97268      2.42475
      4.68192     -2.97268      2.42475
      5.74107     -1.71877      2.83012
      5.74107     -1.71877      2.83012
      4.65943      -3.1146      1.45839
      4.65943      -3.1146      1.45839
      4.65943      -3.1146      1.45839
      3.46292     -3.78007     0.415472
      4.34459     -2.50738    -0.876991
       4.5985     -1.30522     -1.64793
       4.5985     -1.30522     -1.64793
       4.5985     -1.30522     -1.64793
      3.93817     -1.07021     -0.25781
      3.93817     -1.07021     -0.25781
       3.8138   -0.0267317     0.313874
       3.8138   -0.0267317     0.313874
       3.8138   -0.0267317     0.313874
       3.8138   -0.0267317     0.313874
      2.62466     0.790891     0.156097
      2.62466     0.790891     0.156097
      1.78669      2.04338    -0.637179
      1.31982      1.66872     0.815188
      1.31982      1.66872     0.815188
     0.394587     0.457148      2.20535
      1.41101     0.649063     0.746927
      1.41101     0.649063     0.746927
      1.41101     0.649063     0.746927
      1.41101     0.649063     0.746927
      1.41101     0.649063     0.746927
      1.41101     0.649063     0.746927
      1.58455    -0.438917    -0.504198
      0.31355      0.71834    -0.915567
    -0.379419    0.0157951    -0.417413
    -0.379419    0.0157951    -0.417413
    -0.379419    0.0157951    -0.417413
    -0.379419    0.0157951    -0.417413
    0.0272605    -0.309537    -0.380925
    0.0272605    -0.309537    -0.380925
    0.0272605    -0.309537    -0.380925
    0.0272605    -0.309537    -0.380925
    0.0119883     0.863163      0.18446
   -0.0410702     0.165199     0.567794
   -0.0410702     0.165199     0.567794
   -0.0410702     0.165199     0.567794
    -0.294897     0.332216    -0.626554
    -0.294897     0.332216    -0.626554
    -0.294897     0.332216    -0.626554
    -0.862113   -0.0425369     0.235605
    -0.862113   -0.0425369     0.235605
    -0.862113   -0.0425369     0.235605
    -0.862113   -0.0425369     0.235605
    -0.862113   -0.0425369     0.235605
    -0.372159     0.389339     0.550884
    -0.372159     0.389339     0.550884
    -0.132755     0.823806   -0.0897775
    -0.132755     0.823806   -0.0897775
    -0.132755     0.823806   -0.0897775
      1.16672   -0.0217511    -0.932311
      1.16672   -0.0217511    -0.932311
      2.58267     0.840691    -0.720813
      1.27601      2.18631     0.304424
   -0.0267567      2.26147     -0.49278
   -0.0267567      2.26147     -0.49278
     0.365968     0.988637    -0.151178
     0.365968     0.988637    -0.151178
     0.365968     0.988637    -0.151178
      1.66436    -0.154476      1.18191
      1.99846     -1.01768      0.96009
      1.99846     -1.01768      0.96009
      2.21925    -0.946157     0.635966
      2.21925    -0.946157     0.635966
      1.63441    -0.297804     0.270323
     0.817096      1.17748    -0.561879
    -0.153057      1.33452   -0.0346802
     -1.34645      1.29295    -0.247135
     -1.34645      1.29295    -0.247135
     -1.34645      1.29295    -0.247135
     -1.34645      1.29295    -0.247135
    -0.837601     0.252092    -0.886449
   -0.0197114      1.03777    -0.665183
     0.607336     -0.45512    -0.871251
      0.64856    -0.479256     0.371003
      0.64856    -0.479256     0.371003
      0.64856    -0.479256     0.371003
      0.64856    -0.479256     0.371003
      0.64856    -0.479256     0.371003
      0.64856    -0.479256     0.371003
      0.64856    -0.479256     0.371003
    0.0855807   -0.0647029     0.811809
    0.0855807   -0.0647029     0.811809
      1.45374      1.07635      1.10201
      2.07408     0.682128     0.102368
      2.07408     0.682128     0.102368
      2.93202      1.43091     -1.17926
      2.32273      1.58997    -0.629738
      2.32273      1.58997    -0.629738
      2.10912     0.152484    -0.766657
      2.44995     -1.30344     0.170431
      2.14172    -0.297488      1.41701
      1.60165     -1.47576     0.411878
      1.60165     -1.47576     0.411878
      1.60165     -1.47576     0.411878
     0.959777     -2.64358    -0.765835
     0.959777     -2.64358    -0.765835
     -0.31361     -2.00499    -0.164835
     -0.31361     -2.00499    -0.164835
     -0.31361     -2.00499    -0.164835
   -0.0699937     -1.48591    -0.697413
   -0.0699937     -1.48591    -0.697413
    -0.252847    -0.957014     0.262599
     0.417006    -0.201635     0.965305
     0.417006    -0.201635     0.965305
     0.417006    -0.201635     0.965305
     0.417006    -0.201635     0.965305
      0.12629    -0.823567    -0.454559
     0.206849     0.400135     0.443994
     0.206849     0.400135     0.443994
     0.206849     0.400135     0.443994
     0.206849     0.400135     0.443994
     0.107215    -0.157392    0.0916249
     0.107215    -0.157392    0.0916249
     0.107215    -0.157392    0.0916249
     0.107215    -0.157392    0.0916249
     0.107215    -0.157392    0.0916249
     0.107215    -0.157392    0.0916249
     0.107215    -0.157392    0.0916249
     0.107215    -0.157392    0.0916249
     0.107215    -0.157392    0.0916249
     0.107215    -0.157392    0.0916249
     0.107215    -0.157392    0.0916249
     0.107215    -0.157392    0.0916249
     0.107215    -0.157392    0.0916249
    -0.403972    -0.203105      1.31717
    -0.403972    -0.203105      1.31717
     0.937522      0.41244     0.583655
     0.937522      0.41244     0.583655
     0.937522      0.41244     0.583655
     0.937522      0.41244     0.583655
      1.34901     0.205574     0.957866
      1.34901     0.205574     0.957866
      1.34901     0.205574     0.957866
      1.34901     0.205574     0.957866
      1.34901     0.205574     0.957866
     0.238755     0.545223     0.474447
     0.238755     0.545223     0.474447
     0.238755     0.545223     0.474447
     0.238755     0.545223     0.474447
     0.238755     0.545223     0.474447
     0.238755     0.545223     0.474447
     0.238755     0.545223     0.474447
     0.238755     0.545223     0.474447
     0.238755     0.545223     0.474447
     0.238755     0.545223     0.474447
     0.238755     0.545223     0.474447
     0.238755     0.545223     0.474447
     0.238755     0.545223     0.474447
     0.238755     0.545223     0.474447
     0.238755     0.545223     0.474447
   -0.0319365     0.618813    -0.498648
   -0.0319365     0.618813    -0.498648
   -0.0319365     0.618813    -0.498648
   -0.0319365     0.618813    -0.498648
   -0.0319365     0.618813    -0.498648
   -0.0319365     0.618813    -0.498648
   -0.0319365     0.618813    -0.498648
   -0.0319365     0.618813    -0.498648
     0.260453      1.99909    -0.817434
     0.260453      1.99909    -0.817434
   -0.0766236      1.69919     -1.37153
    -0.557064      1.02599    -0.658514
    -0.557064      1.02599    -0.658514
    -0.557064      1.02599    -0.658514
    -0.557064      1.02599    -0.658514
    -0.557064      1.02599    -0.658514
    -0.306815     0.023428    -0.404485
    -0.306815     0.023428    -0.404485
     0.535905    -0.545807    0.0447203
     -0.28707    -0.553957     0.358635
     -1.03796     0.311008    -0.550361
     -1.03796     0.311008    -0.550361
    -0.110807     -1.09223     0.102409
    -0.110807     -1.09223     0.102409
    -0.110807     -1.09223     0.102409
    -0.110807     -1.09223     0.102409
     0.916414    0.0104496     -1.04502
     0.916414    0.0104496     -1.04502
      2.36374     0.814697     0.417159
      2.36374     0.814697     0.417159
      1.91862      1.77168    -0.590621
     0.419694      2.36828     -1.73332
    -0.473328      1.22124    -0.720275
    -0.205404    0.0598339     0.520422
     0.132176    -0.257065     0.184127
     0.132176    -0.257065     0.184127
     0.132176    -0.257065     0.184127
     0.132176    -0.257065     0.184127
     0.132176    -0.257065     0.184127
     0.132176    -0.257065     0.184127
     0.132176    -0.257065     0.184127
     0.132176    -0.257065     0.184127
     0.132176    -0.257065     0.184127
     0.132176    -0.257065     0.184127
     0.132176    -0.257065     0.184127
     0.132176    -0.257065     0.184127
     0.132176    -0.257065     0.184127
     0.132176    -0.257065     0.184127
     0.132176    -0.257065     0.184127
     0.132176    -0.257065     0.184127
     0.132176    -0.257065     0.184127
     0.132176    -0.257065     0.184127
     0.132176    -0.257065     0.184127
     0.132176    -0.257065     0.184127
     0.132176    -0.257065     0.184127
     0.132176    -0.257065     0.184127
     0.132176    -0.257065     0.184127
     0.132176    -0.257065     0.184127
     0.132176    -0.257065     0.184127
     0.132176    -0.257065     0.184127
     0.132176    -0.257065     0.184127
     0.132176    -0.257065     0.184127
     0.132176    -0.257065     0.184127
     0.132176    -0.257065     0.184127
     0.132176    -0.257065     0.184127
     0.132176    -0.257065     0.184127
     0.132176    -0.257065     0.184127
     0.132176    -0.257065     0.184127
     0.132176    -0.257065     0.184127
    0.0544816     0.127437   -0.0563088
    0.0544816     0.127437   -0.0563088
    0.0544816     0.127437   -0.0563088
     -1.38271    -0.629742      0.97757
    -0.112357     -1.02482     0.408329
    -0.112357     -1.02482     0.408329
     -1.04786    -0.543478      1.57505
     -1.04786    -0.543478      1.57505
    -0.513771    -0.118672      1.29481
     0.499184     0.206715      1.53614
     0.499184     0.206715      1.53614
     0.499184     0.206715      1.53614
     0.499184     0.206715      1.53614
     0.499184     0.206715      1.53614
       1.6019    0.0178748     0.811471
       1.6019    0.0178748     0.811471
     0.740718    -0.131224    -0.204797
     0.740718    -0.131224    -0.204797
     0.601031     -1.19578    -0.691402
     0.601031     -1.19578    -0.691402
    -0.466463    -0.945794     0.583882
     -0.27643    -0.255852     0.517605
     -0.27643    -0.255852     0.517605
     -0.27643    -0.255852     0.517605
     -0.27643    -0.255852     0.517605
     -0.27643    -0.255852     0.517605
     -0.27643    -0.255852     0.517605
      1.05864    -0.655195     0.340753
      1.05864    -0.655195     0.340753
      1.68748     0.366733     0.109462
     0.476791     0.132004     0.138551
     0.476791     0.132004     0.138551
     0.476791     0.132004     0.138551
     0.121725   -0.0124192     0.595475
     0.121725   -0.0124192     0.595475
     -0.83439     0.180844      1.82846
     -0.83439     0.180844      1.82846
     -1.74834    -0.810792      1.42742
     -1.74834    -0.810792      1.42742
     -1.71544     0.643305     0.284612
     -1.56939       1.4568    -0.288354
     -1.56939       1.4568    -0.288354
     -1.56939       1.4568    -0.288354
     -1.56939       1.4568    -0.288354
      -2.1838     0.204798     0.812779
     -1.54603     0.170295      1.18155
     -1.16375      1.28736    -0.124474
     -1.16375      1.28736    -0.124474
     -1.16375      1.28736    -0.124474
     -1.16375      1.28736    -0.124474
     -1.16375      1.28736    -0.124474
     -1.16375      1.28736    -0.124474
     -1.46953     0.210967     0.437713
  -0.00744588    -0.276421       1.3362
  -0.00744588    -0.276421       1.3362
  -0.00744588    -0.276421       1.3362
  -0.00744588    -0.276421       1.3362
    -0.279148    -0.761566      2.17694
    -0.279148    -0.761566      2.17694
    -0.279148    -0.761566      2.17694
    -0.351107   -0.0151101      1.95794
    -0.351107   -0.0151101      1.95794
    -0.351107   -0.0151101      1.95794
    -0.351107   -0.0151101      1.95794
    -0.351107   -0.0151101      1.95794
    -0.351107   -0.0151101      1.95794
     -1.14386     0.900325      1.20326
     -1.14386     0.900325      1.20326
    -0.903554      1.51692   0.00751992
    -0.903554      1.51692   0.00751992
    -0.903554      1.51692   0.00751992
    -0.903554      1.51692   0.00751992
    -0.903554      1.51692   0.00751992
    -0.903554      1.51692   0.00751992
    0.0511273      2.91526     -1.16632
    0.0511273      2.91526     -1.16632
    0.0511273      2.91526     -1.16632
     0.118304      1.98813      -1.0997
     0.118304      1.98813      -1.0997
    0.0934047      2.76366    -0.176094
    0.0934047      2.76366    -0.176094
    0.0934047      2.76366    -0.176094
    0.0934047      2.76366    -0.176094
    -0.923936        1.806     0.707922
    -0.923936        1.806     0.707922
    -0.923936        1.806     0.707922
    -0.923936        1.806     0.707922
    -0.952418      1.06814    -0.308043
    -0.952418      1.06814    -0.308043
    -0.341884     0.396483   -0.0725843
    -0.341884     0.396483   -0.0725843
     0.754194    -0.346176     -0.70345
     0.754194    -0.346176     -0.70345
     0.754194    -0.346176     -0.70345
    -0.515176    -0.891705     0.257052
    -0.515176    -0.891705     0.257052
    -0.515176    -0.891705     0.257052
    -0.515176    -0.891705     0.257052
    -0.356339    -0.219881     -0.63675
    -0.356339    -0.219881     -0.63675
     0.401759     -1.39654     0.763201
    -0.548654     -1.95819     0.708349
     -1.91647     -2.50571   -0.0877601
    -0.502154     -1.62625     0.161663
    -0.502154     -1.62625     0.161663
    -0.113228    -0.178689      1.41252
    -0.980451     0.302244       1.2741
    -0.980451     0.302244       1.2741
    -0.980451     0.302244       1.2741
     -1.98486    -0.365184      1.30183
      -2.2171      0.78575     0.515889
     -1.38959     0.836162     0.455446
     -1.38959     0.836162     0.455446
      -0.5615      1.61429    -0.287754
      -0.5615      1.61429    -0.287754
      -0.5615      1.61429    -0.287754
     0.236575      1.45531    0.0143343
     0.565479       1.3167     0.672687
      1.25082     0.932951     0.867034
      1.25082     0.932951     0.867034
      1.25082     0.932951     0.867034
      1.25082     0.932951     0.867034
      1.25082     0.932951     0.867034
      1.25082     0.932951     0.867034
     0.227341     0.823387     0.372144
    -0.844627    0.0107586   -0.0684082
    -0.160568     0.673444     -1.30411
    -0.762686     0.881714     -1.07936
    -0.762686     0.881714     -1.07936
     0.719459      1.27864     -1.16963
      1.59078     0.770453     -1.17431
     0.930267      1.23589    -0.960613
   -0.0716172   0.00797095      0.12305
     0.053738    -0.202118       1.0164
     0.053738    -0.202118       1.0164
     0.053738    -0.202118       1.0164
     0.053738    -0.202118       1.0164
     0.053738    -0.202118       1.0164
     0.053738    -0.202118       1.0164
     0.053738    -0.202118       1.0164
     0.053738    -0.202118       1.0164
     0.053738    -0.202118       1.0164
     0.053738    -0.202118       1.0164
    -0.179373     0.798838    -0.286784
    -0.179373     0.798838    -0.286784
    -0.179373     0.798838    -0.286784
    -0.902133     0.266286      -1.4146
     -1.75717     0.479134    -0.439154
     -1.75717     0.479134    -0.439154
     -1.75717     0.479134    -0.439154
     -0.58482    -0.216947     -1.44901
     0.750048    -0.102048     0.049215
     0.750048    -0.102048     0.049215
     0.750048    -0.102048     0.049215
     0.451984     0.531255     0.173516
     0.451984     0.531255     0.173516
     0.451984     0.531255     0.173516
    -0.157238    -0.853011    -0.296977
     -1.58002      0.23188     0.613477
     -1.07384   -0.0959741     0.675599
     -1.07384   -0.0959741     0.675599
     -1.07384   -0.0959741     0.675599
    -0.774846     -0.87311    -0.346647
    -0.774846     -0.87311    -0.346647
     0.336669    -0.839521    -0.298981
   -0.0376423    -0.644892    -0.517013
   -0.0376423    -0.644892    -0.517013
   -0.0376423    -0.644892    -0.517013
   -0.0376423    -0.644892    -0.517013
   -0.0376423    -0.644892    -0.517013
   -0.0376423    -0.644892    -0.517013
     -1.44592     -1.82817    0.0842425
     -2.52934    -0.414102      1.58025
     -2.52934    -0.414102      1.58025
     -2.52934    -0.414102      1.58025
     -3.63971    -0.408396      1.93123
     -2.36017    0.0323559      1.87056
     -2.36017    0.0323559      1.87056
     -2.36017    0.0323559      1.87056
     -2.74918     -0.31058     0.923127
     -2.74918     -0.31058     0.923127
     -2.78866     0.122178      1.70187
     -2.78866     0.122178      1.70187
     -3.85569      1.06684      1.74533
     -4.21625     0.641928     0.332887
     -4.09955     0.919681    -0.233661
     -4.15118    -0.276238     0.881349
      -5.5613    0.0623189      2.05834
     -4.50013     0.305099       3.4033
     -3.40243     0.453936       3.1237
     -2.11493       1.5155      3.51825
     -2.11493       1.5155      3.51825
     -2.11493       1.5155      3.51825
     -1.26756      1.07879      4.82617
    -0.173029    -0.255255      3.45071
