#      	 GEN:      LENGTH:
            1       429.95
            2      426.467
            3      408.402
            4      395.169
            5      388.529
            6      382.029
            7      378.133
            8       372.45
            9      366.617
           10      351.093
           11      345.002
           12      344.857
           13      338.645
           14      331.647
           15       329.57
           16      326.095
           17      322.053
           18      322.397
           19       314.21
           20       314.21
           21      308.401
           22      308.869
           23      305.513
           24      304.348
           25       297.73
           26       294.24
           27      290.179
           28      286.694
           29       278.83
           30      277.378
           31      272.527
           32      269.847
           33      269.847
           34      264.833
           35      255.205
           36      255.205
           37      252.355
           38      250.939
           39      246.948
           40      246.948
           41      249.923
           42      244.979
           43      244.979
           44      241.606
           45      241.976
           46      233.814
           47      229.377
           48      226.606
           49      223.142
           50       222.28
           51      219.022
           52      218.541
           53      216.064
           54      213.011
           55      211.548
           56      210.077
           57      204.737
           58       202.64
           59      200.328
           60      200.328
           61      198.776
           62      193.567
           63      193.247
           64      192.517
           65      189.964
           66      187.866
           67      186.605
           68      187.474
           69      185.364
           70      185.113
           71      182.115
           72      181.711
           73      180.016
           74      178.013
           75      178.013
           76      177.825
           77       176.58
           78      174.758
           79      172.776
           80      172.776
           81      172.776
           82      170.843
           83      170.843
           84      173.316
           85      171.494
           86      167.089
           87      170.066
           88      169.663
           89      169.324
           90      167.877
           91      166.588
           92      166.185
           93      166.185
           94      165.648
           95      164.919
           96      163.364
           97      163.081
           98      161.087
           99      160.105
          100      160.105
          101       157.82
          102      157.537
          103      157.537
          104      155.932
          105      154.447
          106      154.869
          107      154.869
          108      153.307
          109      152.852
          110      152.299
          111      151.844
          112      150.661
          113      149.969
          114      149.514
          115      150.498
          116      150.043
          117      146.764
          118      146.764
          119      145.909
          120      145.909
          121      145.549
          122      145.085
          123      144.474
          124       144.38
          125      143.602
          126      142.864
          127      142.473
          128      142.473
          129      140.939
          130      140.643
          131      140.224
          132      140.006
          133      139.448
          134      137.114
          135      135.233
          136      134.187
          137      133.891
          138      131.806
          139       131.51
          140       131.51
          141      129.953
          142      129.953
          143      130.059
          144      127.854
          145       127.96
          146      127.077
          147      127.182
          148      126.934
          149      127.024
          150      126.173
          151      126.408
          152      125.544
          153      126.171
          154       125.34
          155       125.34
          156       124.57
          157      124.814
          158      123.683
          159      124.005
          160      124.005
          161      123.626
          162      122.175
          163      120.678
          164      121.796
          165      119.184
          166      118.805
          167      118.326
          168        117.5
          169      117.615
          170       117.29
          171      116.789
          172      115.641
          173      115.141
          174      110.439
          175      110.439
          176      109.588
          177      109.588
          178      108.389
          179      108.389
          180      108.389
          181      107.537
          182       107.46
          183      106.348
          184      105.298
          185      105.153
          186       104.27
          187       104.27
          188      103.935
          189      102.875
          190      101.984
          191      102.881
          192      102.048
          193       100.38
          194      99.5449
          195      99.5449
          196      98.8894
          197      98.4793
          198      97.7791
          199      97.7791
          200      97.7791
          201      96.8189
          202      96.8189
          203      96.8189
          204      96.5322
          205      96.5322
          206      96.5322
          207      96.7204
          208      96.4337
          209      95.7193
          210      95.9075
          211      95.4427
          212      95.2981
          213      95.2981
          214      95.2981
          215      95.2981
          216      95.2981
          217      94.1108
          218      94.1108
          219      93.8081
          220      93.8081
          221      93.4635
          222      93.4635
          223      93.2712
          224      92.9684
          225      92.9684
          226      92.9684
          227      92.5643
          228      92.5656
          229      91.8332
          230      91.4304
          231      91.4304
          232      91.4304
          233      91.3949
          234      90.5242
          235      90.3615
          236       90.326
          237      90.3351
          238      89.6103
          239      89.6103
          240      89.6103
          241      89.1687
          242      89.1332
          243      89.1332
          244      88.7093
          245      88.6671
          246      87.4053
          247      86.9392
          248      86.9392
          249      88.3866
          250      87.1357
          251      87.0538
          252      87.0538
          253      87.0538
          254      87.0732
          255      87.0732
          256      87.0732
          257      88.2368
          258      85.7103
          259      85.7103
          260      85.7103
          261      85.7103
          262      85.5435
          263      85.5435
          264      85.2537
          265      84.2724
          266      84.2724
          267      83.8561
          268      83.7323
          269       83.578
          270      83.1482
          271      82.9939
          272      82.9939
          273      82.9939
          274      82.5325
          275      82.5325
          276      82.0817
          277       81.885
          278       81.885
          279      81.4343
          280      81.4343
          281      81.4343
          282      81.4343
          283      80.9475
          284      80.9146
          285      80.6711
          286      80.4168
          287      80.1823
          288      79.9461
          289      79.9131
          290      79.6845
          291      79.4186
          292      79.4186
          293      78.9785
          294      79.0417
          295      78.7758
          296       78.188
          297       78.188
          298       78.188
          299       78.188
          300       78.188
          301       78.188
          302      77.1457
          303      76.8656
          304      76.8656
          305      76.8268
          306      76.8268
          307      76.7148
          308      76.7148
          309      76.5308
          310      76.5308
          311      76.5308
          312      76.3239
          313      76.2335
          314      76.0267
          315      76.0267
          316      76.1882
          317      75.8716
          318      75.6647
          319      75.6647
          320      75.6647
          321      75.5879
          322      75.5879
          323      75.5879
          324      75.5879
          325      75.5879
          326      74.9907
          327      74.9907
          328      74.9907
          329      74.6089
          330      74.6089
          331      74.6089
          332      74.6089
          333      74.6089
          334      74.6089
          335      74.5669
          336      74.5669
          337      74.5515
          338      74.5515
          339      74.5095
          340      74.5095
          341      74.5095
          342      74.2324
          343      74.2324
          344      74.1904
          345      74.1777
          346       73.874
          347       73.874
          348       73.874
          349      73.7258
          350      73.4222
          351      73.3675
          352      73.3675
          353      73.3675
          354      73.3134
          355      73.3134
          356      73.3134
          357      73.3134
          358      73.3134
          359      73.3134
          360      73.3134
          361      73.0108
          362      73.0108
          363      73.0108
          364      73.0108
          365      72.7991
          366      72.7991
          367       72.849
          368      72.4684
          369      72.5183
          370      72.5183
          371      72.5183
          372      72.5183
          373      72.5183
          374      72.5183
          375      72.5183
          376      72.5183
          377      72.5183
          378      72.5183
          379      72.5183
          380      68.2052
          381      68.2052
          382      68.2052
          383      68.2052
          384      68.0857
          385      68.0193
          386      68.0193
          387      67.8998
          388      67.8998
          389      67.8998
          390      67.8998
          391      67.8998
          392      67.8998
          393      67.8998
          394      67.8998
          395      67.8998
          396      67.8998
          397      67.8998
          398      67.8998
          399      67.8998
          400      67.8998
          401      67.8998
          402      67.8998
          403      67.8998
          404      67.8998
          405      67.8998
          406      67.8998
          407      67.8998
          408      67.8998
          409      67.8998
          410      67.8998
          411      67.8998
          412      67.8998
          413      67.8998
          414      67.8998
          415      67.8381
          416      67.8381
          417      67.8381
          418      67.8381
          419      67.8381
          420      67.8381
          421      67.8381
          422      67.8381
          423      67.8381
          424      67.8381
          425      67.8381
          426      67.8381
          427      67.8381
          428      67.8381
          429      67.8381
          430      67.8381
          431      67.8381
          432      67.8381
          433      67.8381
          434      67.8381
          435      67.8381
          436      67.8381
          437      67.8381
          438      67.8381
          439      67.8381
          440      67.8381
          441      67.8381
          442      67.8381
          443      67.8381
          444      67.8381
          445      67.8381
          446      67.8381
          447      67.8381
          448      67.8381
          449      67.8381
          450      67.8381
          451      67.8381
          452      67.8381
          453      67.8381
          454      67.8381
          455      67.8663
          456      67.8663
          457      67.8663
          458      67.8663
          459      67.8663
          460      67.8663
          461      67.8663
          462      67.8663
          463      67.8663
          464      67.8663
          465      67.8663
          466      67.8663
          467      67.8663
          468      67.8663
          469      67.8663
          470      67.8663
          471      67.8663
          472      67.8663
          473      67.8663
          474      67.8663
          475      67.8663
          476      68.1593
          477      68.1593
          478      68.1593
          479      68.1593
          480      68.1593
          481      68.1593
          482      68.1593
          483      67.8368
          484      67.8368
          485      67.8519
          486      67.8519
          487      67.8519
          488      67.8519
          489      67.8519
          490      67.8519
          491       67.763
          492       67.763
          493       67.763
          494       67.763
          495       67.763
          496       67.763
          497       67.763
          498       67.763
          499       67.763
          500       67.763
          501       67.763
          502       67.763
          503       67.763
          504       67.763
          505       67.763
          506       67.763
          507       67.763
          508       67.763
          509       67.763
          510       67.763
          511       67.763
          512       67.763
          513       67.763
          514       67.763
          515       67.763
          516       67.763
          517       67.763
          518       67.763
          519       67.763
          520       67.763
          521       67.763
          522       67.763
          523       67.763
          524       67.763
          525       67.763
          526       67.763
          527       67.763
          528       67.763
          529       67.763
          530       67.763
          531       67.763
          532       67.763
          533       67.763
          534       67.763
          535       67.763
          536       67.763
          537       67.763
          538       67.763
          539       67.763
          540       67.763
          541       67.763
          542       67.763
          543       67.763
          544       67.763
          545       67.763
          546       67.763
          547       67.763
          548       67.763
          549       67.763
          550       67.763
          551       67.763
          552       67.763
          553       67.763
          554       67.763
          555       67.763
          556       67.763
          557       67.763
          558       67.763
          559       67.763
          560       67.763
          561       67.763
          562       67.763
          563       67.763
          564       67.763
          565       67.763
          566       67.763
          567       67.763
          568       67.763
          569       67.763
          570       67.763
          571       67.763
          572       67.763
          573       67.763
          574       67.763
          575       67.763
          576       67.763
          577       67.763
          578       67.763
          579       67.763
          580       67.763
          581       67.763
          582       67.763
          583       67.763
          584       67.763
          585       67.763
          586       67.763
          587       67.763
          588       67.763
          589       67.763
          590       67.763
          591       67.763
          592       67.763
          593       67.763
          594       67.763
          595       67.763
          596       67.763
          597       67.763
          598       67.763
          599       67.763
          600       67.763
          601       67.763
          602       67.763
          603       67.763
          604       67.763
          605       67.763
          606       67.763
          607       67.763
          608       67.763
          609       67.763
          610       67.763
          611       67.763
          612       67.763
          613       67.763
          614       67.763
          615       67.763
          616       67.763
          617       67.763
          618       67.763
          619       67.763
          620       67.763
          621       67.763
          622       67.763
          623       67.763
          624       67.763
          625       67.763
          626       67.763
          627       67.763
          628       67.763
          629       67.763
          630       67.763
          631       67.763
          632       67.763
          633       67.763
          634       67.763
          635       67.763
          636       67.763
          637       67.763
          638       67.763
          639       67.763
          640       67.763
          641       67.763
          642       67.763
          643       67.763
          644       67.763
          645       67.763
          646       67.763
          647       67.763
          648       67.763
          649       67.763
          650       67.763
          651       67.763
          652       67.763
          653       67.763
          654       67.763
          655       67.763
          656       67.763
          657       67.763
          658       67.763
          659       67.763
          660       67.763
          661       67.763
          662       67.763
          663       67.763
          664       67.763
          665       67.763
          666       67.763
          667       67.763
          668       67.763
          669       67.763
          670       67.763
          671       67.763
          672       67.763
          673       67.763
          674       67.763
          675       67.763
          676       67.763
          677       67.763
          678       67.763
          679       67.763
          680       67.763
          681       67.763
          682       67.763
          683       67.763
          684       67.763
          685       67.763
          686       67.763
          687       67.763
          688       67.763
          689       67.763
          690       67.763
          691       67.763
          692       67.763
          693       67.763
          694       67.763
          695       67.763
          696       67.763
          697       67.763
          698       67.763
          699       67.763
          700       67.763
          701       67.763
          702       67.763
          703       67.763
          704       67.763
          705       67.763
          706       67.763
          707       67.763
          708       67.763
          709       67.763
          710       67.763
          711       67.763
          712       67.763
          713       67.763
          714       67.763
          715       67.763
          716       67.763
          717       67.763
          718       67.763
          719       67.763
          720       67.763
          721       67.763
          722       67.763
          723       67.763
          724       67.763
          725       67.763
          726       67.763
          727       67.763
          728       67.763
          729       67.763
          730       67.763
          731       67.763
          732       67.763
          733       67.763
          734       67.763
          735       67.763
          736       67.763
          737       67.763
          738       67.763
          739       67.763
          740       67.763
          741       67.763
          742       67.763
          743       67.763
          744       67.763
          745       67.763
          746       67.763
          747       67.763
          748       67.763
          749       67.763
          750       67.763
          751       67.763
          752       67.763
          753       67.763
          754       67.763
          755       67.763
          756       67.763
          757       67.763
          758       67.763
          759       67.763
          760       67.763
          761       67.763
          762       67.763
          763       67.763
          764       67.763
          765       67.763
          766       67.763
          767       67.763
          768       67.763
          769       67.763
          770       67.763
          771       67.763
          772       67.763
          773       67.763
          774       67.763
          775       67.763
          776       67.763
          777       67.763
          778       67.763
          779       67.763
          780       67.763
          781       67.763
          782       67.763
          783       67.763
          784       67.763
          785       67.763
          786       67.763
          787       67.763
          788       67.763
          789       67.763
          790       67.763
          791       67.763
          792       67.763
          793       67.763
          794       67.763
          795       67.763
          796       67.763
          797       67.763
          798       67.763
          799       67.763
          800       67.763
          801       67.763
          802       67.763
          803       67.763
          804       67.763
          805       67.763
          806       67.763
          807       67.763
          808       67.763
          809       67.763
          810       67.763
          811       67.763
          812       67.763
          813       67.763
          814       67.763
          815       67.763
          816       67.763
          817       67.763
          818       67.763
          819       67.763
          820       67.763
          821       67.763
          822       67.763
          823       67.763
          824       67.763
          825       67.763
          826       67.763
          827       67.763
          828       67.763
          829       67.763
          830       67.763
          831       67.763
          832       67.763
          833       67.763
          834       67.763
          835       67.763
          836       67.763
          837       67.763
          838       67.763
          839       67.763
          840       67.763
          841       67.763
          842       67.763
          843       67.763
          844       67.763
          845       67.763
          846       67.763
          847       67.763
          848       67.763
          849       67.763
          850       67.763
          851       67.763
          852       67.763
          853       67.763
          854       67.763
          855       67.763
          856       67.763
          857       67.763
          858       67.763
          859       67.763
          860       67.763
          861       67.763
          862       67.763
          863       67.763
          864       67.763
          865       67.763
          866       67.763
          867       67.763
          868       67.763
          869       67.763
          870       67.763
          871       67.763
          872       67.763
          873       67.763
          874       67.763
          875       67.763
          876       67.763
          877       67.763
          878       67.763
          879       67.763
          880       67.763
          881       67.763
          882       67.763
          883       67.763
          884       67.763
          885       67.763
          886       67.763
          887       67.763
          888       67.763
          889       67.763
          890       67.763
          891       67.763
          892       67.763
          893       67.763
          894       67.763
          895       67.763
          896       67.763
          897       67.763
          898       67.763
          899       67.763
          900       67.763
          901       67.763
          902       67.763
          903       67.763
          904       67.763
          905       67.763
          906       67.763
          907       67.763
          908       67.763
          909       67.763
          910       67.763
          911       67.763
          912       67.763
          913       67.763
          914       67.763
          915       67.763
          916       67.763
          917       67.763
          918       67.763
          919       67.763
          920       67.763
          921       67.763
          922       67.763
          923      67.7617
          924      67.7617
          925      67.7617
          926      67.6985
          927      67.6971
          928      67.6971
          929      67.6971
          930      67.6971
          931      67.6971
          932      67.6971
          933      67.6971
          934      67.6971
          935      67.6971
          936      67.7228
          937      67.7228
          938      67.7228
          939      67.7228
          940      67.7228
          941      67.7228
          942      67.7228
          943      67.7228
          944      67.7228
          945      67.7228
          946      67.7228
          947      67.7228
          948      67.7228
          949      67.7228
          950      67.7228
          951      67.7228
          952      67.7228
          953      67.7228
          954      67.7228
          955      67.7228
          956      67.7228
          957      67.7228
          958      67.7228
          959      67.7228
          960      67.7228
          961      67.7228
          962      67.7228
          963      67.7228
          964      67.7228
          965      67.7228
          966      67.7228
          967      67.7228
          968      67.7228
          969      67.7228
          970      67.7228
          971      67.7228
          972      67.7228
          973      67.7228
          974      67.7228
          975      67.7228
          976      67.7228
          977      67.7228
          978      67.7228
          979      67.7228
          980      67.7228
          981      67.7228
          982      67.7228
          983      67.7228
          984      67.7228
          985      67.7228
          986      67.7228
          987      67.7228
          988      67.7228
          989      67.7228
          990      67.7228
          991      67.7228
          992      67.0077
          993      67.0077
          994      67.0077
          995      67.0077
          996      67.0077
          997      67.0077
          998      67.0077
          999      67.0077
         1000      67.0077
         1001      67.0077
         1002      67.0077
         1003      67.0077
         1004      67.0077
         1005      67.0077
         1006      67.0077
         1007      67.0077
         1008      67.0077
         1009      67.0077
         1010      67.0077
         1011      67.0077
         1012      67.0077
         1013      67.0077
         1014      67.0077
         1015      67.0077
         1016      67.0077
         1017      67.0077
         1018      67.0077
         1019      66.9474
         1020      66.9474
         1021      66.9474
         1022      66.9474
         1023      66.9474
         1024      66.9474
         1025      66.9474
         1026      66.9474
         1027      66.9474
         1028      66.9474
         1029      66.9474
         1030      66.9474
         1031      66.9474
         1032      66.9474
         1033      66.9474
         1034      66.9474
         1035      66.9474
         1036      66.9474
         1037      66.9474
         1038      66.9474
         1039      66.9474
         1040      66.9474
         1041      66.9474
         1042      66.9474
         1043      66.9474
         1044      66.9474
         1045      66.9474
         1046      66.9474
         1047      66.9474
         1048      66.9474
         1049      66.9474
         1050      66.9474
         1051      66.9474
         1052      66.9474
         1053      66.9474
         1054      66.9474
         1055      66.9474
         1056      66.9474
         1057      66.9474
         1058      66.9474
         1059      66.9474
         1060      66.9474
         1061      66.9474
         1062      66.9474
         1063      66.9474
         1064      66.9474
         1065      66.9474
         1066      66.9474
         1067      66.9474
         1068      66.9474
         1069      66.9474
         1070      66.9474
         1071      66.9474
         1072      66.9474
         1073      66.9474
         1074      66.9474
         1075      66.9474
         1076      66.9474
         1077      66.9474
         1078      66.9474
         1079      66.9474
         1080      66.9474
         1081      66.9474
         1082      66.9474
         1083      66.9474
         1084      66.9474
         1085      66.9474
         1086      66.9474
         1087      66.9474
         1088      66.9474
         1089      66.9474
         1090      66.9474
         1091      66.9474
         1092      66.9474
         1093      66.9474
         1094      66.9474
         1095      66.9474
         1096      66.9474
         1097      66.9474
         1098      66.9474
         1099      66.9474
         1100      66.9474
         1101      66.9474
         1102      66.9474
         1103      66.9474
         1104      66.9474
         1105      66.9474
         1106      66.9474
         1107      66.9474
         1108      66.9474
         1109      66.9474
         1110      66.9474
         1111      66.9474
         1112      66.9474
         1113      66.9474
         1114      66.9474
         1115      66.9474
         1116      66.9474
         1117      66.9474
         1118      66.9474
         1119      66.9474
         1120      66.9474
         1121      66.9474
         1122      66.9474
         1123      66.9474
         1124      66.9474
         1125      66.9474
         1126      66.9474
         1127      66.9474
         1128      66.9474
         1129      66.9474
         1130      66.9474
         1131      66.9474
         1132      66.9474
         1133      66.9474
         1134      66.9474
         1135      66.9474
         1136      66.9474
         1137      66.9474
         1138      66.9474
         1139      66.9474
         1140      66.9474
         1141      66.9474
         1142      66.9474
         1143      66.9474
         1144      66.9474
         1145      66.9474
         1146      66.9474
         1147      66.9474
         1148      66.9474
         1149      66.9474
         1150      66.9474
         1151      66.9474
         1152      66.9474
         1153      66.9474
         1154      66.9474
         1155      66.9474
         1156      66.9474
         1157      66.9474
         1158      66.9474
         1159      66.9474
         1160      66.9474
         1161      66.9474
         1162      66.9474
         1163      66.9474
         1164      66.9474
         1165      66.9474
         1166      66.9474
         1167      66.9474
         1168      66.9474
         1169      66.9474
         1170      66.9474
         1171      66.9474
         1172      66.9474
         1173      66.9474
         1174      66.9474
         1175      66.9474
         1176      66.9474
         1177      66.9474
         1178      66.9474
         1179      66.9474
         1180      66.9474
         1181      66.9474
         1182      66.9474
         1183      66.9474
         1184      66.9474
         1185      66.9474
         1186      66.9474
         1187      66.9474
         1188      66.9474
         1189      66.9474
         1190      66.9474
         1191      66.9474
         1192      66.9474
         1193      66.9474
         1194      66.9474
         1195      66.9474
         1196      66.9474
         1197      66.9474
         1198      66.9474
         1199      66.9474
         1200      66.9474
         1201      66.9474
         1202      66.9474
         1203      66.9474
         1204      66.9474
         1205      66.9474
         1206      66.9474
         1207      66.9474
         1208      66.9474
         1209      66.9474
         1210      66.9474
         1211      66.9474
         1212      66.9474
         1213      66.9474
         1214      66.9474
         1215      66.9474
         1216      66.9474
         1217      66.9474
         1218      66.9474
         1219      66.9474
         1220      66.9474
         1221      66.9474
         1222      66.9474
         1223      66.9474
         1224      66.9474
         1225      66.9474
         1226      66.9474
         1227      66.9474
         1228      66.9474
         1229      66.9474
         1230      66.9474
         1231      66.9474
         1232      66.9474
         1233      66.9474
         1234      66.9474
         1235      66.9474
         1236      66.9474
         1237      66.9474
         1238      66.9474
         1239      66.9474
         1240      66.9474
         1241      66.9474
         1242      66.9474
         1243      66.8601
         1244      66.8601
         1245      66.8601
         1246      66.8601
         1247      66.8601
         1248      66.8601
         1249      66.8601
         1250      66.8601
         1251      66.8601
         1252      66.8601
         1253      66.8601
         1254      66.8601
         1255      66.8601
         1256      66.8601
         1257      66.8601
         1258      66.8601
         1259      66.8601
         1260      66.8601
         1261      66.8601
         1262      66.8601
         1263      66.8601
         1264      66.8601
         1265      66.8601
         1266      66.8601
         1267      66.8601
         1268      66.8601
         1269      66.8601
         1270      66.8601
         1271      66.8601
         1272      66.8601
         1273      66.8601
         1274      66.8601
         1275      66.8601
         1276      66.8601
         1277      66.8601
         1278      66.8601
         1279      66.8601
         1280      66.8601
         1281      66.8601
         1282      66.8601
         1283      66.8601
         1284      66.8601
         1285      66.8601
         1286      66.8601
         1287      66.8601
         1288      66.8601
         1289      66.8601
         1290      66.8601
         1291      66.8601
         1292      66.8601
         1293      66.8601
         1294      66.8601
         1295      66.8601
         1296      66.8601
         1297      66.8601
         1298      66.8601
         1299      66.8601
         1300      66.8601
         1301      66.8601
         1302      66.8601
         1303      66.8601
         1304      66.8601
         1305      66.8601
         1306      66.8601
         1307      66.8601
         1308      66.8601
         1309      66.8601
         1310      66.8601
         1311      66.8601
         1312      66.8601
         1313      66.8601
         1314      66.8601
         1315      66.8601
         1316      66.8601
         1317      66.8601
         1318      66.8601
         1319      66.8601
         1320      66.8601
         1321      66.8601
         1322      66.8601
         1323      66.8601
         1324      66.8601
         1325      66.8601
         1326      66.8601
         1327      66.8601
         1328      66.8601
         1329      66.8601
         1330      66.8601
         1331      66.8601
         1332      66.8601
         1333      66.8601
         1334      66.8601
         1335      66.8601
         1336      66.8601
         1337      66.8601
         1338      66.8601
         1339      66.8601
         1340      66.8601
         1341      66.8601
         1342      66.8601
         1343      66.8601
         1344      66.8601
         1345      66.8601
         1346      66.8601
         1347      66.8601
         1348      66.8601
         1349      66.8601
         1350      66.8601
         1351      66.8601
         1352      66.8601
         1353      66.8601
         1354      66.8601
         1355      66.8601
         1356      66.8601
         1357      66.8601
         1358      66.8601
         1359      66.8601
         1360      66.8601
         1361      66.8601
         1362      66.8601
         1363      66.8601
         1364      66.8601
         1365      66.8601
         1366      66.8601
         1367      66.8601
         1368      66.8601
         1369      66.8601
         1370      66.8601
         1371      66.8601
         1372      66.8601
         1373      66.8601
         1374      66.8601
         1375      66.8601
         1376      66.8601
         1377      66.8601
         1378      66.8601
         1379      66.8601
         1380      66.8601
         1381      66.8601
         1382      66.8601
         1383      66.8601
         1384      66.8601
         1385      66.8601
         1386      66.8601
         1387      66.8601
         1388      66.8601
         1389      66.8601
         1390      66.8601
         1391      66.8601
         1392      66.8601
         1393      66.8601
         1394      66.8601
         1395      66.8601
         1396      66.8601
         1397      66.8601
         1398      66.8601
         1399      66.8601
         1400      66.8601
         1401      66.8601
         1402      66.8601
         1403      66.8601
         1404      66.8601
         1405      66.8601
         1406      66.8601
         1407      66.8601
         1408      66.8601
         1409      66.8601
         1410      66.8601
         1411      66.8601
         1412      66.8601
         1413      66.8601
         1414      66.8601
         1415      66.8601
         1416      66.8601
         1417      66.8601
         1418      66.8601
         1419      66.8601
         1420      66.0006
         1421      66.0006
         1422      66.0006
         1423      65.0069
         1424      65.0069
         1425      65.0069
         1426      65.0069
         1427      65.0069
         1428      65.0069
         1429      65.0069
         1430      65.0069
         1431      65.0069
         1432      65.0069
         1433      65.0069
         1434      65.0069
         1435      65.0069
         1436      65.0069
         1437      65.0069
         1438      65.0069
         1439      65.0069
         1440      65.0069
         1441      65.0069
         1442      65.0069
         1443      65.0069
         1444      65.0069
         1445      65.0069
         1446      65.0069
         1447      65.0069
         1448      65.0069
         1449      65.0069
         1450      65.0069
         1451      65.0069
         1452      65.0069
         1453      65.0069
         1454      65.0069
         1455      65.0069
         1456      65.0069
         1457      65.0069
         1458      65.0069
         1459      65.0069
         1460      65.0069
         1461      65.0069
         1462      65.0069
         1463      65.0069
         1464      65.0069
         1465      65.0069
         1466      65.0069
         1467      65.0069
         1468      65.0069
         1469      65.0069
         1470      65.0069
         1471      65.0069
         1472      65.0069
         1473      65.0069
         1474      65.0069
         1475      65.0069
         1476      65.0069
         1477      65.0069
         1478      65.0069
         1479      65.0069
         1480      65.0069
         1481      65.0069
         1482      65.0069
         1483      65.0069
         1484      65.0069
         1485      65.0069
         1486      65.0069
         1487      65.0069
         1488      65.0069
         1489      65.0069
         1490      65.0069
         1491      65.0069
         1492      65.0069
         1493      65.0069
         1494      65.0069
         1495      65.0069
         1496      65.0069
         1497      65.0069
         1498      65.0069
         1499      65.0069
         1500      65.0069
         1501      65.0069
         1502      65.0069
         1503      65.0069
         1504      65.0069
         1505      65.0069
         1506      65.0069
         1507      65.0069
         1508      65.0069
         1509      65.0069
         1510      65.0069
         1511      65.0069
         1512      65.0069
         1513      65.0069
         1514      65.0069
         1515      65.0069
         1516      65.0069
         1517      65.0069
         1518      65.0069
         1519      65.0069
         1520      65.0069
         1521      65.0069
         1522      65.0069
         1523      65.0069
         1524      65.0069
         1525      65.0069
         1526      65.0069
         1527      65.0069
         1528      65.0069
         1529      65.0069
         1530      65.0069
         1531      65.0069
         1532      65.0069
         1533      65.0069
         1534      65.0069
         1535      65.0069
         1536      65.0069
         1537      65.0069
         1538      65.0069
         1539      65.0069
         1540      65.0069
         1541      65.0069
         1542      65.0069
         1543      65.0069
         1544      65.0069
         1545      65.0069
         1546      65.0069
         1547      65.0069
         1548      65.0069
         1549      65.0069
         1550      65.0069
         1551      65.0069
         1552      65.0069
         1553      65.0069
         1554      65.0069
         1555      65.0069
         1556      65.0069
         1557      65.0069
         1558      65.0069
         1559      65.0069
         1560      65.0069
         1561      65.0069
         1562      65.0069
         1563      65.0069
         1564      65.0069
         1565      65.0069
         1566      65.0069
         1567      65.0069
         1568      65.0069
         1569      65.0069
         1570      65.0069
         1571      65.0069
         1572      65.0069
         1573      65.0069
         1574      65.0069
         1575      65.0069
         1576      65.0069
         1577      65.0069
         1578      65.0069
         1579      65.0069
         1580      65.0069
         1581      65.0069
         1582      65.0069
         1583      65.0069
         1584      65.0069
         1585      65.0069
         1586      65.0069
         1587      65.0069
         1588      65.0069
         1589      65.0069
         1590      65.0069
         1591      65.0069
         1592      65.0069
         1593      65.0069
         1594      65.0069
         1595      65.0069
         1596      65.0069
         1597      65.0069
         1598      65.0069
         1599      65.0069
         1600      65.0069
         1601      65.0069
         1602      65.0069
         1603      65.0069
         1604      65.0069
         1605      65.0069
         1606      65.0069
         1607      65.0069
         1608      65.0069
         1609      65.0069
         1610      65.0069
         1611      65.0069
         1612      65.0069
         1613      65.0069
         1614      65.0069
         1615      65.0069
         1616      65.0069
         1617      65.0069
         1618      65.0069
         1619      65.0069
         1620      65.0069
         1621      65.0069
         1622      65.0069
         1623      65.0069
         1624      65.0069
         1625      65.0069
         1626      65.0069
         1627      65.0069
         1628      65.0069
         1629      65.0069
         1630      65.0069
         1631      65.0069
         1632      65.0069
         1633      65.0069
         1634      65.0069
         1635      65.0069
         1636      65.0069
         1637      65.0069
         1638      65.0069
         1639      65.0069
         1640      65.0069
         1641      65.0069
         1642      65.0069
         1643      65.0069
         1644      65.0069
         1645      65.0069
         1646      65.0069
         1647      65.0069
         1648      65.0069
         1649      65.0069
         1650      65.0069
         1651      65.0069
         1652      65.0069
         1653      65.0069
         1654      65.0069
         1655      65.0069
         1656      65.0069
         1657      65.0069
         1658      65.0069
         1659      65.0069
         1660      65.0069
         1661      65.0069
         1662      65.0069
         1663      65.0069
         1664      65.0069
         1665      65.0069
         1666      65.0069
         1667      65.0069
         1668      65.0069
         1669      65.0069
         1670      65.0069
         1671      65.0069
         1672      65.0069
         1673      65.0069
         1674      65.0069
         1675      65.0069
         1676      65.0069
         1677      65.0069
         1678      65.0069
         1679      65.0069
         1680      65.0069
         1681      65.0069
         1682      65.0069
         1683      65.0069
         1684      65.0069
         1685      65.0069
         1686      65.0069
         1687      65.0069
         1688      65.0069
         1689      65.0069
         1690      65.0069
         1691      65.0069
         1692      65.0069
         1693      65.0069
         1694      65.0069
         1695      65.0069
         1696      65.0069
         1697      65.0069
         1698      65.0069
         1699      65.0069
         1700      65.0069
         1701      65.0069
         1702      65.0069
         1703      65.0069
         1704      65.0069
         1705      65.0069
         1706      65.0069
         1707      65.0069
         1708      65.0069
         1709      65.0069
         1710      65.0069
         1711      65.0069
         1712      65.0069
         1713      65.0069
         1714      65.0069
         1715      65.0069
         1716      65.0069
         1717      65.0069
         1718      65.0069
         1719      65.0069
         1720      65.0069
         1721      65.0069
         1722      65.0069
         1723      65.0069
         1724      65.0069
         1725      65.0069
         1726      65.0069
         1727      65.0069
         1728      65.0069
         1729      65.0069
         1730      65.0069
         1731      65.0069
         1732      65.0069
         1733      65.0069
         1734      65.0069
         1735      65.0069
         1736      65.0069
         1737      65.0069
         1738      65.0069
         1739      65.0069
         1740      64.8868
         1741      64.8868
         1742      64.8868
         1743      64.8868
         1744      64.8868
         1745      64.8868
         1746      64.8868
         1747      64.8868
         1748      64.8868
         1749      64.8868
         1750      64.8868
         1751      64.8868
         1752      64.8868
         1753      64.8868
         1754      64.8868
         1755      64.8868
         1756      64.8868
         1757      64.8868
         1758      64.8868
         1759      64.8868
         1760      64.8868
         1761      64.8868
         1762      64.8868
         1763      64.8868
         1764      64.8868
         1765      64.8868
         1766      64.8868
         1767      64.8868
         1768      64.8868
         1769      64.8868
         1770      64.8868
         1771      64.8868
         1772      64.8868
         1773      64.8868
         1774      64.8868
         1775      64.8868
         1776      64.8868
         1777      64.8868
         1778      64.8868
         1779      64.8868
         1780      64.8868
         1781      64.8868
         1782      64.8868
         1783      64.8868
         1784      64.8868
         1785      64.8868
         1786      64.8868
         1787      64.8868
         1788      64.8868
         1789      64.8868
         1790      64.8868
         1791      64.8868
         1792      64.8868
         1793      64.8868
         1794      64.8868
         1795      64.8868
         1796      64.8868
         1797      64.8868
         1798      64.8868
         1799      64.8868
         1800      64.8868
         1801      64.8868
         1802      64.8868
         1803      64.8868
         1804      64.8868
         1805      64.8868
         1806      64.8868
         1807      64.8868
         1808      64.8868
         1809      64.8868
         1810      64.8868
         1811      64.8868
         1812      64.8868
         1813      64.8868
         1814      64.8868
         1815      64.8868
         1816      64.8868
         1817      64.8868
         1818      64.8868
         1819      64.8868
         1820      64.8868
         1821      64.8868
         1822      64.8868
         1823      64.8868
         1824      64.8868
         1825      64.8868
         1826      64.8868
         1827      64.8868
         1828      64.8868
         1829      64.8868
         1830      64.8868
         1831      64.8868
         1832      64.8868
         1833      64.8868
         1834      64.8868
         1835      64.8868
         1836      64.8868
         1837      64.8868
         1838      64.8868
         1839      64.8868
         1840      64.8868
         1841      64.8868
         1842      64.8868
         1843      64.8868
         1844      64.8868
         1845      64.8868
         1846      64.8868
         1847      64.8868
         1848      64.8868
         1849      64.8868
         1850      64.8868
         1851      64.8868
         1852      64.8868
         1853      64.8868
         1854      64.8868
         1855      64.8868
         1856      64.8868
         1857      64.8868
         1858      64.8868
         1859      64.8868
         1860      64.8868
         1861      64.8868
         1862      64.8868
         1863      64.8868
         1864      64.8868
         1865      64.8868
         1866      64.8868
         1867      64.8868
         1868      64.8868
         1869      64.8868
         1870      64.8868
         1871      64.8868
         1872      64.8868
         1873      64.8868
         1874      64.8868
         1875      64.8868
         1876      64.8868
         1877      64.8868
         1878      64.8868
         1879      64.8868
         1880      64.8868
         1881      64.8868
         1882      64.8868
         1883      64.8868
         1884      64.8868
         1885      64.8868
         1886      64.8868
         1887      64.8868
         1888      64.8868
         1889      64.8868
         1890      64.8868
         1891      64.8868
         1892      64.8868
         1893      64.8868
         1894      64.8868
         1895      64.8868
         1896      64.8868
         1897      64.8868
         1898      64.8868
         1899      64.8868
         1900      64.8868
         1901      64.8868
         1902      64.8868
         1903      64.8868
         1904      64.8868
         1905      64.8868
         1906      64.8868
         1907      64.8868
         1908      64.8868
         1909      64.8868
         1910      64.8868
         1911      64.8868
         1912      64.8868
         1913      64.8868
         1914      64.8868
         1915      64.8868
         1916      64.8868
         1917      64.8868
         1918      64.8868
         1919      64.8868
         1920      64.8868
         1921      64.8868
         1922      64.8868
         1923      64.8868
         1924      64.8868
         1925      64.8868
         1926      64.8868
         1927      64.8868
         1928      64.8868
         1929      64.8868
         1930      64.8868
         1931      64.8868
         1932      64.8868
         1933      64.8868
         1934      64.8868
         1935      64.8868
         1936      64.8868
         1937      64.8868
         1938      64.8868
         1939      64.8868
         1940      64.8868
         1941      64.8868
         1942      64.8868
         1943      64.8868
         1944      64.8868
         1945      64.8868
         1946      64.8868
         1947      64.8868
         1948      64.8868
         1949      64.8868
         1950      64.8868
         1951      64.8868
         1952      64.8868
         1953      64.8868
         1954      64.8868
         1955      64.8868
         1956      64.8868
         1957      64.8868
         1958      64.8868
         1959      64.8868
         1960      64.8868
         1961      64.8868
         1962      64.8868
         1963      64.8868
         1964      64.8868
         1965      64.8868
         1966      64.8868
         1967      64.8868
         1968      64.8868
         1969      64.8868
         1970      64.8868
         1971      64.8868
         1972      64.8868
         1973      64.8868
         1974      64.8868
         1975      64.8868
         1976      64.8868
         1977      64.8868
         1978      64.8868
         1979      64.8868
         1980      64.8868
         1981      64.8868
         1982      64.8868
         1983      64.8868
         1984      64.8868
         1985      64.8868
         1986      64.8868
         1987      64.8868
         1988      64.8868
         1989      64.8868
         1990      64.8868
         1991      64.8868
         1992      64.8868
         1993      64.8868
         1994      64.8868
         1995      64.8868
         1996      64.8868
         1997      64.8868
         1998      64.8868
         1999      64.8868
         2000      64.8868
