#   N_BLOCK:  ACCEPTANCE:
           1        0.72
           2        0.63
           3    0.633333
           4        0.65
           5       0.608
           6    0.596667
           7    0.588571
           8        0.57
           9    0.544444
          10       0.552
          11    0.547273
          12    0.541667
          13    0.533846
          14    0.527143
          15    0.529333
          16     0.52875
          17    0.518824
          18    0.513333
          19    0.505263
          20       0.512
          21    0.512381
          22    0.513636
          23    0.518261
          24    0.518333
          25      0.5232
          26    0.520769
          27    0.520741
          28    0.519286
          29    0.517931
          30    0.520667
          31    0.527097
          32    0.531875
          33    0.532121
          34    0.534706
          35    0.534857
          36    0.535556
          37    0.536757
          38    0.538421
          39    0.537436
          40       0.534
          41    0.533171
          42    0.532381
          43    0.530233
          44    0.530455
          45    0.527556
          46    0.527826
          47    0.530213
          48      0.5325
          49    0.531837
          50       0.532
          51    0.533333
          52       0.535
          53    0.535849
          54    0.534444
          55    0.533455
          56    0.535357
          57    0.536842
          58    0.538276
          59    0.537288
          60       0.537
          61    0.539016
          62    0.539677
          63    0.541905
          64    0.541875
          65    0.542462
          66    0.542121
          67    0.544179
          68    0.546765
          69    0.549855
          70       0.552
          71    0.553239
          72    0.553333
          73    0.551507
          74    0.552162
          75      0.5488
          76    0.544737
          77    0.544935
          78     0.54641
          79    0.546582
          80     0.54625
          81     0.54642
          82    0.546829
          83    0.546024
          84    0.544524
          85    0.545647
          86    0.546279
          87    0.547126
          88    0.548182
          89    0.548315
          90    0.547333
          91    0.549231
          92    0.548913
          93    0.549032
          94    0.549149
          95    0.549895
          96    0.549375
          97    0.548247
          98    0.548571
          99    0.548889
         100      0.5492
         101    0.548713
         102    0.549608
         103    0.549709
         104    0.550192
         105    0.550476
         106        0.55
         107    0.549533
         108    0.548889
         109    0.548624
         110    0.548727
         111    0.548288
         112      0.5475
         113    0.548142
         114    0.548246
         115    0.548522
         116    0.547414
         117    0.546496
         118    0.546441
         119    0.545882
         120    0.546833
         121    0.545785
         122    0.546066
         123    0.546016
         124    0.546774
         125     0.54816
         126    0.547937
         127    0.548976
         128    0.548594
         129    0.548682
         130    0.549692
         131    0.550229
         132    0.550758
         133    0.550075
         134    0.551194
         135       0.552
         136    0.551324
         137    0.551679
         138    0.552899
         139    0.552806
         140    0.553143
         141    0.552908
         142    0.552817
         143    0.553287
         144    0.552778
         145    0.552414
         146    0.552466
         147    0.551837
         148    0.552162
         149    0.552215
         150      0.5524
         151    0.552583
         152    0.551184
         153     0.55085
         154     0.55039
         155    0.549806
         156     0.54859
         157    0.548535
         158    0.549367
         159    0.548805
         160    0.548625
         161    0.549317
         162    0.549877
         163     0.54908
         164     0.54939
         165    0.549455
         166    0.549036
         167    0.548743
         168    0.547976
         169    0.548402
         170    0.548824
         171    0.549006
         172    0.548953
         173    0.547861
         174    0.548161
         175      0.5472
         176    0.546932
         177    0.546893
         178    0.546854
         179    0.547151
         180    0.546556
         181    0.546961
         182    0.547473
         183    0.546448
         184     0.54587
         185    0.545838
         186    0.546774
         187    0.546524
         188    0.546702
         189     0.54582
         190    0.545684
         191    0.544503
         192    0.543854
         193    0.544145
         194    0.544948
         195    0.544615
         196    0.543571
         197    0.543553
         198    0.543737
         199    0.543216
         200       0.543
         201    0.541891
         202     0.54198
         203    0.542463
         204    0.542843
         205    0.542732
         206     0.54301
         207    0.542609
         208    0.542788
         209    0.542775
         210    0.542952
         211    0.543791
         212    0.543491
         213    0.543474
         214    0.543178
         215    0.542791
         216    0.542778
         217    0.542212
         218    0.542661
         219    0.542922
         220    0.542455
         221    0.542262
         222    0.542703
         223    0.543139
         224    0.543929
         225      0.5448
         226    0.545841
         227    0.546167
         228    0.546228
         229    0.547074
         230    0.547304
         231      0.5471
         232    0.546379
         233    0.546094
         234    0.545812
         235    0.545021
         236    0.545424
         237    0.544726
         238    0.544958
         239    0.544854
         240    0.544833
         241    0.544813
         242    0.545124
         243     0.54535
         244    0.545574
         245    0.545469
         246     0.54439
         247    0.543887
         248    0.544194
         249    0.544418
         250     0.54448
         251    0.544223
         252    0.543333
         253    0.543399
         254    0.543465
         255    0.543059
         256    0.543047
         257    0.542724
         258    0.542248
         259    0.542548
         260    0.542538
         261    0.542912
         262     0.54229
         263    0.542357
         264      0.5425
         265    0.542792
         266    0.542632
         267    0.543071
         268    0.543507
         269    0.543271
         270    0.543407
         271    0.543247
         272    0.543088
         273    0.542198
         274    0.542409
         275      0.5424
         276    0.542391
         277    0.542599
         278    0.542446
         279    0.541864
         280    0.541571
         281    0.541423
         282    0.541773
         283    0.541767
         284    0.541549
         285    0.541263
         286    0.541329
         287    0.541394
         288    0.541944
         289    0.541938
         290    0.542276
         291    0.542337
         292    0.542466
         293    0.541843
         294    0.541633
         295    0.541763
         296    0.541486
         297    0.541279
         298    0.541342
         299    0.541472
         300    0.542267
         301    0.542857
         302    0.543245
         303    0.543894
         304    0.544013
         305    0.543803
         306    0.543268
         307    0.543322
         308    0.543052
         309    0.543301
         310     0.54329
         311     0.54373
         312    0.544167
         313    0.544409
         314    0.544522
         315    0.544254
         316    0.543924
         317    0.543912
         318    0.543899
         319    0.543699
         320    0.543875
         321    0.543988
         322    0.543789
         323     0.54322
         324     0.54321
         325    0.543385
         326    0.543436
         327    0.543609
         328    0.543476
         329    0.543283
         330    0.543455
         331    0.543202
         332    0.542892
         333    0.542883
         334    0.542754
         335    0.542687
         336    0.542381
         337    0.542315
         338    0.541953
         339    0.542419
         340    0.542294
         341    0.541935
         342    0.542047
         343    0.542041
         344    0.542093
         345    0.541739
         346    0.541214
         347    0.541383
         348    0.541839
         349    0.541777
         350    0.542286
         351    0.542849
         352    0.542955
         353    0.543399
         354    0.543785
         355    0.543887
         356    0.543933
         357    0.543866
         358    0.544078
         359    0.544178
         360    0.544167
         361    0.543767
         362    0.544254
         363    0.544022
         364    0.544121
         365     0.54411
         366    0.544153
         367    0.543815
         368     0.54375
         369    0.544119
         370    0.544216
         371    0.543666
         372    0.543656
         373    0.543753
         374    0.543529
         375     0.54368
         376    0.544043
         377    0.544297
         378    0.544444
         379    0.544697
         380    0.544316
         381    0.544777
         382    0.544869
         383    0.544856
         384    0.544635
         385    0.544571
         386     0.54456
         387    0.544703
         388    0.545258
         389    0.545347
         390    0.545282
         391    0.544962
         392    0.544949
         393    0.544835
         394    0.544772
         395    0.545063
         396       0.545
         397    0.544685
         398    0.544623
         399    0.544812
         400     0.54475
         401    0.544638
         402    0.544826
         403    0.544218
         404    0.543762
         405    0.543457
         406    0.543103
         407    0.542654
         408    0.542598
         409    0.542738
         410    0.542683
         411    0.542774
         412    0.542816
         413    0.542954
         414    0.542995
         415    0.543084
         416    0.543413
         417    0.543501
         418    0.543541
         419     0.54315
         420    0.542667
         421    0.542138
         422    0.541991
         423    0.541324
         424    0.541132
         425    0.541082
         426    0.540892
         427    0.541311
         428    0.541449
         429    0.541445
         430    0.541767
         431    0.541949
         432    0.542176
         433    0.542263
         434    0.542074
         435    0.542069
         436    0.542477
         437    0.542151
         438    0.542009
         439    0.542005
         440    0.541682
         441    0.541769
         442     0.54181
         443    0.541716
         444    0.541667
         445    0.541348
         446    0.541256
         447    0.541163
         448    0.541339
         449    0.541782
         450    0.542044
         451    0.542217
         452    0.542257
         453     0.54234
         454    0.542599
         455    0.542593
         456    0.542632
         457    0.542757
         458    0.542489
         459    0.542353
         460    0.542348
         461    0.542126
         462    0.541948
         463    0.541771
         464    0.541767
         465    0.541462
         466    0.541545
         467    0.541884
         468    0.541496
         469    0.540938
         470    0.540596
         471    0.540637
         472    0.540297
         473    0.540211
         474    0.539831
         475    0.539916
         476    0.540042
         477    0.540126
         478    0.540335
         479    0.540084
         480     0.53975
         481    0.539667
         482    0.539793
         483    0.539627
         484     0.53938
         485    0.539381
         486    0.539506
         487     0.53963
         488        0.54
         489    0.540368
         490    0.540204
         491    0.540326
         492    0.540447
         493    0.540568
         494    0.540729
         495    0.540929
         496    0.540968
         497    0.540845
         498    0.540803
         499    0.540721
         500      0.5406
         501    0.540758
         502    0.540598
         503    0.540437
         504    0.540516
         505    0.540554
         506    0.540711
         507    0.540789
         508    0.541024
         509    0.540629
         510    0.540706
         511    0.540744
         512    0.540781
         513    0.540702
         514     0.54035
         515    0.540544
         516    0.540736
         517    0.540464
         518     0.54027
         519    0.540501
         520    0.540462
         521    0.540614
         522    0.540805
         523     0.54088
         524    0.541031
         525    0.541219
         526    0.541141
         527    0.541328
         528    0.541174
         529    0.540945
         530    0.541057
         531    0.541092
         532    0.541165
         533    0.541538
         534    0.541835
         535    0.542019
         536    0.542052
         537    0.542123
         538    0.542007
         539    0.542226
         540    0.542333
         541    0.542329
         542    0.542103
         543    0.542026
         544    0.541985
         545    0.541908
         546    0.542051
         547    0.542194
         548    0.542153
         549    0.542113
         550    0.542036
         551    0.541996
         552    0.541957
         553    0.541736
         554    0.541949
         555    0.541802
         556    0.541835
         557    0.541903
         558    0.542079
         559    0.542147
         560    0.542179
         561    0.542103
         562    0.541922
         563    0.541776
         564    0.541489
         565    0.541451
         566    0.541201
         567     0.54127
         568    0.541514
         569    0.541301
         570    0.541404
         571    0.541786
         572    0.541643
         573    0.541257
         574    0.541115
         575    0.541043
         576    0.540937
         577     0.54104
         578    0.541142
         579    0.541002
         580       0.541
         581    0.540792
         582     0.54079
         583    0.540755
         584    0.540788
         585    0.540957
         586    0.541229
         587    0.541193
         588    0.541156
         589    0.541087
         590    0.541051
         591    0.540914
         592    0.540574
         593    0.540607
         594    0.540438
         595    0.540504
         596    0.540336
         597     0.54067
         598    0.540702
         599    0.540768
         600    0.540767
         601    0.540932
         602    0.540897
         603    0.540796
         604    0.540795
         605    0.540529
         606    0.540099
         607    0.540033
         608    0.539967
         609    0.539934
         610    0.539967
         611    0.539771
         612    0.539869
         613    0.539902
         614    0.539935
         615    0.539837
         616    0.539708
         617    0.539417
         618    0.539547
         619    0.539742
         620    0.539581
         621    0.539678
         622    0.539711
         623    0.539743
         624    0.540128
         625    0.540064
         626    0.540128
         627    0.540128
         628    0.540191
         629    0.540254
         630    0.540476
         631     0.54038
         632    0.540316
         633    0.540379
         634    0.540599
         635    0.540819
         636    0.540943
         637    0.541193
         638    0.541379
         639    0.541127
         640    0.541031
         641    0.541154
         642    0.541246
         643    0.541151
         644     0.54118
         645    0.541209
         646    0.541207
         647    0.541515
         648    0.541605
         649    0.541572
         650    0.541477
         651    0.541628
         652    0.541718
         653    0.541562
         654    0.541468
         655    0.541313
         656    0.541524
         657    0.541613
         658    0.541489
         659    0.541487
         660    0.541182
         661    0.541483
         662    0.541662
         663    0.541569
         664    0.541386
         665    0.541263
         666    0.541261
         667    0.541379
         668    0.541407
         669    0.541525
         670    0.541493
         671    0.541639
         672    0.541488
         673    0.541605
         674    0.541691
         675    0.541837
         676    0.542012
         677    0.542097
         678    0.542301
         679    0.542356
         680    0.542706
         681    0.542584
         682    0.542698
         683    0.542577
         684    0.542602
         685    0.542569
         686    0.542449
         687    0.542416
         688    0.542267
         689    0.542264
         690    0.542174
         691      0.5422
         692    0.542254
         693    0.542222
         694    0.542017
         695    0.542072
         696    0.542184
         697    0.542209
         698    0.542321
         699    0.542518
         700      0.5426
         701    0.542682
         702    0.542564
         703    0.542532
         704    0.542784
         705    0.542809
         706    0.542975
         707    0.542857
         708    0.542684
         709    0.542708
         710    0.542676
         711    0.542588
         712    0.542612
         713    0.542665
         714    0.542605
         715    0.542713
         716    0.542765
         717    0.542901
         718    0.542897
         719    0.542782
         720     0.54275
         721    0.542802
         722    0.542853
         723    0.542988
         724    0.542873
         725    0.542676
         726    0.542975
         727    0.543081
         728    0.543159
         729     0.54332
         730    0.543425
         731    0.543475
         732    0.543579
         733    0.543492
         734    0.543678
         735    0.543701
         736    0.543696
         737    0.543636
         738     0.54336
         739    0.543139
         740    0.543081
         741    0.542834
         742    0.542615
         743    0.542611
         744    0.542608
         745    0.542604
         746    0.542735
         747    0.542597
         748    0.542647
         749    0.542483
         750    0.542453
         751    0.542477
         752     0.54258
         753    0.542603
         754    0.542626
         755    0.542623
         756    0.542646
         757    0.542748
         758    0.542823
         759    0.543004
         760    0.543158
         761    0.543285
         762    0.543333
         763    0.543329
         764    0.543168
         765    0.542902
         766    0.542872
         767    0.542816
         768    0.542708
         769    0.542497
         770    0.542156
         771    0.542101
         772    0.542176
         773    0.542303
         774      0.5423
         775    0.542323
         776     0.54232
         777    0.542136
         778    0.542185
         779    0.542259
         780    0.542333
         781    0.542305
         782    0.542174
         783    0.542043
         784    0.541862
         785    0.541732
         786    0.541807
         787    0.541703
         788     0.54165
         789    0.541445
         790    0.541316
         791    0.541087
         792    0.541136
         793    0.541337
         794    0.541411
         795    0.541484
         796    0.541533
         797    0.541255
         798    0.541078
         799    0.540876
         800    0.540875
         801    0.540799
         802    0.540998
         803    0.540996
         804    0.540945
         805    0.540894
         806    0.540868
         807    0.540892
         808    0.540965
         809    0.541014
         810     0.54084
         811    0.540838
         812    0.540862
         813    0.541107
         814    0.541007
         815     0.54108
         816    0.541275
         817    0.541371
         818    0.541418
         819    0.541612
         820    0.541512
         821    0.541681
         822    0.541727
         823    0.541774
         824    0.541796
         825    0.541867
         826    0.541719
         827    0.541693
         828    0.541618
         829    0.541665
         830    0.541783
         831    0.541829
         832    0.542019
         833    0.542257
         834    0.542446
         835    0.542587
         836     0.54256
         837    0.542581
         838    0.542554
         839    0.542455
         840    0.542381
         841    0.542259
         842    0.542162
         843    0.541969
         844    0.542062
         845    0.542272
         846    0.542364
         847    0.542432
         848    0.542429
         849    0.542426
         850    0.542447
         851    0.542444
         852    0.542441
         853    0.542485
         854    0.542623
         855    0.542784
         856     0.54285
         857    0.542917
         858    0.543007
         859    0.543073
         860    0.543186
         861    0.543298
         862    0.543179
         863    0.542966
         864     0.54294
         865     0.54296
         866    0.542956
         867    0.543137
         868    0.543111
         869    0.543038
         870    0.542897
         871    0.542755
         872    0.542661
         873    0.542635
         874    0.542746
         875    0.542606
         876    0.542511
         877    0.542349
         878    0.542346
         879    0.542571
         880    0.542659
         881    0.542543
         882     0.54254
         883    0.542378
         884    0.542398
         885    0.542373
         886    0.542302
         887    0.542435
         888    0.542477
         889    0.542385
         890    0.542337
         891     0.54229
         892     0.54222
         893    0.542329
         894     0.54217
         895    0.542123
         896    0.542143
         897    0.542274
         898    0.542316
         899    0.542492
         900    0.542511
         901    0.542597
         902    0.542727
         903    0.542924
         904    0.542898
         905    0.542762
         906    0.542715
         907     0.54269
         908    0.542643
         909    0.542772
         910    0.542835
         911     0.54281
         912    0.542763
         913    0.542892
         914    0.542976
         915    0.542951
         916    0.542969
         917    0.542726
         918    0.542789
         919    0.542655
         920     0.54263
         921    0.542758
         922     0.54282
         923    0.542774
         924    0.542619
         925    0.542703
         926    0.542743
         927    0.542783
         928    0.542586
         929    0.542605
         930    0.542538
         931    0.542363
         932    0.542146
         933    0.542101
         934    0.542034
         935    0.541968
         936    0.541944
         937    0.541878
         938    0.541812
         939    0.541917
         940     0.54183
         941    0.541785
         942    0.541614
         943    0.541633
         944    0.541568
         945    0.541503
         946    0.541395
         947    0.541352
         948     0.54135
         949    0.541286
         950    0.541495
         951     0.54164
         952    0.541576
         953    0.541658
         954    0.541593
         955    0.541571
         956    0.541653
         957     0.54163
         958    0.541691
         959    0.541856
         960    0.541917
         961    0.541831
         962    0.541788
         963    0.541682
         964    0.541701
         965    0.541679
         966    0.541594
         967     0.54151
         968    0.541302
         969    0.541115
         970    0.541093
         971    0.541071
         972    0.541029
         973    0.541069
         974    0.541273
         975    0.541292
         976     0.54125
         977    0.541208
         978    0.541125
         979    0.540981
         980     0.54102
         981    0.540938
         982    0.541059
         983    0.541017
         984    0.540935
         985    0.540893
         986    0.540892
         987     0.54077
         988     0.54085
         989    0.540708
         990    0.540444
         991    0.540424
         992    0.540484
         993    0.540282
         994    0.540382
         995    0.540603
         996    0.540622
         997    0.540481
         998    0.540421
         999     0.54032
        1000     0.54048
        1001     0.54048
        1002    0.540479
        1003    0.540359
        1004    0.540279
        1005    0.540239
        1006    0.540219
        1007    0.540218
        1008    0.540298
        1009    0.540416
        1010    0.540495
        1011    0.540396
        1012    0.540336
        1013    0.540257
        1014    0.540197
        1015    0.540236
        1016    0.540413
        1017    0.540433
        1018    0.540314
        1019    0.540393
        1020    0.540392
        1021    0.540451
        1022     0.54047
        1023    0.540547
        1024    0.540645
        1025    0.540663
        1026    0.540663
        1027    0.540682
        1028    0.540681
        1029    0.540739
        1030    0.540777
        1031    0.540737
        1032    0.540814
        1033    0.540949
        1034    0.541199
        1035    0.541256
        1036    0.541081
        1037    0.540926
        1038    0.540809
        1039    0.540577
        1040      0.5405
        1041    0.540576
        1042    0.540595
        1043    0.540345
        1044    0.540153
        1045    0.539981
        1046    0.540038
        1047        0.54
        1048    0.540076
        1049    0.539981
        1050    0.540038
        1051    0.539962
        1052    0.539943
        1053    0.540019
        1054    0.540114
        1055    0.540076
        1056    0.540057
        1057        0.54
        1058    0.539924
        1059    0.539792
        1060     0.53983
        1061    0.539849
        1062    0.540019
        1063    0.540019
        1064    0.540094
        1065    0.540169
        1066    0.540225
        1067      0.5403
        1068    0.540393
        1069    0.540299
        1070    0.540262
        1071    0.540224
        1072    0.540261
        1073    0.540336
        1074    0.540447
        1075    0.540372
        1076    0.540149
        1077    0.540019
        1078        0.54
        1079    0.539852
        1080    0.539759
        1081    0.539722
        1082     0.53976
        1083    0.539815
        1084    0.539963
        1085    0.539963
        1086    0.539963
        1087    0.540129
        1088    0.540074
        1089    0.540037
        1090    0.540092
        1091    0.540055
        1092    0.539908
        1093    0.539963
        1094    0.540055
        1095    0.540091
        1096    0.540146
        1097    0.540255
        1098      0.5402
        1099    0.540164
        1100    0.540127
        1101    0.540127
        1102    0.540181
        1103    0.540018
        1104    0.540091
        1105     0.54009
        1106    0.540054
        1107    0.540018
        1108    0.540144
        1109     0.54009
        1110    0.539964
        1111    0.539856
        1112    0.539838
        1113    0.539802
        1114    0.539623
        1115    0.539623
        1116    0.539785
        1117    0.539749
        1118    0.539678
        1119      0.5395
        1120    0.539268
        1121    0.539304
        1122    0.539287
        1123    0.539359
        1124    0.539502
        1125    0.539556
        1126    0.539432
        1127    0.539343
        1128    0.539344
        1129    0.539291
        1130    0.539416
        1131    0.539505
        1132    0.539523
        1133    0.539612
        1134    0.539735
        1135    0.539947
        1136    0.540088
        1137    0.540035
        1138        0.54
        1139     0.53993
        1140    0.539807
        1141    0.539702
        1142    0.539702
        1143    0.539598
        1144    0.539615
        1145    0.539755
        1146    0.539843
        1147    0.539861
        1148    0.539739
        1149    0.539843
        1150    0.539861
        1151    0.539965
        1152    0.540087
        1153    0.540225
        1154    0.540225
        1155    0.540277
        1156     0.54026
        1157    0.540138
        1158    0.540086
        1159    0.540155
        1160    0.540224
        1161    0.540241
        1162     0.54031
        1163    0.540258
        1164    0.540206
        1165    0.540326
        1166    0.540412
        1167    0.540446
        1168    0.540394
        1169    0.540496
        1170    0.540598
        1171    0.540649
        1172      0.5407
        1173    0.540784
        1174    0.540784
        1175    0.540766
        1176    0.540799
        1177    0.540935
        1178    0.540832
        1179    0.540848
        1180    0.540881
        1181    0.540898
        1182    0.540897
        1183    0.540845
        1184    0.540777
        1185    0.540624
        1186    0.540675
        1187    0.540657
        1188    0.540758
        1189    0.540639
        1190    0.540655
        1191    0.540756
        1192    0.540621
        1193    0.540536
        1194    0.540402
        1195    0.540351
        1196    0.540318
        1197    0.540334
        1198    0.540167
        1199        0.54
        1200     0.53995
        1201    0.539867
        1202      0.5399
        1203    0.539867
        1204    0.539867
        1205    0.539867
        1206     0.53995
        1207        0.54
        1208    0.539967
        1209    0.540083
        1210    0.540165
        1211    0.540083
        1212    0.539983
        1213    0.539934
        1214    0.539885
        1215    0.539802
        1216    0.539737
        1217    0.539704
        1218    0.539688
        1219    0.539672
        1220    0.539607
        1221    0.539443
        1222    0.539427
        1223    0.539313
        1224    0.539216
        1225    0.539249
        1226    0.539201
        1227    0.539218
        1228    0.539332
        1229    0.539398
        1230    0.539447
        1231    0.539431
        1232    0.539481
        1233      0.5394
        1234    0.539271
        1235     0.53919
        1236    0.539256
        1237     0.53924
        1238    0.539225
        1239    0.539274
        1240    0.539274
        1241     0.53921
        1242    0.539211
        1243    0.539067
        1244    0.539035
        1245      0.5391
        1246    0.539021
        1247    0.538974
        1248     0.53891
        1249    0.538943
        1250    0.538928
        1251    0.538897
        1252    0.538866
        1253    0.538867
        1254    0.538836
        1255    0.538757
        1256    0.538822
        1257    0.538902
        1258    0.538983
        1259    0.538999
        1260    0.539159
        1261    0.539033
        1262    0.539017
        1263    0.539034
        1264    0.539082
        1265    0.539162
        1266      0.5391
        1267      0.5391
        1268    0.539101
        1269    0.539133
        1270     0.53915
        1271    0.539197
        1272    0.539214
        1273    0.539262
        1274    0.539278
        1275    0.539247
        1276    0.539154
        1277    0.539123
        1278    0.538936
        1279    0.538968
        1280    0.539062
        1281    0.539235
        1282    0.539329
        1283    0.539423
        1284    0.539439
        1285    0.539346
        1286    0.539362
        1287    0.539409
        1288    0.539441
        1289     0.53941
        1290    0.539302
        1291    0.539287
        1292     0.53918
        1293    0.539134
        1294    0.539088
        1295    0.538965
        1296    0.538997
        1297    0.539059
        1298    0.538968
        1299    0.538984
        1300    0.538985
        1301    0.538862
        1302    0.538725
        1303    0.538757
        1304     0.53865
        1305    0.538621
        1306    0.538545
        1307    0.538592
        1308    0.538563
        1309    0.538411
        1310    0.538427
        1311    0.538368
        1312    0.538323
        1313    0.538416
        1314    0.538341
        1315    0.538449
        1316     0.53848
        1317    0.538542
        1318    0.538619
        1319    0.538726
        1320    0.538848
        1321    0.538834
        1322     0.53885
        1323    0.538836
        1324    0.538882
        1325    0.538958
        1326    0.539065
        1327    0.539171
        1328    0.539262
        1329    0.539172
        1330    0.539128
        1331    0.539128
        1332    0.539069
        1333     0.53904
        1334    0.539055
        1335    0.539041
        1336    0.539072
        1337    0.539043
        1338    0.539058
        1339    0.538969
        1340    0.538851
        1341    0.538911
        1342    0.538957
        1343    0.538972
        1344    0.538899
        1345    0.538929
        1346    0.538945
        1347    0.538961
        1348    0.539006
        1349    0.539007
        1350    0.539037
        1351    0.539112
        1352    0.539186
        1353    0.539098
        1354    0.539114
        1355    0.539173
        1356    0.539159
        1357     0.53916
        1358    0.539219
        1359    0.539323
        1360    0.539279
        1361    0.539309
        1362    0.539266
        1363    0.539237
        1364    0.539194
        1365    0.539209
        1366    0.539122
        1367    0.539137
        1368    0.539167
        1369    0.539211
        1370    0.539153
        1371    0.539125
        1372    0.539096
        1373    0.539243
        1374    0.539272
        1375    0.539404
        1376     0.53936
        1377     0.53923
        1378    0.539115
        1379    0.539217
        1380    0.539217
        1381    0.539247
        1382     0.53919
        1383    0.539103
        1384    0.539104
        1385    0.539032
        1386    0.539076
        1387    0.539135
        1388    0.539179
        1389    0.539107
        1390    0.539151
        1391    0.539123
        1392    0.539152
        1393    0.539153
        1394    0.539139
        1395    0.539197
        1396    0.539126
        1397    0.539141
        1398    0.539041
        1399    0.539028
        1400    0.539129
        1401    0.539201
        1402    0.539101
        1403    0.539016
        1404     0.53886
        1405    0.538776
        1406    0.538834
        1407    0.538806
        1408    0.538835
        1409    0.538935
        1410    0.538936
        1411    0.538894
        1412    0.538895
        1413    0.538854
        1414    0.538769
        1415    0.538813
        1416    0.538828
        1417      0.5388
        1418      0.5389
        1419    0.539013
        1420       0.539
        1421    0.538973
        1422    0.539015
        1423    0.538974
        1424    0.538933
        1425    0.538849
        1426    0.538948
        1427    0.538991
        1428    0.538992
        1429    0.539062
        1430    0.539105
        1431    0.539078
        1432    0.539092
        1433    0.539093
        1434    0.539024
        1435    0.539164
        1436    0.539248
        1437    0.539207
        1438    0.539263
        1439    0.539263
        1440    0.539264
        1441    0.539209
        1442    0.539168
        1443    0.539141
        1444    0.539211
        1445    0.539239
        1446    0.539184
        1447    0.539254
        1448    0.539296
        1449     0.53931
        1450    0.539352
        1451    0.539242
        1452    0.539146
        1453    0.539119
        1454    0.539175
        1455    0.539244
        1456    0.539368
        1457    0.539382
        1458    0.539383
        1459    0.539356
        1460    0.539452
        1461    0.539493
        1462    0.539494
        1463    0.539453
        1464    0.539385
        1465    0.539345
        1466    0.539332
        1467    0.539318
        1468    0.539305
        1469    0.539238
        1470    0.539347
        1471    0.539347
        1472    0.539389
        1473     0.53928
        1474    0.539227
        1475    0.539281
        1476    0.539309
        1477    0.539255
        1478     0.53935
        1479    0.539446
        1480    0.539365
        1481     0.53946
        1482    0.539528
        1483    0.539514
        1484    0.539623
        1485    0.539663
        1486    0.539542
        1487    0.539502
        1488    0.539462
        1489    0.539463
        1490    0.539356
        1491     0.53937
        1492     0.53937
        1493    0.539451
        1494    0.539545
        1495    0.539518
        1496    0.539545
        1497    0.539426
        1498    0.539346
        1499      0.5394
        1500    0.539493
        1501    0.539267
        1502    0.539188
        1503    0.539135
        1504    0.539136
        1505    0.539123
        1506     0.53915
        1507    0.539137
        1508    0.539111
        1509    0.539019
        1510    0.538954
        1511    0.538888
        1512    0.538929
        1513    0.538863
        1514    0.538877
        1515    0.538878
        1516    0.538905
        1517    0.538945
        1518     0.53892
        1519    0.538828
        1520    0.538803
        1521    0.538856
        1522    0.538857
        1523    0.538831
        1524    0.538858
        1525     0.53899
        1526    0.539004
        1527    0.539018
        1528    0.538979
        1529    0.539019
        1530    0.538967
        1531    0.538981
        1532    0.538956
        1533    0.538878
        1534    0.538853
        1535    0.538866
        1536    0.538919
        1537     0.53892
        1538    0.538999
        1539    0.539051
        1540    0.539078
        1541    0.539014
        1542    0.538988
        1543    0.538911
        1544     0.53899
        1545    0.539068
        1546    0.539082
        1547    0.539108
        1548    0.539199
        1549    0.539148
        1550    0.539213
        1551    0.539175
        1552    0.539265
        1553    0.539279
        1554    0.539344
        1555    0.539293
        1556    0.539319
        1557    0.539229
        1558    0.539191
        1559     0.53932
        1560    0.539397
        1561    0.539475
        1562    0.539539
        1563    0.539565
        1564     0.53954
        1565    0.539527
        1566    0.539476
        1567    0.539489
        1568    0.539515
        1569    0.539516
        1570    0.539567
        1571    0.539516
        1572    0.539478
        1573    0.539453
        1574    0.539504
        1575    0.539479
        1576    0.539429
        1577    0.539277
        1578    0.539202
        1579    0.539126
        1580    0.539101
        1581    0.539127
        1582     0.53909
        1583     0.53904
        1584    0.538864
        1585    0.538801
        1586    0.538852
        1587    0.538853
        1588    0.538892
        1589    0.538918
        1590    0.538918
        1591    0.538881
        1592    0.538894
        1593    0.538983
        1594    0.538858
        1595    0.538897
        1596     0.53896
        1597    0.538973
        1598    0.538986
        1599    0.539024
        1600       0.539
        1601    0.538926
        1602    0.538951
        1603    0.538977
        1604    0.538928
        1605    0.538854
        1606    0.538792
        1607    0.538818
        1608    0.538893
        1609    0.538856
        1610    0.538807
        1611    0.538746
        1612    0.538797
        1613    0.538772
        1614    0.538798
        1615    0.538799
        1616    0.538738
        1617    0.538763
        1618    0.538776
        1619    0.538826
        1620    0.538914
        1621    0.538914
        1622    0.538792
        1623    0.538731
        1624    0.538682
        1625    0.538683
        1626    0.538782
        1627     0.53882
        1628    0.538735
        1629    0.538735
        1630    0.538748
        1631    0.538835
        1632    0.538848
        1633    0.538824
        1634    0.538825
        1635    0.538765
        1636    0.538643
        1637    0.538607
        1638    0.538694
        1639    0.538755
        1640    0.538732
        1641    0.538867
        1642    0.538977
        1643    0.539014
        1644    0.538917
        1645    0.538833
        1646    0.538773
        1647    0.538749
        1648    0.538701
        1649    0.538629
        1650    0.538691
        1651     0.53874
        1652    0.538777
        1653    0.538863
        1654    0.538803
        1655    0.538804
        1656    0.538768
        1657    0.538733
        1658    0.538782
        1659    0.538879
        1660    0.538867
        1661    0.538952
        1662    0.538941
        1663    0.538942
        1664     0.53893
        1665    0.538943
        1666      0.5388
        1667    0.538872
        1668    0.538873
        1669    0.538814
        1670     0.53879
        1671    0.538755
        1672     0.53878
        1673    0.538828
        1674    0.538841
        1675     0.53883
        1676    0.538771
        1677    0.538784
        1678    0.538784
        1679    0.538773
        1680    0.538786
        1681    0.538786
        1682    0.538692
        1683    0.538586
        1684    0.538599
        1685    0.538599
        1686    0.538422
        1687    0.538352
        1688    0.538318
        1689    0.538212
        1690    0.538189
        1691    0.538202
        1692     0.53818
        1693    0.538122
        1694     0.53817
        1695    0.538183
        1696    0.538184
        1697    0.538091
        1698    0.537986
        1699    0.537952
        1700    0.537929
        1701    0.537813
        1702    0.537826
        1703    0.537816
        1704    0.537829
        1705    0.537865
        1706    0.537902
        1707    0.537856
        1708    0.537927
        1709    0.537952
        1710    0.537977
        1711    0.538001
        1712    0.538049
        1713     0.53819
        1714    0.538273
        1715    0.538332
        1716     0.53845
        1717    0.538451
        1718    0.538347
        1719    0.538185
        1720    0.538198
        1721     0.53821
        1722    0.538107
        1723     0.53798
        1724    0.537935
        1725    0.537843
        1726    0.537833
        1727    0.537858
        1728    0.537882
        1729    0.537825
        1730    0.537873
        1731    0.537851
        1732    0.537841
        1733    0.537911
        1734    0.538097
        1735    0.538179
        1736    0.538157
        1737    0.538204
        1738    0.538251
        1739    0.538298
        1740    0.538402
        1741    0.538438
        1742    0.538507
        1743    0.538474
        1744    0.538498
        1745    0.538602
        1746    0.538614
        1747    0.538649
        1748    0.538638
        1749    0.538639
        1750    0.538663
        1751    0.538675
        1752    0.538642
        1753    0.538608
        1754     0.53862
        1755    0.538632
        1756    0.538508
        1757    0.538509
        1758     0.53843
        1759    0.538374
        1760    0.538341
        1761    0.538319
        1762    0.538365
        1763     0.53831
        1764    0.538322
        1765     0.53838
        1766    0.538426
        1767    0.538404
        1768    0.538371
        1769     0.53827
        1770    0.538169
        1771    0.538159
        1772    0.538172
        1773    0.538127
        1774    0.538072
        1775    0.538051
        1776    0.537995
        1777    0.537974
        1778    0.538009
        1779    0.538066
        1780    0.538011
        1781    0.537934
        1782    0.537901
        1783    0.537936
        1784    0.537926
        1785    0.537927
        1786    0.537895
        1787    0.537885
        1788    0.537852
        1789    0.537865
        1790    0.537866
        1791    0.537845
        1792    0.537835
        1793    0.537847
        1794     0.53786
        1795    0.537872
        1796    0.537873
        1797    0.537741
        1798    0.537709
        1799    0.537732
        1800    0.537678
        1801     0.53759
        1802    0.537647
        1803    0.537726
        1804    0.537761
        1805    0.537806
        1806    0.537807
        1807    0.537908
        1808    0.537887
        1809    0.537877
        1810    0.537823
        1811    0.537791
        1812    0.537848
        1813    0.537838
        1814    0.537817
        1815    0.537862
        1816     0.53793
        1817    0.537953
        1818    0.538031
        1819    0.538054
        1820    0.538022
        1821    0.538034
        1822    0.538112
        1823    0.538124
        1824    0.538235
        1825    0.538301
        1826    0.538335
        1827    0.538238
        1828    0.538239
        1829    0.538294
        1830    0.538273
        1831    0.538285
        1832    0.538308
        1833    0.538232
        1834    0.538124
        1835    0.538027
        1836    0.538083
        1837    0.538106
        1838    0.538074
        1839    0.538129
        1840    0.538098
        1841    0.538142
        1842    0.538132
        1843    0.538155
        1844    0.538124
        1845    0.538049
        1846    0.538028
        1847    0.537986
        1848    0.537976
        1849    0.537923
        1850    0.537849
        1851    0.537882
        1852    0.537873
        1853    0.537885
        1854    0.537896
        1855     0.53793
        1856    0.537963
        1857    0.538061
        1858    0.538052
        1859    0.538053
        1860    0.538022
        1861    0.538001
        1862    0.537948
        1863    0.537971
        1864     0.53794
        1865    0.537952
        1866    0.537985
        1867    0.537943
        1868    0.537976
        1869    0.537967
        1870    0.537936
        1871    0.537969
        1872    0.537949
        1873    0.537907
        1874    0.537834
        1875    0.537813
        1876    0.537868
        1877    0.537869
        1878    0.537913
        1879    0.537903
        1880    0.537915
        1881    0.537916
        1882    0.537811
        1883    0.537886
        1884    0.537866
        1885    0.537814
        1886    0.537879
        1887    0.537901
        1888     0.53785
        1889    0.537882
        1890    0.537915
        1891    0.537938
        1892    0.538023
        1893    0.538172
        1894    0.538184
        1895    0.538248
        1896    0.538207
        1897    0.538218
        1898    0.538261
        1899    0.538178
        1900    0.538232
        1901    0.538285
        1902    0.538297
        1903    0.538287
        1904    0.538298
        1905    0.538236
        1906    0.538248
        1907    0.538249
        1908    0.538176
        1909    0.538135
        1910    0.538105
        1911    0.538022
        1912     0.53796
        1913     0.53794
        1914    0.538004
        1915    0.538016
        1916    0.538027
        1917    0.538091
        1918     0.53805
        1919    0.537978
        1920    0.538052
        1921    0.538105
        1922    0.538137
        1923     0.53817
        1924     0.53816
        1925    0.538213
        1926    0.538193
        1927    0.538153
        1928    0.538237
        1929    0.538289
        1930    0.538311
        1931     0.53825
        1932    0.538219
        1933    0.538251
        1934     0.53819
        1935    0.538171
        1936    0.538275
        1937    0.538317
        1938    0.538277
        1939    0.538226
        1940    0.538144
        1941    0.538042
        1942    0.538074
        1943    0.538065
        1944    0.538056
        1945    0.538077
        1946     0.53816
        1947    0.538233
        1948    0.538193
        1949    0.538225
        1950    0.538195
        1951    0.538134
        1952    0.538053
        1953    0.537962
        1954    0.537932
        1955    0.537964
        1956    0.537883
        1957    0.537813
        1958    0.537763
        1959    0.537734
        1960    0.537673
        1961    0.537726
        1962    0.537768
        1963    0.537799
        1964    0.537882
        1965    0.537944
        1966    0.537884
        1967    0.537916
        1968    0.537927
        1969    0.537969
        1970       0.538
        1971     0.53795
        1972    0.537951
        1973    0.537922
        1974    0.537882
        1975    0.537803
        1976    0.537713
        1977    0.537693
        1978    0.537674
        1979    0.537625
        1980    0.537596
        1981    0.537597
        1982    0.537649
        1983     0.53766
        1984    0.537611
        1985    0.537662
        1986    0.537644
        1987    0.537665
        1988    0.537626
        1989    0.537687
        1990    0.537799
        1991     0.53774
        1992     0.53761
        1993    0.537501
        1994    0.537432
        1995    0.537444
        1996    0.537485
        1997    0.537536
        1998    0.537457
        1999    0.537459
        2000      0.5375
