#     BLOCK:   ACTUAL_M:     M_AVE:       ERROR:
           1        0.44        0.44           0
           2        0.48        0.46   0.0141421
           3        0.16        0.36   0.0821922
           4        0.04        0.28   0.0927362
           5        0.04       0.232   0.0857158
           6       -0.08        0.18   0.0857645
           7        0.04        0.16   0.0758086
           8        0.04       0.145   0.0678003
           9        0.16    0.146667   0.0602874
          10        0.28        0.16   0.0557136
          11        0.16        0.16   0.0506487
          12       -0.08        0.14   0.0502217
          13        0.08    0.135385   0.0465701
          14        0.16    0.137143   0.0432769
          15        0.24       0.144   0.0409314
          16       -0.08        0.13   0.0406971
          17       -0.08    0.117647   0.0401341
          18        0.36    0.131111   0.0400993
          19        0.28    0.138947    0.038747
          20        0.28       0.146    0.037446
          21        0.12    0.144762   0.0356833
          22        0.08    0.141818   0.0341825
          23        0.36    0.151304   0.0339871
          24        0.12        0.15    0.032596
          25        0.04      0.1456   0.0315877
          26        0.16    0.146154   0.0303777
          27           0    0.140741    0.029731
          28       -0.16        0.13   0.0305477
          29           0    0.125517   0.0298215
          30       -0.08    0.118667   0.0296038
          31       -0.08    0.112258   0.0293343
          32           0     0.10875   0.0286266
          33         0.2    0.111515   0.0278924
          34        0.24    0.115294   0.0273268
          35        0.28        0.12   0.0269482
          36        0.04    0.117778   0.0262911
          37        0.08    0.116757   0.0256003
          38           0    0.113684   0.0251103
          39        0.04    0.111795   0.0245375
          40        -0.2       0.104   0.0251317
          41           0    0.101463   0.0246464
          42        0.04         0.1    0.024103
          43         0.2    0.102326   0.0236543
          44        0.16    0.103636    0.023153
          45           0    0.101333   0.0227528
          46        0.28    0.105217   0.0225872
          47        0.36    0.110638   0.0227479
          48        0.36    0.115833   0.0228595
          49        0.24    0.118367    0.022533
          50        0.04      0.1168   0.0221367
          51       -0.12    0.112157   0.0221843
          52           0        0.11   0.0218623
          53       -0.44   0.0996226   0.0237855
          54       -0.08   0.0962963   0.0235765
          55        0.16   0.0974545   0.0231762
          56        0.16   0.0985714   0.0227893
          57       -0.12   0.0947368   0.0227098
          58           0   0.0931034   0.0223769
          59        0.32   0.0969492   0.0223256
          60        0.08   0.0966667   0.0219553
          61         0.2   0.0983607   0.0216607
          62       -0.08   0.0954839   0.0215015
          63           0   0.0939683   0.0212135
          64        0.04    0.093125   0.0208988
          65       -0.16   0.0892308    0.020937
          66        0.08   0.0890909   0.0206202
          67           0   0.0877612   0.0203553
          68           0   0.0864706   0.0200968
          69        0.24   0.0886957   0.0199284
          70         0.2   0.0902857    0.019707
          71        0.04   0.0895775   0.0194422
          72       -0.04   0.0877778   0.0192553
          73       -0.08   0.0854795   0.0191282
          74        -0.4   0.0789189    0.019963
          75       -0.52   0.0709333   0.0212341
          76       -0.52   0.0631579    0.022333
          77       -0.28   0.0587013   0.0224832
          78       -0.16   0.0558974   0.0223691
          79       -0.24   0.0521519   0.0223973
          80       -0.16      0.0495   0.0222738
          81       -0.48    0.042963    0.022938
          82       -0.44   0.0370732   0.0234022
          83       -0.04   0.0361446   0.0231387
          84       -0.16   0.0338095   0.0229808
          85       -0.32   0.0296471   0.0230843
          86           0   0.0293023   0.0228184
          87        0.12   0.0303448     0.02258
          88        0.12   0.0313636   0.0223463
          89       -0.12   0.0296629   0.0221599
          90       -0.24   0.0266667   0.0221153
          91       -0.08   0.0254945   0.0219033
          92       -0.24   0.0226087   0.0218545
          93       -0.08   0.0215054   0.0216474
          94           0   0.0212766   0.0214183
          95        -0.2   0.0189474   0.0213191
          96       -0.24     0.01625    0.021267
          97        -0.4   0.0119588   0.0214763
          98        -0.2  0.00979592   0.0213658
          99       -0.56   0.0040404   0.0219115
         100       -0.44     -0.0004   0.0221377
         101       -0.08 -0.00118812   0.0219326
         102       -0.08 -0.00196078   0.0217311
         103        0.08 -0.00116505   0.0215347
         104        0.32  0.00192308   0.0215479
         105        0.04  0.00228571   0.0213458
         106        0.16  0.00377358   0.0211962
         107         0.2  0.00560748   0.0210773
         108        0.28  0.00814815   0.0210347
         109         0.2  0.00990826   0.0209152
         110        0.04   0.0101818   0.0207269
         111       -0.08  0.00936937   0.0205561
         112       -0.04  0.00892857   0.0203772
         113       -0.24  0.00672566   0.0203156
         114       -0.08  0.00596491   0.0201517
         115        -0.2  0.00417391   0.0200559
         116       -0.24  0.00206897   0.0199931
         117       -0.32-0.000683761   0.0200109
         118       -0.36 -0.00372881   0.0200716
         119       -0.12 -0.00470588   0.0199267
         120           0 -0.00466667   0.0197607
         121       -0.04 -0.00495868   0.0195995
         122           0 -0.00491803   0.0194389
         123       -0.12 -0.00585366   0.0193034
         124       -0.12 -0.00677419   0.0191697
         125       -0.04    -0.00704   0.0190181
         126       -0.28 -0.00920635   0.0189902
         127        -0.2  -0.0107087      0.0189
         128       -0.16   -0.011875   0.0187883
         129        0.16  -0.0105426   0.0186898
         130       -0.16  -0.0116923   0.0185814
         131       -0.28  -0.0137405   0.0185521
         132       -0.24  -0.0154545   0.0184905
         133        0.12  -0.0144361   0.0183795
         134       -0.24  -0.0161194   0.0183193
         135        -0.2  -0.0174815   0.0182342
         136           0  -0.0173529   0.0181006
         137        0.08  -0.0166423   0.0179824
         138       -0.32  -0.0188406   0.0179859
         139        0.04  -0.0184173   0.0178615
         140        0.12  -0.0174286   0.0177613
         141        0.04  -0.0170213     0.01764
         142        0.08   -0.016338    0.017529
         143       -0.12  -0.0170629   0.0174214
         144       -0.12  -0.0177778   0.0173151
         145           0  -0.0176552   0.0171961
         146           0  -0.0175342   0.0170787
         147        0.12  -0.0165986   0.0169882
         148        0.04  -0.0162162   0.0168777
         149       -0.12  -0.0169128   0.0167788
         150        0.08  -0.0162667   0.0166793
         151        0.04   -0.015894    0.016573
         152       -0.08  -0.0163158   0.0164694
         153       -0.12  -0.0169935   0.0163757
         154        -0.2  -0.0181818   0.0163124
         155           0  -0.0180645   0.0162076
         156       -0.24  -0.0194872    0.016166
         157        0.04  -0.0191083   0.0160675
         158        0.28  -0.0172152   0.0160769
         159         0.4  -0.0145912   0.0161885
         160         0.4      -0.012   0.0162934
         161        0.44 -0.00919255   0.0164323
         162        0.28 -0.00740741   0.0164275
         163        0.24 -0.00588957   0.0163967
         164        0.16 -0.00487805   0.0163279
         165         0.4 -0.00242424   0.0164123
         166        0.32-0.000481928    0.016428
         167         0.2 0.000718563   0.0163734
         168        0.16  0.00166667   0.0163034
         169        0.04  0.00189349   0.0162085
         170       -0.08  0.00141176   0.0161203
         171       -0.04  0.00116959   0.0160278
         172         0.4  0.00348837   0.0161015
         173        0.24  0.00485549   0.0160664
         174       -0.08  0.00436782   0.0159814
         175       -0.04  0.00411429   0.0158921
         176       -0.08  0.00363636    0.015809
         177        0.12  0.00429379   0.0157334
         178       -0.16  0.00337079    0.015672
         179         0.4  0.00558659   0.0157403
         180           0  0.00555556   0.0156529
         181         0.2  0.00662983   0.0156033
         182         0.2  0.00769231   0.0155537
         183       -0.04  0.00743169   0.0154708
         184        0.12  0.00804348   0.0153989
         185           0       0.008   0.0153157
         186       -0.16  0.00709677   0.0152599
         187        -0.2   0.0059893   0.0152185
         188           0  0.00595745   0.0151376
         189       -0.12  0.00529101   0.0150721
         190       -0.28  0.00378947   0.0150674
         191       -0.28  0.00230366   0.0150616
         192       -0.24  0.00104167   0.0150359
         193       -0.24-0.000207254   0.0150098
         194       -0.28 -0.00164948   0.0150016
         195       -0.12 -0.00225641   0.0149369
         196       -0.16 -0.00306122   0.0148824
         197        -0.2 -0.00406091   0.0148404
         198        -0.4 -0.00606061   0.0148995
         199       -0.32 -0.00763819   0.0149079
         200       -0.36     -0.0094   0.0149371
         201       -0.28  -0.0107463   0.0149234
         202       -0.28  -0.0120792   0.0149089
         203       -0.04  -0.0122167   0.0148361
         204       -0.08   -0.012549   0.0147671
         205       -0.08   -0.012878   0.0146987
         206        0.08  -0.0124272   0.0146343
         207        0.12  -0.0117874   0.0145776
         208        0.08  -0.0113462   0.0145142
         209         0.2  -0.0103349   0.0144799
         210       -0.08  -0.0106667   0.0144147
         211       -0.08  -0.0109953   0.0143502
         212           0  -0.0109434   0.0142826
         213         0.2 -0.00995305   0.0142498
         214        0.04 -0.00971963   0.0141851
         215       -0.24  -0.0107907   0.0141595
         216         0.2 -0.00981481   0.0141276
         217        0.08 -0.00940092   0.0140685
         218       -0.16  -0.0100917   0.0140209
         219           0  -0.0100457    0.013957
         220        0.32 -0.00854545    0.013974
         221        0.12  -0.0079638   0.0139228
         222       -0.04 -0.00810811   0.0138609
         223        0.04 -0.00789238   0.0138004
         224        0.04 -0.00767857   0.0137404
         225        0.16 -0.00693333   0.0136996
         226        0.04 -0.00672566   0.0136405
         227        0.08 -0.00634361   0.0135858
         228           0 -0.00631579   0.0135262
         229        0.04 -0.00611354   0.0134687
         230        -0.2 -0.00695652   0.0134364
         231       -0.32 -0.00831169   0.0134464
         232       -0.28 -0.00948276   0.0134394
         233       -0.12 -0.00995708   0.0133901
         234       -0.12  -0.0104274   0.0133411
         235        0.04  -0.0102128   0.0132861
         236        0.04       -0.01   0.0132315
         237        0.08 -0.00962025   0.0131811
         238           0 -0.00957983   0.0131258
         239           0 -0.00953975   0.0130709
         240       -0.04 -0.00966667   0.0130171
         241           0 -0.00962656   0.0129631
         242       -0.04 -0.00975207   0.0129102
         243       -0.04 -0.00987654   0.0128576
         244       -0.36  -0.0113115   0.0128848
         245        -0.6  -0.0137143   0.0130543
         246       -0.52  -0.0157724   0.0131625
         247       -0.16  -0.0163563   0.0131221
         248        0.12  -0.0158065   0.0130807
         249        0.04  -0.0155823   0.0130301
         250        0.12    -0.01504   0.0129893
         251        0.28  -0.0138645   0.0129906
         252       -0.04  -0.0139683   0.0129394
         253       -0.28  -0.0150198    0.012931
         254       -0.36   -0.016378   0.0129512
         255       -0.52  -0.0183529   0.0130501
         256       -0.24  -0.0192187   0.0130278
         257       -0.36  -0.0205447   0.0130444
         258       -0.32  -0.0217054   0.0130454
         259        -0.2  -0.0223938   0.0130132
         260       -0.08  -0.0226154    0.012965
         261        -0.4  -0.0240613   0.0129957
         262       -0.52  -0.0259542   0.0130833
         263       -0.36  -0.0272243    0.013095
         264       -0.48  -0.0289394   0.0131573
         265         0.2  -0.0280755   0.0131359
         266        0.32  -0.0267669   0.0131516
         267         0.2  -0.0259176   0.0131297
         268           0  -0.0258209   0.0130811
         269        0.08  -0.0254275   0.0130384
         270         0.2  -0.0245926   0.0130168
         271           0  -0.0245018   0.0129691
         272        0.04  -0.0242647   0.0129235
         273        0.08  -0.0238828   0.0128818
         274       -0.08  -0.0240876   0.0128365
         275       -0.68  -0.0264727   0.0130095
         276       -0.32  -0.0275362   0.0130057
         277       -0.24  -0.0283032   0.0129814
         278       -0.04  -0.0283453   0.0129348
         279       -0.24  -0.0291039   0.0129106
         280       -0.28       -0.03   0.0128956
         281       -0.24  -0.0307473   0.0128713
         282       -0.24  -0.0314894   0.0128471
         283       -0.12  -0.0318021   0.0128055
         284       -0.28  -0.0326761   0.0127902
         285       -0.32  -0.0336842    0.012785
         286       -0.08  -0.0338462   0.0127413
         287       -0.16  -0.0342857   0.0127045
         288       -0.12  -0.0345833   0.0126638
         289       -0.16  -0.0350173   0.0126274
         290           0  -0.0348966   0.0125845
         291           0  -0.0347766   0.0125418
         292        -0.2  -0.0353425   0.0125116
         293       -0.12  -0.0356314   0.0124722
         294       -0.04  -0.0356463   0.0124298
         295        0.32  -0.0344407    0.012446
         296        0.44  -0.0328378   0.0125068
         297        0.28  -0.0317845   0.0125089
         298        0.04  -0.0315436   0.0124693
         299           0  -0.0314381    0.012428
         300       -0.28  -0.0322667   0.0124142
         301       -0.28  -0.0330897   0.0124002
         302       -0.08   -0.033245   0.0123601
         303        0.12  -0.0327393   0.0123296
         304        0.08  -0.0323684   0.0122947
         305           0  -0.0322623   0.0122548
         306        -0.2  -0.0328105    0.012227
         307       -0.12  -0.0330945   0.0121905
         308           0   -0.032987   0.0121514
         309       -0.12  -0.0332686   0.0121153
         310        0.08  -0.0329032   0.0120817
         311       -0.08  -0.0330547   0.0120438
         312        0.24  -0.0321795    0.012037
         313        0.04  -0.0319489   0.0120008
         314        0.16  -0.0313376   0.0119781
         315         0.2  -0.0306032   0.0119626
         316         0.2  -0.0298734   0.0119469
         317           0  -0.0297792   0.0119096
         318        0.12  -0.0293082   0.0118815
         319        0.12  -0.0288401   0.0118535
         320       -0.04   -0.028875   0.0118165
         321           0   -0.028785     0.01178
         322        0.24  -0.0279503    0.011773
         323        0.08  -0.0276161   0.0117412
         324       -0.04  -0.0276543   0.0117051
         325        -0.2  -0.0281846   0.0116811
         326        0.12  -0.0277301   0.0116541
         327        0.28   -0.026789   0.0116564
         328        0.32  -0.0257317   0.0116687
         329        0.16  -0.0251672   0.0116469
         330       -0.08  -0.0253333   0.0116127
         331         0.2  -0.0246526   0.0115976
         332        0.12  -0.0242169   0.0115709
         333        0.32  -0.0231832   0.0115822
         334        0.44  -0.0217964   0.0116302
         335        0.44  -0.0204179   0.0116769
         336        0.12       -0.02   0.0116496
         337        0.04   -0.019822   0.0116164
         338       -0.08       -0.02   0.0115834
         339        0.04   -0.019823   0.0115506
         340        0.08  -0.0195294   0.0115204
         341        0.12  -0.0191202   0.0114939
         342       -0.16  -0.0195322   0.0114676
         343       -0.12  -0.0198251   0.0114379
         344       -0.36   -0.020814   0.0114474
         345       -0.32  -0.0216812    0.011447
         346        -0.4  -0.0227746    0.011466
         347        -0.4  -0.0238617   0.0114844
         348       -0.44  -0.0250575   0.0115135
         349       -0.36  -0.0260172   0.0115204
         350       -0.04  -0.0260571   0.0114875
         351       -0.16  -0.0264387   0.0114612
         352        0.04    -0.02625   0.0114301
         353        0.16  -0.0257224   0.0114099
         354        0.24  -0.0249718   0.0114024
         355        0.36  -0.0238873   0.0114217
         356        0.28  -0.0230337   0.0114215
         357        0.12  -0.0226331   0.0113965
         358       -0.08  -0.0227933   0.0113658
         359       -0.36  -0.0237326   0.0113729
         360       -0.16  -0.0241111   0.0113476
         361       -0.24  -0.0247091   0.0113319
         362       -0.16  -0.0250829   0.0113068
         363        -0.2  -0.0255647   0.0112859
         364       -0.16  -0.0259341   0.0112609
         365       -0.04  -0.0259726   0.0112301
         366        0.04  -0.0257923   0.0112009
         367        0.08  -0.0255041   0.0111741
         368         0.4  -0.0243478   0.0112034
         369       -0.08  -0.0244986    0.011174
         370        0.28  -0.0236757   0.0111741
         371         0.4  -0.0225337   0.0112022
         372        0.28  -0.0217204   0.0112016
         373        0.32  -0.0208043   0.0112089
         374        0.12  -0.0204278   0.0111853
         375        -0.2  -0.0209067   0.0111657
         376       -0.12  -0.0211702   0.0111391
         377       -0.28  -0.0218568   0.0111307
         378       -0.04  -0.0219048   0.0111014
         379        0.04  -0.0217414   0.0110733
         380        0.04  -0.0215789   0.0110453
         381       -0.44  -0.0226772   0.0110708
         382       -0.24  -0.0232461   0.0110564
         383        0.28  -0.0224543   0.0110559
         384         0.4  -0.0213542   0.0110817
         385           0  -0.0212987    0.011053
         386       -0.04  -0.0213472   0.0110245
         387         0.2  -0.0207752   0.0110108
         388        0.12  -0.0204124   0.0109884
         389         0.4  -0.0193316   0.0110132
         390         0.4  -0.0182564   0.0110373
         391        0.52  -0.0168798   0.0110946
         392        0.24  -0.0162245   0.0110856
         393         0.2  -0.0156743   0.0110711
         394        0.04   -0.015533   0.0110439
         395       -0.08  -0.0156962   0.0110171
         396       -0.08  -0.0158586   0.0109905
         397        0.12  -0.0155164   0.0109682
         398         0.2  -0.0149749    0.010954
         399        0.32  -0.0141353   0.0109586
         400        0.48     -0.0129   0.0110006
         401        0.36  -0.0119701   0.0110124
         402        0.16  -0.0115423   0.0109933
         403       -0.04  -0.0116129   0.0109663
         404        0.04  -0.0114851   0.0109399
         405        0.32  -0.0106667   0.0109435
         406        0.32 -0.00985222   0.0109468
         407        0.16 -0.00943489   0.0109278
         408       -0.08 -0.00960784   0.0109024
         409         0.4 -0.00860636   0.0109217
         410         0.4 -0.00760976   0.0109404
         411        0.44 -0.00652068   0.0109678
         412         0.2 -0.00601942   0.0109527
         413       -0.04 -0.00610169   0.0109265
         414       -0.12 -0.00637681   0.0109035
         415        0.32 -0.00559036   0.0109056
         416        0.24      -0.005   0.0108953
         417        0.28 -0.00431655   0.0108906
         418        0.04 -0.00421053   0.0108651
         419       -0.08 -0.00439141   0.0108407
         420        0.04 -0.00428571   0.0108154
         421       -0.04 -0.00437055     0.01079
         422       -0.04 -0.00445498   0.0107648
         423           0 -0.00444444   0.0107393
         424        0.04 -0.00433962   0.0107145
         425       -0.04 -0.00442353   0.0106896
         426       -0.08 -0.00460094    0.010666
         427           0 -0.00459016    0.010641
         428        0.16 -0.00420561   0.0106231
         429       -0.12 -0.00447552   0.0106018
         430        0.12 -0.00418605   0.0105811
         431           0 -0.00417633   0.0105565
         432       -0.16 -0.00453704   0.0105383
         433        -0.2 -0.00498845   0.0105236
         434       -0.08 -0.00516129   0.0105008
         435        0.12 -0.00487356   0.0104806
         436        0.04 -0.00477064    0.010457
         437        0.44 -0.00375286   0.0104825
         438         0.6 -0.00237443   0.0105488
         439        0.56 -0.00109339   0.0106023
         440        0.72 0.000545455   0.0107041
         441        0.12 0.000816327   0.0106833
         442        0.04 0.000904977   0.0106595
         443       -0.08 0.000722348    0.010637
         444       -0.16  0.00036036   0.0106192
         445       -0.16 1.18507e-17   0.0106014
         446        0.12 0.000269058   0.0105811
         447        0.16 0.000626398   0.0105634
         448        0.36  0.00142857   0.0105702
         449        0.08  0.00160356   0.0105482
         450       -0.04  0.00151111   0.0105251
         451       -0.16  0.00115299   0.0105079
         452       -0.24 0.000619469   0.0104982
         453       -0.12 0.000353201   0.0104784
         454        0.24 0.000881057   0.0104686
         455         0.2  0.00131868   0.0104547
         456        0.36  0.00210526   0.0104613
         457         0.2  0.00253829   0.0104474
         458        0.08  0.00270742    0.010426
         459        0.32  0.00339869   0.0104261
         460       -0.04  0.00330435   0.0104039
         461       -0.04  0.00321041   0.0103817
         462        0.16  0.00354978   0.0103648
         463       -0.12  0.00328294   0.0103459
         464       -0.16  0.00293103   0.0103296
         465        0.16  0.00326882   0.0103129
         466        0.28  0.00386266   0.0103078
         467        0.24  0.00436831   0.0102981
         468        0.48  0.00538462   0.0103262
         469        0.16  0.00571429   0.0103094
         470         0.2  0.00612766   0.0102958
         471        0.36  0.00687898   0.0103013
         472        0.24  0.00737288   0.0102913
         473         0.2  0.00778013   0.0102776
         474         0.2  0.00818565   0.0102639
         475        0.24  0.00867368   0.0102539
         476         0.4   0.0094958   0.0102652
         477        0.28   0.0100629   0.0102594
         478        0.28   0.0106276   0.0102534
         479        0.16   0.0109395   0.0102368
         480        0.12   0.0111667    0.010218
         481       -0.08   0.0109771   0.0101985
         482        0.08   0.0111203   0.0101783
         483        0.12   0.0113458   0.0101598
         484           0   0.0113223   0.0101388
         485       -0.12   0.0110515   0.0101215
         486       -0.04   0.0109465   0.0101012
         487       -0.28   0.0103491   0.0100981
         488       -0.04   0.0102459    0.010078
         489       -0.04   0.0101431   0.0100579
         490       -0.16  0.00979592   0.0100433
         491           0  0.00977597   0.0100229
         492        0.16   0.0100813   0.0100072
         493        0.16   0.0103854  0.00999151
         494        0.04   0.0104453  0.00997146
         495       -0.04   0.0103434  0.00995184
         496        0.12   0.0105645  0.00993423
         497       -0.04   0.0104628  0.00991476
         498        -0.2   0.0100402  0.00990385
         499       -0.16   0.0096994  0.00988987
         500       -0.08     0.00952  0.00987171
         501        -0.2   0.0091018  0.00986086
         502        0.08  0.00924303  0.00984223
         503        -0.2  0.00882704  0.00983145
         504       -0.24  0.00833333  0.00982433
         505       -0.24  0.00784158  0.00981718
         506        -0.2  0.00743083  0.00980637
         507       -0.16  0.00710059  0.00979258
         508         0.2  0.00748031  0.00978067
         509        0.08  0.00762279  0.00976249
         510       -0.28  0.00705882  0.00975962
         511       -0.28  0.00649706  0.00975668
         512        -0.2  0.00609375  0.00974595
         513       -0.16  0.00576998  0.00973233
         514       -0.08  0.00560311  0.00971483
         515           0  0.00559223  0.00969597
         516        0.16  0.00589147   0.0096818
         517        0.32  0.00649903  0.00968211
         518        0.16  0.00679537  0.00966796
         519        0.28  0.00732177  0.00966365
         520        0.04  0.00738462  0.00964527
         521        0.08  0.00752399  0.00962776
         522           0  0.00750958  0.00960933
         523       -0.04  0.00741874  0.00959139
         524        0.16  0.00770992   0.0095775
         525           0  0.00769524  0.00955927
         526        0.04  0.00775665  0.00954129
         527        -0.2  0.00736243  0.00953133
         528        -0.4  0.00659091  0.00954445
         529       -0.36  0.00589792  0.00955153
         530       -0.36  0.00520755  0.00955843
         531        -0.2  0.00482109  0.00954824
         532           0  0.00481203  0.00953029
         533        0.04  0.00487805  0.00951264
         534        0.08  0.00501873  0.00949587
         535         0.4  0.00575701  0.00950678
         536        0.08  0.00589552  0.00949005
         537        0.36  0.00655493  0.00949526
         538        0.12   0.0067658  0.00947995
         539       -0.08  0.00660482  0.00946373
         540       -0.32       0.006  0.00946551
         541       -0.28  0.00547135  0.00946277
         542        -0.4  0.00472325  0.00947483
         543       -0.28   0.0041989  0.00947188
         544       -0.12  0.00397059  0.00945722
         545       -0.08  0.00381651  0.00944112
         546        0.36  0.00446886  0.00944634
         547        0.32   0.0050457  0.00944667
         548        0.48  0.00591241  0.00946911
         549        0.24   0.0063388  0.00946145
         550       -0.04  0.00625455  0.00944462
         551        0.12  0.00646098  0.00942974
         552         0.2  0.00681159  0.00941917
         553           0  0.00679928  0.00940215
         554         0.2  0.00714801  0.00939164
         555        0.16  0.00742342  0.00937876
         556        0.08  0.00755396   0.0093628
         557        0.04  0.00761221  0.00934617
         558       -0.44  0.00681004  0.00936378
         559       -0.08  0.00665474  0.00934832
         560        0.16  0.00692857  0.00933563
         561       -0.04  0.00684492  0.00931937
         562       -0.28  0.00633452  0.00931675
         563       -0.16  0.00603908  0.00930489
         564       -0.12   0.0058156  0.00929107
         565       -0.04  0.00573451  0.00927498
         566        -0.2  0.00537102  0.00926571
         567        0.08  0.00550265  0.00925031
         568        0.08   0.0056338  0.00923495
         569       -0.04   0.0055536  0.00921907
         570        -0.2  0.00519298  0.00920995
         571       -0.04  0.00511384  0.00919416
         572       -0.48  0.00426573  0.00921712
         573       -0.48  0.00342059   0.0092397
         574       -0.36  0.00278746  0.00924527
         575           0  0.00278261  0.00922919
         576        0.08  0.00291667  0.00921414
         577           0  0.00291161  0.00919817
         578       -0.32  0.00235294  0.00919921
         579       -0.44  0.00158895  0.00921499
         580       -0.48 0.000758621  0.00923643
         581       -0.36 0.000137694  0.00924139
         582           0 0.000137457  0.00922551
         583       -0.16-0.000137221  0.00921377
         584           0-0.000136986  0.00919799
         585       -0.08-0.000273504  0.00918328
         586        0.04-0.000204778  0.00916787
         587       -0.12-0.000408859  0.00915452
         588        0.12-0.000204082  0.00914124
         589        0.16 6.79117e-05  0.00912977
         590        0.08  0.00020339   0.0091153
         591         0.2 0.000541455  0.00910614
         592        0.16 0.000810811  0.00909474
         593        0.08 0.000944351  0.00908039
         594        0.08  0.00107744  0.00906608
         595        0.04  0.00114286  0.00905108
         596       -0.12 0.000939597  0.00903817
         597       -0.08  0.00080402  0.00902405
         598        0.16  0.00107023  0.00901288
         599        0.28  0.00153589  0.00900986
         600           0  0.00153333  0.00899484
         601        0.08  0.00166389  0.00898082
         602        0.16  0.00192691  0.00896976
         603           0  0.00192371  0.00895488
         604         0.2  0.00225166  0.00894606
         605        0.16   0.0025124  0.00893507
         606         0.4  0.00316832  0.00894437
         607       -0.12   0.0029654  0.00893193
         608           0  0.00296053  0.00891725
         609       -0.08   0.0028243  0.00890364
         610       -0.24  0.00242623  0.00889794
         611        0.12  0.00261866  0.00888546
         612        0.12  0.00281046  0.00887301
         613       -0.12  0.00261011   0.0088608
         614       -0.36  0.00201954  0.00886602
         615       -0.12  0.00182114  0.00885383
         616       -0.24  0.00142857  0.00884815
         617        -0.4 0.000777958   0.0088577
         618        -0.2 0.000453074  0.00884932
         619       -0.48-0.000323102    0.008869
         620       -0.32 -0.00083871  0.00886967
         621        -0.4 -0.00148148  0.00887865
         622        -0.4 -0.00212219  0.00888746
         623        0.08 -0.00199037  0.00887417
         624       -0.12 -0.00217949  0.00886197
         625       -0.16   -0.002432  0.00885139
         626       -0.36 -0.00300319  0.00885566
         627       -0.48 -0.00376396  0.00887415
         628       -0.28 -0.00420382  0.00887091
         629       -0.24  -0.0045787  0.00886473
         630           0 -0.00457143  0.00885066
         631        0.16 -0.00431062  0.00884048
         632        0.04 -0.00424051  0.00882677
         633       -0.24 -0.00461295  0.00882068
         634       -0.32 -0.00511041  0.00882078
         635       -0.16 -0.00535433  0.00881026
         636       -0.04 -0.00540881  0.00879658
         637       -0.16 -0.00565149  0.00878611
         638       -0.36  -0.0062069  0.00878988
         639       -0.24 -0.00657277  0.00878373
         640       -0.24  -0.0069375  0.00877758
         641       -0.12 -0.00711388  0.00876566
         642        -0.2 -0.00741433  0.00875715
         643       -0.44 -0.00808709  0.00876934
         644       -0.04 -0.00813665  0.00875586
         645       -0.04 -0.00818605  0.00874242
         646           0 -0.00817337   0.0087289
         647        0.12 -0.00797527  0.00871766
         648        -0.2  -0.0082716  0.00870924
         649       -0.28 -0.00869029  0.00870588
         650       -0.12 -0.00886154  0.00869417
         651       -0.28 -0.00927803  0.00869078
         652       -0.04 -0.00932515  0.00867758
         653       -0.12 -0.00949464  0.00866595
         654       -0.12 -0.00966361  0.00865434
         655       -0.12 -0.00983206  0.00864277
         656        -0.2   -0.010122  0.00863446
         657       -0.28  -0.0105327  0.00863108
         658       -0.16  -0.0107599  0.00862095
         659       -0.28  -0.0111684  0.00861754
         660       -0.16  -0.0113939  0.00860744
         661       -0.04  -0.0114372  0.00859452
         662           0  -0.0114199  0.00858156
         663        0.48  -0.0106787  0.00860056
         664        0.28   -0.010241  0.00859875
         665         0.4 -0.00962406  0.00860792
         666        0.36 -0.00906907  0.00861286
         667        0.48 -0.00833583  0.00863111
         668         0.4 -0.00772455  0.00863981
         669        0.28 -0.00729447  0.00863759
         670        0.12 -0.00710448  0.00862679
         671       -0.28 -0.00751118  0.00862351
         672       -0.36 -0.00803571  0.00862662
         673        0.16 -0.00778603  0.00861741
         674        0.32  -0.0072997  0.00861834
         675           0 -0.00728889  0.00860558
         676        0.12 -0.00710059  0.00859491
         677        0.04 -0.00703102  0.00858249
         678        0.04 -0.00696165  0.00857011
         679        0.16 -0.00671576  0.00856102
         680        0.36 -0.00617647   0.0085654
         681        0.24 -0.00581498  0.00856045
         682        0.52 -0.00504399  0.00858254
         683        0.32 -0.00456808  0.00858316
         684        0.16 -0.00432749  0.00857398
         685        0.16 -0.00408759  0.00856482
         686         0.2 -0.00379009   0.0085575
         687        0.04 -0.00372635  0.00854528
         688        0.04 -0.00366279   0.0085331
         689       -0.16  -0.0038897  0.00852373
         690        0.08 -0.00376812  0.00851224
         691        0.24 -0.00341534  0.00850723
         692         0.2 -0.00312139  0.00850002
         693       -0.04  -0.0031746  0.00848792
         694       -0.12 -0.00334294  0.00847736
         695       -0.16 -0.00356835  0.00846815
         696        0.12  -0.0033908  0.00845785
         697       -0.12 -0.00355811  0.00844737
         698           0 -0.00355301  0.00843527
         699           0 -0.00354793   0.0084232
         700       -0.16 -0.00377143  0.00841413
         701        0.16  -0.0035378  0.00840537
         702         0.2 -0.00324786   0.0083984
         703         0.2 -0.00295875  0.00839143
         704         0.2 -0.00267045  0.00838446
         705       -0.04  -0.0027234  0.00837273
         706       -0.16 -0.00294618  0.00836384
         707        0.12 -0.00277228  0.00835381
         708        0.08 -0.00265537  0.00834283
         709       -0.16 -0.00287729  0.00833402
         710       -0.24 -0.00321127  0.00832897
         711       -0.32 -0.00365682  0.00832916
         712       -0.24 -0.00398876  0.00832408
         713         0.2 -0.00370266  0.00831732
         714       -0.08 -0.00380952  0.00830635
         715       -0.04 -0.00386014  0.00829489
         716       -0.08 -0.00396648  0.00828399
         717       -0.08 -0.00407252  0.00827311
         718       -0.04 -0.00412256  0.00826174
         719        0.08 -0.00400556  0.00825108
         720           0      -0.004  0.00823962
         721        -0.2 -0.00427184  0.00823268
         722           0 -0.00426593  0.00822128
         723        0.24 -0.00392808  0.00821684
         724        0.44 -0.00331492  0.00822834
         725         0.6 -0.00248276  0.00825896
         726        0.04 -0.00242424  0.00824779
         727        0.32 -0.00198074  0.00824836
         728        0.16 -0.00175824  0.00824004
         729        0.36   -0.001262  0.00824366
         730        0.24-0.000931507  0.00823899
         731       -0.12 -0.00109439  0.00822933
         732       -0.16 -0.00131148  0.00822095
         733       -0.24 -0.00163711  0.00821618
         734        0.16 -0.00141689  0.00820794
         735        0.32-0.000979592  0.00820841
         736        0.04-0.000923913  0.00819745
         737        0.08-0.000814111  0.00818706
         738        0.04-0.000758808  0.00817615
         739       -0.08-0.000866035  0.00816579
         740        0.12-0.000702703  0.00815639
         741         0.2-0.000431849  0.00814988
         742        0.16-0.000215633  0.00814176
         743        0.28 0.000161507  0.00813954
         744        0.16 0.000376344  0.00813143
         745         0.2 0.000644295  0.00812493
         746        0.28  0.00101877  0.00812266
         747         0.2  0.00128514  0.00811616
         748        0.24  0.00160428  0.00811158
         749        0.52   0.0022964  0.00813022
         750        0.52  0.00298667  0.00814863
         751         0.2    0.003249    0.008142
         752         0.4   0.0037766  0.00814825
         753        0.24  0.00409031  0.00814347
         754        0.16  0.00429708  0.00813529
         755        0.04  0.00434437  0.00812465
         756        0.04  0.00439153  0.00811404
         757       -0.24  0.00406869  0.00810975
         758       -0.56  0.00332454  0.00813312
         759       -0.08  0.00321476  0.00812314
         760       -0.04  0.00315789  0.00811265
         761       -0.04  0.00310118  0.00810219
         762        0.16  0.00330709  0.00809417
         763       -0.04  0.00325033  0.00808376
         764       -0.24  0.00293194  0.00807945
         765        -0.2  0.00266667  0.00807324
         766       -0.36  0.00219321  0.00807657
         767       -0.32  0.00177314  0.00807696
         768       -0.36  0.00130208  0.00808017
         769       -0.32 0.000884265  0.00808046
         770       -0.32 0.000467532   0.0080807
         771        -0.2 0.000207523   0.0080744
         772        -0.2-5.18135e-05  0.00806811
         773        0.04 6.77732e-18  0.00805784
         774       -0.16-0.000206718  0.00805008
         775        0.16 6.76878e-18  0.00804234
         776       -0.04-5.15464e-05  0.00803215
         777       -0.04 -0.00010296  0.00802197
         778           0-0.000102828  0.00801166
         779           0-0.000102696  0.00800138
         780       -0.08-0.000205128  0.00799177
         781       -0.24-0.000512164  0.00798744
         782       -0.32-0.000920716  0.00798766
         783       -0.56 -0.00163474  0.00800931
         784       -0.24 -0.00193878  0.00800487
         785        -0.4 -0.00244586  0.00801071
         786       -0.24 -0.00274809  0.00800622
         787       -0.12 -0.00289708  0.00799743
         788       -0.08 -0.00299492  0.00798788
         789       -0.28 -0.00334601  0.00798547
         790        -0.2 -0.00359494  0.00797924
         791       -0.04 -0.00364096  0.00796929
         792       -0.08 -0.00373737  0.00795981
         793        0.12 -0.00358134   0.0079513
         794         0.2 -0.00332494  0.00794542
         795        0.04 -0.00327044  0.00793561
         796        0.32 -0.00286432  0.00793603
         797        0.16 -0.00265997   0.0079287
         798        0.08 -0.00255639  0.00791944
         799        0.12   -0.002403  0.00791101
         800        0.08     -0.0023   0.0079018
         801           0 -0.00229713  0.00789193
         802       -0.12 -0.00244389  0.00788346
         803           0 -0.00244085  0.00787364
         804         0.2 -0.00218905  0.00786787
         805           0 -0.00218634   0.0078581
         806       -0.08 -0.00228288  0.00784894
         807       -0.08 -0.00237918  0.00783981
         808       -0.24 -0.00267327  0.00783562
         809        -0.2 -0.00291718  0.00782973
         810       -0.04 -0.00296296  0.00782019
         811           0 -0.00295931  0.00781055
         812       -0.08 -0.00305419  0.00780151
         813        0.12 -0.00290283  0.00779338
         814        0.08 -0.00280098  0.00778447
         815        0.24 -0.00250307  0.00778062
         816       -0.12 -0.00264706  0.00777242
         817           0 -0.00264382  0.00776291
         818        0.04 -0.00259169  0.00775359
         819           0 -0.00258852  0.00774412
         820         0.2 -0.00234146  0.00773862
         821        0.04 -0.00228989  0.00772937
         822           0  -0.0022871  0.00771996
         823       -0.12 -0.00243013  0.00771191
         824        0.12 -0.00228155  0.00770398
         825       -0.28 -0.00261818  0.00770199
         826       -0.16 -0.00280872  0.00769502
         827       -0.16 -0.00299879  0.00768807
         828       -0.08 -0.00309179  0.00767934
         829        0.12 -0.00294331  0.00767152
         830       -0.04 -0.00298795   0.0076624
         831        0.24 -0.00269555  0.00765876
         832       -0.04 -0.00274038  0.00764969
         833        0.08 -0.00264106  0.00764115
         834        0.04 -0.00258993  0.00763216
         835        0.08 -0.00249102  0.00762366
         836       -0.16 -0.00267943  0.00761687
         837        0.24 -0.00238949  0.00761328
         838        0.08 -0.00229117  0.00760483
         839       -0.04 -0.00233611   0.0075959
         840       -0.04 -0.00238095  0.00758699
         841       -0.04 -0.00242568   0.0075781
         842       -0.16 -0.00261283  0.00757141
         843        0.12 -0.00246738  0.00756383
         844           0 -0.00246445  0.00755486
         845        0.24 -0.00217751  0.00755137
         846        0.36 -0.00174941  0.00755457
         847        -0.2 -0.00198347  0.00754928
         848       -0.16 -0.00216981  0.00754267
         849        -0.2 -0.00240283  0.00753739
         850       -0.28 -0.00272941  0.00753559
         851        -0.4 -0.00319624  0.00754118
         852        -0.2 -0.00342723  0.00753587
         853       -0.08   -0.003517  0.00752757
         854       -0.12  -0.0036534  0.00751999
         855       -0.28 -0.00397661  0.00751814
         856       -0.12 -0.00411215  0.00751058
         857       -0.28 -0.00443407  0.00750871
         858           0  -0.0044289  0.00749996
         859        0.08 -0.00433062  0.00749187
         860        0.08 -0.00423256   0.0074838
         861        0.16 -0.00404181  0.00747754
         862        0.56 -0.00338747  0.00749744
         863        0.48 -0.00282735  0.00750965
         864        0.16 -0.00263889  0.00750332
         865           0 -0.00263584  0.00749465
         866        -0.2 -0.00286374  0.00748946
         867       -0.16 -0.00304498  0.00748301
         868       -0.16 -0.00322581  0.00747657
         869       -0.24 -0.00349827  0.00747293
         870       -0.52 -0.00409195  0.00748789
         871       -0.32 -0.00445465  0.00748807
         872       -0.36 -0.00486239  0.00749058
         873       -0.04 -0.00490263   0.0074821
         874         0.2 -0.00466819  0.00747722
         875        0.16    -0.00448  0.00747104
         876       -0.04 -0.00452055  0.00746262
         877        0.12 -0.00437856  0.00745546
         878           0 -0.00437358  0.00744697
         879       -0.04 -0.00441411  0.00743861
         880           0 -0.00440909  0.00743016
         881        0.16 -0.00422247  0.00742407
         882         0.2 -0.00399093  0.00741926
         883        0.52 -0.00339751  0.00743455
         884         0.2 -0.00316742   0.0074297
         885        0.36 -0.00275706  0.00743263
         886        0.36 -0.00234763  0.00743551
         887        0.24 -0.00207441  0.00743214
         888        0.28 -0.00175676  0.00743056
         889        0.16  -0.0015748  0.00742443
         890        0.04 -0.00152809  0.00741623
         891       -0.24 -0.00179574  0.00741274
         892        0.24 -0.00152466  0.00740938
         893        0.16 -0.00134378  0.00740329
         894        0.08  -0.0012528  0.00739557
         895       -0.04 -0.00129609  0.00738744
         896       -0.04 -0.00133929  0.00737932
         897        0.24 -0.00107023  0.00737599
         898       -0.04 -0.00111359  0.00736791
         899           0 -0.00111235  0.00735971
         900       -0.08     -0.0012  0.00735206
         901        0.04 -0.00115427  0.00734404
         902       -0.08 -0.00124169  0.00733642
         903       -0.16  -0.0014175   0.0073304
         904       -0.32 -0.00176991  0.00733076
         905       -0.04 -0.00181215  0.00732278
         906        0.08 -0.00172185  0.00731525
         907           0 -0.00171996  0.00730719
         908        0.12  -0.0015859  0.00730037
         909        0.24 -0.00132013  0.00729717
         910         0.4-0.000879121  0.00730247
         911        0.48-0.000351262  0.00731351
         912        0.36 4.38596e-05  0.00731615
         913        0.32 0.000394304  0.00731653
         914        0.12 0.000525164  0.00730969
         915       -0.28 0.000218579  0.00730813
         916        -0.2 3.87851e-18  0.00730342
         917       -0.04-4.36205e-05  0.00729559
         918        0.04 3.87006e-18  0.00728777
         919           0 3.86585e-18  0.00727984
         920        0.08 8.69565e-05  0.00727245
         921        -0.2-0.000130293  0.00726779
         922        -0.2-0.000347072  0.00726314
         923        0.24-8.66739e-05  0.00725994
         924        0.08 3.82991e-18   0.0072526
         925         0.2 0.000216216  0.00724798
         926        0.16 0.000388769  0.00724221
         927        -0.2   0.0001726  0.00723762
         928        -0.2-4.31034e-05  0.00723304
         929        -0.6-0.000688913  0.00725402
         930        -0.6 -0.00133333  0.00727479
         931       -0.48 -0.00184748  0.00728512
         932       -0.44  -0.0023176  0.00729246
         933       -0.64 -0.00300107   0.0073166
         934       -0.16 -0.00316916   0.0073107
         935       -0.32 -0.00350802  0.00731073
         936       -0.16 -0.00367521  0.00730483
         937       -0.16 -0.00384205  0.00729894
         938        0.08 -0.00375267   0.0072917
         939       -0.16 -0.00391906  0.00728584
         940       -0.04 -0.00395745  0.00727819
         941        0.08 -0.00386823    0.007271
         942         0.2  -0.0036518   0.0072665
         943        0.12 -0.00352068  0.00725998
         944         0.2 -0.00330508  0.00725549
         945        0.36 -0.00292063  0.00725799
         946         0.2 -0.00270613  0.00725349
         947       -0.16 -0.00287223  0.00724773
         948        -0.2 -0.00308017  0.00724307
         949        -0.2 -0.00328767   0.0072384
         950        0.08     -0.0032  0.00723132
         951       -0.08 -0.00328076  0.00722416
         952       -0.24 -0.00352941  0.00722085
         953       -0.04 -0.00356768  0.00721338
         954         0.2  -0.0033543  0.00720897
         955        0.36 -0.00297382  0.00721146
         956        0.32 -0.00263598  0.00721182
         957        0.08 -0.00254963   0.0072048
         958        0.24 -0.00229645  0.00720173
         959       -0.12 -0.00241919  0.00719527
         960       -0.04 -0.00245833  0.00718788
         961        0.16 -0.00228928  0.00718239
         962         0.2   -0.002079    0.007178
         963        0.28 -0.00178609  0.00717652
         964         0.2 -0.00157676  0.00717212
         965       -0.04 -0.00161658   0.0071648
         966        0.24 -0.00136646  0.00716175
         967         0.2 -0.00115822  0.00715737
         968        0.08 -0.00107438  0.00715047
         969        0.24-0.000825593  0.00714742
         970       -0.08-0.000907216  0.00714051
         971        0.16-0.000741504  0.00713508
         972        0.04-0.000699588  0.00712786
         973           0-0.000698869  0.00712054
         974       -0.12-0.000821355  0.00711428
         975        -0.2 -0.00102564  0.00710992
         976       -0.24 -0.00127049  0.00710685
         977       -0.28 -0.00155578   0.0071053
         978       -0.48 -0.00204499  0.00711485
         979        -0.4 -0.00245148  0.00711919
         980       -0.28 -0.00273469  0.00711756
         981           0 -0.00273191   0.0071103
         982       -0.12 -0.00285132  0.00710406
         983        -0.4 -0.00325534  0.00710831
         984       -0.36 -0.00361789  0.00711033
         985        -0.4  -0.0040203  0.00711449
         986        0.12 -0.00389452  0.00710839
         987        0.16 -0.00372847  0.00710312
         988        0.36 -0.00336032  0.00710547
         989        0.36 -0.00299292  0.00710778
         990        0.44 -0.00254545  0.00711467
         991       -0.12 -0.00266398  0.00710848
         992        0.12 -0.00254032  0.00710238
         993        0.08  -0.0024572  0.00709572
         994           0 -0.00245473  0.00708858
         995        0.16 -0.00229146  0.00708334
         996        0.48 -0.00180723  0.00709276
         997        0.56 -0.00124373  0.00710799
         998        0.16 -0.00108216  0.00710271
         999           0 -0.00108108   0.0070956
        1000         0.2    -0.00088  0.00709135
        1001       -0.08-0.000959041   0.0070847
        1002       -0.12 -0.00107784  0.00707863
        1003           0 -0.00107677  0.00707157
        1004        0.12-0.000956175  0.00706556
        1005        0.16 -0.00079602  0.00706034
        1006        0.16-0.000636183  0.00705513
        1007        0.44 -0.00019861  0.00706168
        1008        0.16-3.96825e-05  0.00705647
        1009        0.04 3.29408e-18  0.00704958
        1010        0.16 0.000158416  0.00704438
        1011           0 0.000158259  0.00703742
        1012       -0.16 3.29117e-18  0.00703224
        1013        0.04 3.94867e-05  0.00702541
        1014        0.04 7.88955e-05  0.00701859
        1015           0 7.88177e-05  0.00701168
        1016       -0.08 3.27822e-18  0.00700522
        1017        0.16 0.000157325   0.0070001
        1018       -0.04 0.000117878  0.00699333
        1019        0.32 0.000431796  0.00699351
        1020         0.2 0.000627451  0.00698939
        1021         0.2 0.000822723  0.00698527
        1022        0.12 0.000939335  0.00697941
        1023        0.08  0.00101662  0.00697302
        1024       -0.24  0.00078125  0.00697018
        1025           0 0.000780488  0.00696338
        1026       -0.04 0.000740741   0.0069567
        1027       -0.28 0.000467381   0.0069553
        1028        -0.4  7.7821e-05  0.00695943
        1029       -0.24-0.000155491  0.00695658
        1030        0.04-0.000116505  0.00694994
        1031       -0.16-0.000271581  0.00694493
        1032       -0.36-0.000620155  0.00694694
        1033       -0.12-0.000735721  0.00694117
        1034       -0.12-0.000851064  0.00693542
        1035        -0.2 -0.00104348  0.00693139
        1036       -0.44 -0.00146718  0.00693763
        1037       -0.56 -0.00200579  0.00695182
        1038       -0.76 -0.00273603  0.00698337
        1039       -0.64 -0.00334937  0.00700353
        1040       -0.36 -0.00369231  0.00700519
        1041       -0.24 -0.00391931  0.00700214
        1042       -0.24 -0.00414587  0.00699908
        1043       -0.08  -0.0042186  0.00699275
        1044       -0.12  -0.0043295  0.00698693
        1045       -0.12 -0.00444019  0.00698112
        1046       -0.28 -0.00470363  0.00697942
        1047       -0.08 -0.00477555  0.00697312
        1048        -0.2 -0.00496183  0.00696895
        1049        0.04 -0.00491897  0.00696244
        1050        0.04 -0.00487619  0.00695594
        1051           0 -0.00487155  0.00694933
        1052        0.08 -0.00479087  0.00694319
        1053        -0.2 -0.00497626  0.00693907
        1054        -0.2 -0.00516129  0.00693495
        1055       -0.32 -0.00545972   0.0069348
        1056       -0.48 -0.00590909  0.00694278
        1057       -0.32 -0.00620624  0.00694256
        1058       -0.52 -0.00669187  0.00695296
        1059       -0.44 -0.00710104  0.00695843
        1060       -0.32 -0.00739623  0.00695812
        1061           0 -0.00738926  0.00695157
        1062        0.16 -0.00723164  0.00694681
        1063       -0.04 -0.00726246  0.00694034
        1064        0.08 -0.00718045   0.0069343
        1065        0.04 -0.00713615  0.00692793
        1066       -0.12 -0.00724203  0.00692224
        1067       -0.08 -0.00731022  0.00691609
        1068       -0.32   -0.007603  0.00691581
        1069        -0.4 -0.00797007  0.00691908
        1070       -0.44 -0.00837383  0.00692438
        1071       -0.24  -0.0085901  0.00692129
        1072       -0.36 -0.00891791  0.00692259
        1073           0  -0.0089096  0.00691615
        1074        0.12 -0.00878957  0.00691075
        1075        0.16 -0.00863256   0.0069061
        1076        0.36 -0.00828996  0.00690818
        1077        0.44 -0.00787372  0.00691429
        1078        0.04 -0.00782931  0.00690802
        1079           0 -0.00782206  0.00690162
        1080           0 -0.00781481  0.00689524
        1081        0.04 -0.00777058    0.006889
        1082        0.32 -0.00746765  0.00688929
        1083           0 -0.00746076  0.00688293
        1084        0.36 -0.00712177  0.00688492
        1085        0.08 -0.00704147  0.00687905
        1086        0.12 -0.00692449  0.00687371
        1087        -0.2 -0.00710212  0.00686968
        1088        0.12 -0.00698529  0.00686436
        1089        0.16 -0.00683196  0.00685977
        1090        -0.4 -0.00719266  0.00686295
        1091       -0.36 -0.00751604  0.00686427
        1092       -0.24 -0.00772894  0.00686129
        1093       -0.16 -0.00786825  0.00685643
        1094       -0.16 -0.00800731  0.00685157
        1095       -0.28 -0.00825571  0.00684981
        1096       -0.44 -0.00864964  0.00685488
        1097       -0.16  -0.0087876  0.00685002
        1098       -0.16 -0.00892532  0.00684517
        1099       -0.28 -0.00917197  0.00684338
        1100       -0.08 -0.00923636  0.00683746
        1101        0.04 -0.00919164   0.0068314
        1102         0.2 -0.00900181  0.00682784
        1103        0.12 -0.00888486  0.00682265
        1104        0.24 -0.00865942  0.00682019
        1105        0.36 -0.00832579  0.00682217
        1106        0.48 -0.00788427  0.00683028
        1107        0.28 -0.00762421  0.00682906
        1108        0.04 -0.00758123  0.00682303
        1109       -0.36 -0.00789901  0.00682427
        1110       -0.12      -0.008  0.00681887
        1111        0.08 -0.00792079  0.00681319
        1112       -0.24  -0.0081295  0.00681026
        1113       -0.36 -0.00844564  0.00681148
        1114       -0.56 -0.00894075  0.00682333
        1115       -0.52  -0.0093991  0.00683259
        1116       -0.36 -0.00971326  0.00683369
        1117       -0.32 -0.00999105  0.00683321
        1118        -0.2   -0.010161  0.00682921
        1119           0  -0.0101519  0.00682312
        1120        0.08  -0.0100714   0.0068175
        1121        0.04  -0.0100268  0.00681157
        1122        0.04 -0.00998217  0.00680564
        1123        0.16 -0.00983081  0.00680126
        1124        0.36 -0.00950178  0.00680317
        1125        0.28 -0.00924444  0.00680198
        1126        0.04 -0.00920071  0.00679608
        1127       -0.04 -0.00922804  0.00679011
        1128           0 -0.00921986  0.00678409
        1129       -0.08 -0.00928255  0.00677837
        1130        0.16 -0.00913274  0.00677403
        1131        0.16  -0.0089832  0.00676969
        1132           0 -0.00897527  0.00676372
        1133        0.24 -0.00875552  0.00676132
        1134       -0.16 -0.00888889  0.00675667
        1135        0.12 -0.00877533  0.00675167
        1136        0.16 -0.00862676  0.00674736
        1137        0.24 -0.00840809  0.00674497
        1138        0.04 -0.00836555  0.00673918
        1139           0 -0.00835821  0.00673326
        1140        0.08  -0.0082807   0.0067278
        1141       -0.04  -0.0083085  0.00672196
        1142           0 -0.00830123  0.00671608
        1143         0.2 -0.00811899  0.00671268
        1144         0.2 -0.00793706  0.00670928
        1145       -0.16 -0.00806987  0.00670473
        1146       -0.08 -0.00813264  0.00669917
        1147           0 -0.00812554  0.00669334
        1148       -0.08 -0.00818815   0.0066878
        1149       -0.28 -0.00842472  0.00668616
        1150        -0.2  -0.0085913  0.00668242
        1151       -0.08 -0.00865334   0.0066769
        1152        0.08 -0.00857639  0.00667155
        1153       -0.36 -0.00888118  0.00667272
        1154       -0.24 -0.00908146  0.00666995
        1155       -0.16 -0.00921212  0.00666545
        1156       -0.32 -0.00948097   0.0066651
        1157       -0.16 -0.00961106  0.00666061
        1158        0.16 -0.00946459  0.00665647
        1159       -0.12 -0.00955997  0.00665141
        1160        0.08 -0.00948276  0.00664613
        1161        0.24 -0.00926787  0.00664387
        1162        0.12 -0.00915663  0.00663909
        1163        0.36 -0.00883921  0.00664096
        1164        0.12 -0.00872852  0.00663618
        1165        0.04  -0.0086867  0.00663062
        1166       -0.12 -0.00878216  0.00662562
        1167       -0.32 -0.00904884   0.0066253
        1168       -0.16 -0.00917808  0.00662089
        1169       -0.04 -0.00920445  0.00661528
        1170        0.32 -0.00892308  0.00661561
        1171        0.32 -0.00864219  0.00661592
        1172        0.24 -0.00843003  0.00661367
        1173        0.24 -0.00821824  0.00661143
        1174         0.2 -0.00804089  0.00660817
        1175        0.28 -0.00779574  0.00660709
        1176        0.08 -0.00772109   0.0066019
        1177         0.2  -0.0075446  0.00659865
        1178        0.08 -0.00747029  0.00659346
        1179           0 -0.00746395  0.00658788
        1180        0.28 -0.00722034  0.00658679
        1181       -0.04 -0.00724809  0.00658128
        1182       -0.24 -0.00744501  0.00657865
        1183       -0.08 -0.00750634  0.00657338
        1184       -0.12 -0.00760135  0.00656851
        1185       -0.28 -0.00783122  0.00656699
        1186       -0.04 -0.00785835  0.00656151
        1187        0.28 -0.00761584  0.00656046
        1188        0.16 -0.00747475  0.00655646
        1189        0.16 -0.00733389  0.00655246
        1190           0 -0.00732773  0.00654695
        1191       -0.12 -0.00742233  0.00654214
        1192        0.08 -0.00734899  0.00653706
        1193        0.24 -0.00714166  0.00653487
        1194        0.04 -0.00710218  0.00652952
        1195       -0.12 -0.00719665  0.00652473
        1196           0 -0.00719064  0.00651928
        1197           0 -0.00718463  0.00651384
        1198        0.28 -0.00694491  0.00651281
        1199        0.32 -0.00667223  0.00651308
        1200       -0.24 -0.00686667  0.00651056
        1201       -0.16 -0.00699417  0.00650639
        1202         0.2 -0.00682196  0.00650325
        1203        0.16 -0.00668329  0.00649932
        1204       -0.12 -0.00677741  0.00649461
        1205           0 -0.00677178  0.00648922
        1206       -0.32 -0.00703151  0.00648903
        1207       -0.16 -0.00715824   0.0064849
        1208        0.12 -0.00705298  0.00648038
        1209       -0.12  -0.0071464   0.0064757
        1210       -0.52 -0.00757025   0.0064842
        1211        -0.6 -0.00805945  0.00649727
        1212       -0.72 -0.00864686  0.00651841
        1213       -0.48 -0.00903545  0.00652461
        1214       -0.32  -0.0092916  0.00652426
        1215       -0.08 -0.00934979  0.00651915
        1216        0.04 -0.00930921  0.00651392
        1217       -0.16 -0.00943303  0.00650974
        1218           0 -0.00942529   0.0065044
        1219           0 -0.00941756  0.00649907
        1220        0.04 -0.00937705  0.00649387
        1221        0.16 -0.00923833  0.00649003
        1222        0.08  -0.0091653  0.00648513
        1223           0 -0.00915781  0.00647983
        1224        0.04 -0.00911765  0.00647466
        1225       -0.08 -0.00917551  0.00646964
        1226           0 -0.00916803  0.00646436
        1227       -0.08 -0.00922575  0.00645935
        1228       -0.16 -0.00934853  0.00645526
        1229       -0.68 -0.00989422  0.00647303
        1230       -0.36  -0.0101789  0.00647402
        1231       -0.04  -0.0102031  0.00646881
        1232        0.04  -0.0101623  0.00646369
        1233         0.2 -0.00999189  0.00646069
        1234        0.32 -0.00972447  0.00646099
        1235         0.4 -0.00939271  0.00646427
        1236        0.28 -0.00915858  0.00646328
        1237        0.04 -0.00911884  0.00645818
        1238        0.12 -0.00901454   0.0064538
        1239       -0.04 -0.00903955  0.00644864
        1240           0 -0.00903226  0.00644344
        1241       -0.28  -0.0092506  0.00644195
        1242       -0.16 -0.00937198  0.00643791
        1243       -0.16 -0.00949316  0.00643387
        1244       -0.12 -0.00958199  0.00642931
        1245        0.16 -0.00944578  0.00642559
        1246        0.32 -0.00918138  0.00642587
        1247        0.08 -0.00910986  0.00642111
        1248        0.28 -0.00887821  0.00642015
        1249        0.24 -0.00867894   0.0064181
        1250        0.24    -0.00848  0.00641605
        1251         0.2 -0.00831335  0.00641308
        1252        0.48 -0.00792332  0.00641981
        1253        0.36 -0.00762969   0.0064214
        1254        0.16 -0.00749601  0.00641767
        1255       -0.16 -0.00761753   0.0064137
        1256        0.12 -0.00751592   0.0064094
        1257       -0.12 -0.00760541  0.00640493
        1258        -0.2 -0.00775835  0.00640166
        1259        0.04 -0.00772041  0.00639669
        1260        0.32 -0.00746032   0.0063969
        1261        0.28 -0.00723236  0.00639589
        1262         0.6 -0.00675119  0.00640889
        1263        0.44 -0.00639747  0.00641357
        1264        0.28 -0.00617089   0.0064125
        1265        0.12 -0.00607115   0.0064082
        1266       -0.08 -0.00612954  0.00640341
        1267       -0.12 -0.00621942  0.00639899
        1268       -0.16 -0.00634069  0.00639509
        1269        -0.2  -0.0064933  0.00639187
        1270        0.12  -0.0063937  0.00638761
        1271       -0.28 -0.00660897  0.00638621
        1272       -0.28  -0.0068239  0.00638481
        1273       -0.52 -0.00722702  0.00639251
        1274       -0.44 -0.00756672  0.00639651
        1275       -0.24 -0.00774902  0.00639409
        1276       -0.28 -0.00796238  0.00639264
        1277       -0.32 -0.00820673   0.0063923
        1278        -0.2 -0.00835681  0.00638906
        1279        -0.4 -0.00866302   0.0063914
        1280       -0.36  -0.0089375  0.00639229
        1281        0.04  -0.0088993  0.00638742
        1282       -0.08 -0.00895476  0.00638268
        1283       -0.04 -0.00897896  0.00637775
        1284         0.2  -0.0088162  0.00637486
        1285        0.24 -0.00862257  0.00637284
        1286        0.32 -0.00836703    0.006373
        1287        0.32 -0.00811189  0.00637315
        1288        0.36 -0.00782609  0.00637461
        1289        0.08 -0.00775795  0.00637003
        1290        0.32 -0.00750388  0.00637016
        1291        0.48 -0.00712626  0.00637641
        1292        0.16  -0.0069969  0.00637278
        1293        0.08 -0.00692962  0.00636821
        1294        0.24 -0.00673879  0.00636615
        1295        0.36  -0.0064556  0.00636753
        1296        0.24 -0.00626543  0.00636545
        1297        0.04 -0.00622976  0.00636064
        1298       -0.08 -0.00628659    0.006356
        1299           0 -0.00628176  0.00635111
        1300        0.28 -0.00606154  0.00635004
        1301        0.16  -0.0059339  0.00634644
        1302       -0.08 -0.00599078  0.00634182
        1303       -0.12 -0.00607828  0.00633756
        1304       -0.28 -0.00628834  0.00633618
        1305       -0.16 -0.00640613  0.00633242
        1306       -0.24 -0.00658499  0.00633009
        1307       -0.48 -0.00694721   0.0063356
        1308        -0.2  -0.0070948  0.00633248
        1309       -0.32 -0.00733384  0.00633215
        1310       -0.16 -0.00745038  0.00632839
        1311        -0.2 -0.00759725  0.00632527
        1312       -0.28 -0.00780488  0.00632385
        1313       -0.48 -0.00816451  0.00632925
        1314       -0.32 -0.00840183  0.00632889
        1315           0 -0.00839544  0.00632408
        1316       -0.04 -0.00841945  0.00631932
        1317           0 -0.00841306  0.00631452
        1318       -0.16 -0.00852807  0.00631078
        1319           0 -0.00852161    0.006306
        1320        0.04 -0.00848485  0.00630133
        1321       -0.04 -0.00850871   0.0062966
        1322        -0.2 -0.00865356   0.0062935
        1323       -0.04 -0.00867725  0.00628879
        1324       -0.28 -0.00888218  0.00628738
        1325       -0.36 -0.00914717  0.00628822
        1326        -0.2  -0.0092911  0.00628512
        1327       -0.12 -0.00937453  0.00628094
        1328       -0.32 -0.00960843  0.00628056
        1329       -0.28 -0.00981189  0.00627913
        1330       -0.04 -0.00983459  0.00627445
        1331        0.08 -0.00976709   0.0062701
        1332        0.04 -0.00972973   0.0062655
        1333        0.08 -0.00966242  0.00626117
        1334           0 -0.00965517  0.00625648
        1335       -0.08 -0.00970787  0.00625201
        1336       -0.28 -0.00991018   0.0062506
        1337       -0.32  -0.0101421  0.00625023
        1338        0.08  -0.0100747  0.00624592
        1339       -0.04  -0.0100971   0.0062413
        1340        0.08  -0.0100299    0.006237
        1341         0.2 -0.00987323  0.00623432
        1342        0.28 -0.00965723  0.00623341
        1343         0.2 -0.00950112  0.00623073
        1344         0.2 -0.00934524  0.00622804
        1345           0 -0.00933829  0.00622341
        1346       -0.08 -0.00939079  0.00621901
        1347       -0.24 -0.00956199  0.00621675
        1348       -0.16 -0.00967359  0.00621314
        1349       -0.44 -0.00999259  0.00621672
        1350       -0.24   -0.010163  0.00621445
        1351       -0.08  -0.0102147  0.00621006
        1352       -0.24  -0.0103846  0.00620779
        1353       -0.12  -0.0104656  0.00620373
        1354        -0.2  -0.0106056  0.00620073
        1355        -0.4   -0.010893  0.00620281
        1356       -0.48  -0.0112389  0.00620788
        1357       -0.04  -0.0112601  0.00620334
        1358       -0.32  -0.0114875  0.00620293
        1359        -0.4  -0.0117734  0.00620495
        1360       -0.32      -0.012  0.00620453
        1361       -0.28  -0.0121969   0.0062031
        1362       -0.28  -0.0123935  0.00620166
        1363           0  -0.0123844  0.00619711
        1364           0  -0.0123754  0.00619258
        1365        0.16  -0.0122491  0.00618933
        1366       -0.12   -0.012328   0.0061853
        1367       -0.44  -0.0126408  0.00618868
        1368        -0.4   -0.012924  0.00619063
        1369       -0.24  -0.0130898  0.00618833
        1370        -0.2  -0.0132263  0.00618532
        1371        -0.4  -0.0135084  0.00618724
        1372        -0.2  -0.0136443  0.00618422
        1373           0  -0.0136344  0.00617972
        1374        0.04  -0.0135953  0.00617535
        1375        0.28  -0.0133818  0.00617455
        1376        0.36  -0.0131105  0.00617602
        1377        0.28  -0.0128976   0.0061752
        1378        0.08  -0.0128302  0.00617109
        1379           0  -0.0128209  0.00616662
        1380       -0.04  -0.0128406  0.00616218
        1381           0  -0.0128313  0.00615773
        1382       -0.04  -0.0128509  0.00615331
        1383       -0.16  -0.0129573  0.00614978
        1384         0.2  -0.0128035  0.00614726
        1385        0.28  -0.0125921  0.00614645
        1386        0.04  -0.0125541  0.00614214
        1387        0.08  -0.0124874  0.00613807
        1388        0.24  -0.0123055  0.00613634
        1389           0  -0.0122966  0.00613193
        1390           0  -0.0122878  0.00612753
        1391        -0.2  -0.0124227  0.00612461
        1392        -0.4  -0.0127011  0.00612653
        1393       -0.04  -0.0127207  0.00612217
        1394       -0.04  -0.0127403   0.0061178
        1395       -0.24  -0.0129032  0.00611559
        1396       -0.32  -0.0131232  0.00611516
        1397       -0.32  -0.0133429  0.00611473
        1398       -0.24   -0.013505   0.0061125
        1399        -0.4  -0.0137813  0.00611437
        1400       -0.16  -0.0138857   0.0061109
        1401       -0.08  -0.0139329  0.00610672
        1402       -0.16  -0.0140371  0.00610325
        1403       -0.04  -0.0140556  0.00609893
        1404        -0.2   -0.014188  0.00609602
        1405       -0.08  -0.0142349  0.00609187
        1406       -0.04  -0.0142532  0.00608756
        1407        0.16  -0.0141294  0.00608449
        1408        0.12  -0.0140341  0.00608092
        1409         0.2  -0.0138822   0.0060785
        1410         0.4  -0.0135887  0.00608127
        1411        0.08  -0.0135223  0.00607732
        1412         0.2  -0.0133711   0.0060749
        1413        0.12  -0.0132767  0.00607133
        1414       -0.08  -0.0133239  0.00606722
        1415       -0.24  -0.0134841  0.00606505
        1416       -0.08  -0.0135311  0.00606095
        1417         0.2  -0.0133804  0.00605854
        1418        0.04  -0.0133427  0.00605439
        1419       -0.16  -0.0134461    0.006051
        1420        0.16  -0.0133239  0.00604798
        1421        0.12  -0.0132301  0.00604445
        1422        0.04  -0.0131927  0.00604031
        1423        0.12  -0.0130991  0.00603679
        1424        0.36  -0.0128371  0.00603824
        1425        0.16  -0.0127158  0.00603522
        1426           0  -0.0127069  0.00603099
        1427       -0.16  -0.0128101  0.00602765
        1428        -0.2  -0.0129412  0.00602485
        1429       -0.12  -0.0130161   0.0060211
        1430        0.04   -0.012979  0.00601701
        1431        0.24  -0.0128022   0.0060154
        1432        0.24  -0.0126257  0.00601379
        1433        0.36  -0.0123657  0.00601521
        1434        0.44  -0.0120502  0.00601928
        1435       -0.08  -0.0120976  0.00601527
        1436        0.12  -0.0120056  0.00601179
        1437        0.04  -0.0119694  0.00600771
        1438        0.24  -0.0117942  0.00600609
        1439       -0.04  -0.0118138  0.00600195
        1440        -0.4  -0.0120833  0.00600383
        1441       -0.12  -0.0121582  0.00600013
        1442       -0.28   -0.012344  0.00599884
        1443       -0.24  -0.0125017  0.00599676
        1444       -0.16  -0.0126039  0.00599348
        1445       -0.52   -0.012955  0.00599961
        1446       -0.48   -0.013278  0.00600415
        1447        -0.4  -0.0135453  0.00600594
        1448       -0.32  -0.0137569  0.00600552
        1449       -0.08  -0.0138026  0.00600155
        1450       -0.32  -0.0140138  0.00600113
        1451       -0.36  -0.0142522  0.00600173
        1452        -0.2  -0.0143802  0.00599896
        1453        0.08  -0.0143152  0.00599518
        1454         0.2  -0.0141678  0.00599287
        1455        0.28  -0.0139656  0.00599216
        1456         0.2  -0.0138187  0.00598984
        1457         0.2  -0.0136719  0.00598753
        1458       -0.16  -0.0137723  0.00598427
        1459       -0.12  -0.0138451  0.00598061
        1460        0.04  -0.0138082  0.00597662
        1461        0.28  -0.0136071  0.00597592
        1462        0.32  -0.0133789  0.00597618
        1463        0.32  -0.0131511  0.00597644
        1464       -0.08  -0.0131967  0.00597253
        1465       -0.24  -0.0133515  0.00597046
        1466       -0.24  -0.0135061  0.00596839
        1467       -0.24  -0.0136605  0.00596632
        1468       -0.48  -0.0139782  0.00597071
        1469       -0.56  -0.0143499   0.0059782
        1470       -0.44  -0.0146395  0.00598114
        1471       -0.16  -0.0147383  0.00597789
        1472       -0.32  -0.0149457  0.00597743
        1473       -0.36  -0.0151799  0.00597796
        1474       -0.32  -0.0153867  0.00597748
        1475        -0.2  -0.0155119  0.00597474
        1476           0  -0.0155014   0.0059707
        1477        0.12  -0.0154096  0.00596736
        1478       -0.04  -0.0154263  0.00596334
        1479       -0.04  -0.0154429  0.00595934
        1480           0  -0.0154324  0.00595532
        1481        0.16   -0.015314  0.00595248
        1482           0  -0.0153036  0.00594847
        1483           0  -0.0152933  0.00594447
        1484       -0.12  -0.0153639  0.00594088
        1485       -0.12  -0.0154343   0.0059373
        1486       -0.28  -0.0156124  0.00593597
        1487       -0.44  -0.0158978  0.00593883
        1488       -0.28  -0.0160753  0.00593749
        1489        -0.4  -0.0163331   0.0059391
        1490        -0.6  -0.0167248  0.00594802
        1491       -0.44  -0.0170087   0.0059508
        1492       -0.32  -0.0172118  0.00595028
        1493       -0.36  -0.0174414  0.00595072
        1494       -0.04  -0.0174565  0.00594676
        1495       -0.16  -0.0175518  0.00594354
        1496       -0.04  -0.0175668  0.00593959
        1497        0.04  -0.0175284  0.00593575
        1498        0.08  -0.0174633  0.00593214
        1499       -0.04  -0.0174783   0.0059282
        1500       -0.12  -0.0175467  0.00592464
        1501       -0.04  -0.0175616  0.00592072
        1502           0  -0.0175499  0.00591679
        1503        0.04  -0.0175116  0.00591297
        1504       -0.16  -0.0176064   0.0059098
        1505       -0.32  -0.0178073  0.00590929
        1506       -0.28  -0.0179814  0.00590793
        1507       -0.52  -0.0183145  0.00591339
        1508       -0.32  -0.0185146  0.00591285
        1509       -0.48  -0.0188204  0.00591684
        1510       -0.16  -0.0189139  0.00591366
        1511        -0.4  -0.0191661  0.00591512
        1512       -0.32  -0.0193651  0.00591455
        1513       -0.32  -0.0195638  0.00591398
        1514       -0.16  -0.0196565   0.0059108
        1515        0.12  -0.0195644  0.00590762
        1516           0  -0.0195515  0.00590374
        1517        0.32  -0.0193276  0.00590409
        1518        0.44   -0.019025  0.00590795
        1519         0.6  -0.0186175   0.0059181
        1520        0.32  -0.0183947  0.00591839
        1521         0.2  -0.0182512  0.00591624
        1522        0.08  -0.0181866  0.00591271
        1523        0.28  -0.0179908  0.00591207
        1524        0.08  -0.0179265  0.00590854
        1525        0.04  -0.0178885  0.00590479
        1526        0.04  -0.0178506  0.00590104
        1527         0.2  -0.0177079   0.0058989
        1528        0.12  -0.0176178  0.00589573
        1529         0.2  -0.0174755  0.00589359
        1530        0.24  -0.0173072  0.00589214
        1531        0.32  -0.0170869  0.00589241
        1532        0.36  -0.0168407   0.0058937
        1533        0.32   -0.016621  0.00589395
        1534        0.04  -0.0165841  0.00589022
        1535       -0.12  -0.0166515  0.00588677
        1536        0.16  -0.0165365  0.00588406
        1537       -0.12  -0.0166038  0.00588062
        1538        -0.4  -0.0168531  0.00588208
        1539        -0.2  -0.0169721  0.00587946
        1540           0   -0.016961  0.00587565
        1541       -0.16  -0.0170539  0.00587257
        1542       -0.44  -0.0173281  0.00587516
        1543       -0.48   -0.017628    0.005879
        1544       -0.28  -0.0177979  0.00587765
        1545       -0.08  -0.0178382  0.00587398
        1546           0  -0.0178266   0.0058702
        1547        0.04  -0.0177893  0.00586652
        1548        0.04  -0.0177519  0.00586285
        1549           0  -0.0177405  0.00585908
        1550       -0.08  -0.0177806  0.00585543
        1551        0.08  -0.0177176    0.005852
        1552        0.16  -0.0176031  0.00584935
        1553           0  -0.0175918  0.00584559
        1554       -0.48  -0.0178893   0.0058494
        1555       -0.12   -0.017955  0.00584601
        1556       -0.24  -0.0180977  0.00584399
        1557           0  -0.0180861  0.00584025
        1558        0.32  -0.0178691  0.00584053
        1559        0.04  -0.0178319   0.0058369
        1560        0.16  -0.0177179  0.00583427
        1561        0.12  -0.0176297   0.0058312
        1562        -0.2  -0.0177465  0.00582864
        1563           0  -0.0177351  0.00582492
        1564        -0.2  -0.0178517  0.00582236
        1565        0.12  -0.0177636  0.00581931
        1566        0.24   -0.017599  0.00581792
        1567        0.24  -0.0174346  0.00581653
        1568        0.36  -0.0171939   0.0058178
        1569        0.08  -0.0171319  0.00581442
        1570        0.12  -0.0170446  0.00581137
        1571           0  -0.0170337  0.00580768
        1572        0.08   -0.016972  0.00580432
        1573        0.12  -0.0168849  0.00580128
        1574        0.16  -0.0167726  0.00579868
        1575         0.2  -0.0166349  0.00579663
        1576        0.16  -0.0165228  0.00579404
        1577        0.04   -0.016487  0.00579048
        1578        0.32  -0.0162738  0.00579073
        1579        0.44  -0.0159848  0.00579427
        1580        0.48  -0.0156709   0.0057991
        1581       -0.28  -0.0158381  0.00579784
        1582        -0.2  -0.0159545  0.00579534
        1583       -0.16  -0.0160455   0.0057924
        1584       -0.36  -0.0162626  0.00579281
        1585        -0.2  -0.0163785  0.00579031
        1586       -0.32    -0.01657  0.00578983
        1587       -0.04  -0.0165848   0.0057862
        1588       -0.12  -0.0166499  0.00578292
        1589       -0.08  -0.0166897  0.00577942
        1590       -0.04  -0.0167044   0.0057758
        1591       -0.36  -0.0169202   0.0057762
        1592       -0.36  -0.0171357  0.00577659
        1593        0.36  -0.0168989  0.00577781
        1594         0.4  -0.0166374  0.00578011
        1595        0.24  -0.0164765  0.00577872
        1596       -0.16  -0.0165664   0.0057758
        1597       -0.24  -0.0167063  0.00577388
        1598        -0.4  -0.0169462  0.00577524
        1599       -0.16  -0.0170356  0.00577233
        1600        0.04      -0.017  0.00576883
        1601           0  -0.0169894  0.00576523
        1602         0.2  -0.0168539  0.00576323
        1603        0.16  -0.0167436  0.00576069
        1604        0.04  -0.0167082   0.0057572
        1605        0.08   -0.016648  0.00575393
        1606       -0.16  -0.0167372  0.00575104
        1607       -0.12  -0.0168015  0.00574782
        1608       -0.16  -0.0168905  0.00574494
        1609       -0.16  -0.0169795  0.00574206
        1610        0.04  -0.0169441   0.0057386
        1611        0.04  -0.0169088  0.00573514
        1612        0.16   -0.016799  0.00573264
        1613       -0.12   -0.016863  0.00572944
        1614       -0.24  -0.0170012  0.00572756
        1615        -0.2  -0.0171146  0.00572513
        1616        -0.2  -0.0172277  0.00572271
        1617       -0.08  -0.0172665   0.0057193
        1618       -0.24  -0.0174042  0.00571742
        1619       -0.28  -0.0175664  0.00571619
        1620       -0.12  -0.0176296  0.00571301
        1621       -0.24  -0.0177668  0.00571113
        1622        -0.2  -0.0178792  0.00570872
        1623       -0.28  -0.0180407  0.00570749
        1624       -0.32  -0.0182266    0.005707
        1625       -0.04    -0.01824   0.0057035
        1626       -0.08   -0.018278  0.00570012
        1627        0.08  -0.0182176  0.00569694
        1628        0.08  -0.0181572  0.00569376
        1629       -0.12  -0.0182198  0.00569061
        1630       -0.28  -0.0183804  0.00568938
        1631       -0.12  -0.0184427  0.00568623
        1632       -0.12  -0.0185049  0.00568309
        1633       -0.32  -0.0186895  0.00568261
        1634       -0.12  -0.0187515  0.00567947
        1635       -0.44  -0.0190092  0.00568184
        1636       -0.24  -0.0191443  0.00567997
        1637           0  -0.0191326  0.00567651
        1638        0.24  -0.0189744  0.00567525
        1639        0.32  -0.0187675  0.00567555
        1640        0.28  -0.0185854  0.00567502
        1641        0.12  -0.0185009  0.00567219
        1642       -0.12  -0.0185627  0.00566907
        1643       -0.12  -0.0186245  0.00566595
        1644       -0.16  -0.0187105  0.00566316
        1645       -0.48  -0.0189909  0.00566666
        1646       -0.48   -0.019271  0.00567013
        1647       -0.52   -0.019575  0.00567483
        1648       -0.32  -0.0197573  0.00567432
        1649        -0.2  -0.0198666  0.00567193
        1650         0.2  -0.0197333  0.00567006
        1651        0.08  -0.0196729  0.00566694
        1652       -0.08  -0.0197094  0.00566363
        1653        0.08  -0.0196491  0.00566052
        1654        0.08  -0.0195889  0.00565742
        1655        0.28  -0.0194079   0.0056569
        1656        0.52  -0.0190821  0.00566285
        1657        0.44  -0.0188051  0.00566621
        1658       -0.08   -0.018842  0.00566291
        1659        0.04  -0.0188065  0.00565961
        1660        0.12  -0.0187229  0.00565682
        1661        0.28   -0.018543  0.00565627
        1662        0.12  -0.0184597  0.00565348
        1663        0.16  -0.0183524   0.0056511
        1664           0  -0.0183413  0.00564772
        1665           0  -0.0183303  0.00564433
        1666        0.04  -0.0182953  0.00564105
        1667       -0.08  -0.0183323  0.00563779
        1668       -0.12  -0.0183933  0.00563474
        1669       -0.12  -0.0184542  0.00563169
        1670       -0.32  -0.0186347  0.00563122
        1671       -0.24  -0.0187672   0.0056294
        1672        -0.2  -0.0188756  0.00562708
        1673        0.16  -0.0187687  0.00562473
        1674        0.24  -0.0186141   0.0056235
        1675        0.16  -0.0185075  0.00562115
        1676        0.08  -0.0184487   0.0056181
        1677        0.24  -0.0182946  0.00561687
        1678        0.12  -0.0182122  0.00561412
        1679       -0.12  -0.0182728  0.00561111
        1680       -0.12  -0.0183333  0.00560809
        1681        0.16  -0.0182272  0.00560576
        1682         0.2  -0.0180975  0.00560393
        1683        0.36  -0.0178728   0.0056051
        1684       -0.12  -0.0179335   0.0056021
        1685        -0.4  -0.0181602  0.00560336
        1686       -0.48  -0.0184342  0.00560673
        1687        -0.2  -0.0185418  0.00560444
        1688       -0.44  -0.0187915  0.00560668
        1689       -0.36  -0.0189935    0.005607
        1690       -0.24  -0.0191243  0.00560521
        1691       -0.32  -0.0193022  0.00560471
        1692       -0.36  -0.0195035  0.00560502
        1693       -0.36  -0.0197047  0.00560531
        1694       -0.16  -0.0197875  0.00560262
        1695       -0.08   -0.019823  0.00559942
        1696        0.04  -0.0197877  0.00559623
        1697        0.08  -0.0197289  0.00559325
        1698       -0.08  -0.0197644  0.00559006
        1699       -0.16   -0.019847  0.00558738
        1700       -0.12  -0.0199059  0.00558441
        1701       -0.08  -0.0199412  0.00558124
        1702        0.08  -0.0198825  0.00557827
        1703       -0.32  -0.0200587  0.00557777
        1704           0  -0.0200469  0.00557451
        1705        0.08  -0.0199883  0.00557155
        1706       -0.08  -0.0200234   0.0055684
        1707        0.04  -0.0199883  0.00556525
        1708           0  -0.0199766    0.005562
        1709        0.12  -0.0198947  0.00555935
        1710       -0.24  -0.0200234  0.00555759
        1711       -0.04  -0.0200351  0.00555435
        1712        0.08  -0.0199766  0.00555141
        1713       -0.12   -0.020035  0.00554848
        1714       -0.12  -0.0200933  0.00554555
        1715       -0.04   -0.020105  0.00554233
        1716       -0.16  -0.0201865   0.0055397
        1717        -0.2  -0.0202912  0.00553746
        1718       -0.44  -0.0205355  0.00553962
        1719       -0.32  -0.0207097  0.00553914
        1720       -0.16  -0.0207907  0.00553651
        1721       -0.16  -0.0208716  0.00553389
        1722       -0.56  -0.0211847  0.00553952
        1723       -0.56  -0.0214974  0.00554513
        1724       -0.52  -0.0217865  0.00554944
        1725       -0.32  -0.0219594  0.00554892
        1726       -0.08   -0.021993  0.00554581
        1727       -0.04  -0.0220035   0.0055426
        1728       -0.08   -0.022037   0.0055395
        1729        0.08   -0.021978  0.00553661
        1730        0.12   -0.021896  0.00553402
        1731        0.08  -0.0218371  0.00553113
        1732        0.08  -0.0217783  0.00552825
        1733        0.04  -0.0217426  0.00552518
        1734           0  -0.0217301    0.005522
        1735       -0.24  -0.0218559  0.00552025
        1736        0.04  -0.0218203  0.00551719
        1737        0.08  -0.0217617  0.00551432
        1738         0.2  -0.0216341  0.00551263
        1739       -0.16  -0.0217136  0.00551003
        1740        0.32  -0.0215172  0.00551036
        1741        0.08  -0.0214589  0.00550751
        1742        0.12  -0.0213777  0.00550494
        1743       -0.04  -0.0213884   0.0055018
        1744       -0.24  -0.0215138  0.00550007
        1745       -0.16  -0.0215931  0.00549749
        1746        -0.4  -0.0218099  0.00549861
        1747       -0.08  -0.0218432  0.00549557
        1748           0  -0.0218307  0.00549244
        1749        0.04  -0.0217953  0.00548941
        1750       -0.08  -0.0218286  0.00548637
        1751       -0.24  -0.0219532  0.00548465
        1752       -0.16   -0.022032  0.00548209
        1753           0  -0.0220194  0.00547898
        1754           0  -0.0220068  0.00547587
        1755           0  -0.0219943  0.00547276
        1756        0.16  -0.0218907  0.00547063
        1757       -0.12  -0.0219465   0.0054678
        1758        0.04  -0.0219113   0.0054648
        1759       -0.12   -0.021967  0.00546198
        1760        0.04  -0.0219318  0.00545899
        1761       -0.08  -0.0219648  0.00545599
        1762       -0.28  -0.0221112  0.00545486
        1763       -0.44  -0.0223483  0.00545691
        1764       -0.36  -0.0225397  0.00545717
        1765       -0.36  -0.0227309  0.00545743
        1766       -0.24  -0.0228539  0.00545573
        1767       -0.12  -0.0229089  0.00545292
        1768        0.04  -0.0228733  0.00544995
        1769        0.12  -0.0227925  0.00544747
        1770       -0.12  -0.0228475  0.00544466
        1771       -0.12  -0.0229023  0.00544187
        1772        0.12  -0.0228217  0.00543939
        1773       -0.08  -0.0228539  0.00543642
        1774       -0.08  -0.0228861  0.00543345
        1775       -0.12  -0.0229408  0.00543067
        1776       -0.04  -0.0229505  0.00542762
        1777        0.08  -0.0228925  0.00542487
        1778       -0.24  -0.0230146  0.00542319
        1779       -0.08  -0.0230467  0.00542024
        1780           0  -0.0230337  0.00541721
        1781        0.08  -0.0229759  0.00541448
        1782        0.16  -0.0228732  0.00541241
        1783       -0.16  -0.0229501  0.00540992
        1784           0  -0.0229372  0.00540691
        1785        0.04   -0.022902  0.00540399
        1786        0.28  -0.0227324  0.00540363
        1787       -0.12  -0.0227868  0.00540088
        1788       -0.04  -0.0227964  0.00539787
        1789       -0.28  -0.0229402  0.00539676
        1790        0.08  -0.0228827  0.00539405
        1791        0.12  -0.0228029  0.00539163
        1792        0.36  -0.0225893  0.00539285
        1793        0.52  -0.0222867  0.00539833
        1794         0.2  -0.0221628  0.00539674
        1795         0.2   -0.022039  0.00539516
        1796        0.56  -0.0217149  0.00540188
        1797        0.36  -0.0215025  0.00540304
        1798        0.28  -0.0213348  0.00540264
        1799        0.24  -0.0211895  0.00540159
        1800        0.08  -0.0211333  0.00539888
        1801        0.12   -0.021055  0.00539645
        1802        0.28  -0.0208879  0.00539604
        1803        0.36  -0.0206767  0.00539718
        1804        0.36  -0.0204656  0.00539832
        1805       -0.08  -0.0204986  0.00539543
        1806       -0.04  -0.0205094  0.00539245
        1807        -0.2  -0.0206087  0.00539038
        1808        0.16  -0.0205088  0.00538832
        1809        -0.4  -0.0207186  0.00538943
        1810       -0.32   -0.020884  0.00538899
        1811        -0.4  -0.0210933  0.00539008
        1812       -0.32  -0.0212583  0.00538962
        1813       -0.32  -0.0214231  0.00538917
        1814       -0.44  -0.0216538  0.00539114
        1815       -0.16    -0.02173   0.0053887
        1816        0.28  -0.0215639   0.0053883
        1817        0.32  -0.0213759  0.00538861
        1818        0.16  -0.0212761  0.00538657
        1819       -0.28  -0.0214184  0.00538549
        1820       -0.44  -0.0216484  0.00538744
        1821       -0.28  -0.0217902  0.00538635
        1822       -0.28  -0.0219319  0.00538525
        1823        -0.2  -0.0220296  0.00538319
        1824       -0.24  -0.0221491  0.00538156
        1825         0.2  -0.0220274  0.00537999
        1826        0.44  -0.0217744  0.00538299
        1827         0.2   -0.021653  0.00538141
        1828        0.16  -0.0215536  0.00537938
        1829        0.32  -0.0213669  0.00537968
        1830        0.12  -0.0212896   0.0053773
        1831        -0.2  -0.0213872  0.00537525
        1832        0.08  -0.0213319   0.0053726
        1833       -0.16  -0.0214075   0.0053702
        1834       -0.04  -0.0214177  0.00536728
        1835        -0.2   -0.021515  0.00536524
        1836       -0.36  -0.0216993  0.00536548
        1837       -0.08  -0.0217311  0.00536266
        1838       -0.24  -0.0218498  0.00536105
        1839       -0.24  -0.0219685  0.00535945
        1840       -0.08      -0.022  0.00535663
        1841        0.04  -0.0219663  0.00535383
        1842        0.36   -0.021759  0.00535493
        1843         0.4  -0.0215301  0.00535692
        1844        0.32  -0.0213449  0.00535721
        1845           0  -0.0213333  0.00535432
        1846        -0.2  -0.0214301  0.00535229
        1847        0.08  -0.0213752  0.00534968
        1848        0.08  -0.0213203  0.00534706
        1849        0.24   -0.021179  0.00534604
        1850         0.4  -0.0209514    0.005348
        1851        0.32  -0.0207672  0.00534828
        1852        0.32  -0.0205832  0.00534855
        1853        0.24  -0.0204425  0.00534752
        1854         0.4  -0.0202157  0.00534944
        1855        0.24  -0.0200755  0.00534839
        1856        0.24  -0.0199353  0.00534735
        1857           0  -0.0199246  0.00534448
        1858        0.08  -0.0198708  0.00534187
        1859        0.28  -0.0197095  0.00534143
        1860        0.04  -0.0196774  0.00533866
        1861        0.24  -0.0195379  0.00533761
        1862        0.08  -0.0194844  0.00533501
        1863        0.44  -0.0192378  0.00533785
        1864        0.44  -0.0189914  0.00534067
        1865        0.04  -0.0189598   0.0053379
        1866       -0.04  -0.0189711  0.00533505
        1867        0.16  -0.0188752  0.00533305
        1868       -0.08  -0.0189079   0.0053303
        1869       -0.16  -0.0189834  0.00532798
        1870       -0.16  -0.0190588  0.00532566
        1871       -0.32  -0.0192197  0.00532525
        1872       -0.52  -0.0194872  0.00532912
        1873       -0.48   -0.019733  0.00533194
        1874       -0.24  -0.0198506  0.00533039
        1875        0.28  -0.0196907  0.00532995
        1876         0.2  -0.0195736  0.00532839
        1877         0.4    -0.01935  0.00533024
        1878       -0.28  -0.0194888  0.00532921
        1879       -0.04  -0.0194997  0.00532638
        1880       -0.04  -0.0195106  0.00532356
        1881       -0.08  -0.0195428  0.00532083
        1882       -0.04  -0.0195537  0.00531801
        1883        0.12  -0.0194796   0.0053157
        1884        0.08  -0.0194268  0.00531314
        1885        0.32  -0.0192467  0.00531338
        1886        0.28   -0.019088  0.00531293
        1887        0.48  -0.0188235  0.00531669
        1888         0.4  -0.0186017   0.0053185
        1889        0.16  -0.0185071  0.00531653
        1890           0  -0.0184974  0.00531372
        1891        -0.2  -0.0185933  0.00531178
        1892        0.16  -0.0184989  0.00530981
        1893        -0.2  -0.0185948  0.00530787
        1894        -0.2  -0.0186906  0.00530593
        1895       -0.08   -0.018723  0.00530323
        1896       -0.28  -0.0188608  0.00530222
        1897       -0.28  -0.0189984  0.00530122
        1898           0  -0.0189884  0.00529843
        1899        0.04  -0.0189573  0.00529573
        1900        0.04  -0.0189263  0.00529304
        1901        0.04  -0.0188953  0.00529034
        1902        0.04  -0.0188644  0.00528765
        1903       -0.04  -0.0188755  0.00528489
        1904         0.2  -0.0187605  0.00528336
        1905           0  -0.0187507   0.0052806
        1906        0.08  -0.0186988  0.00527808
        1907       -0.12   -0.018752  0.00527558
        1908        0.12  -0.0186792  0.00527331
        1909        0.16  -0.0185856  0.00527138
        1910       -0.08  -0.0186178  0.00526872
        1911        0.04  -0.0185871  0.00526605
        1912       -0.24  -0.0187029  0.00526457
        1913       -0.28  -0.0188395  0.00526359
        1914       -0.24  -0.0189551  0.00526211
        1915       -0.24  -0.0190705  0.00526063
        1916           0  -0.0190605  0.00525789
        1917        0.04  -0.0190297  0.00525524
        1918           0  -0.0190198  0.00525251
        1919        0.16  -0.0189265   0.0052506
        1920        0.24  -0.0187917   0.0052496
        1921        0.08  -0.0187402  0.00524712
        1922       -0.16  -0.0188137   0.0052449
        1923        0.16  -0.0187207    0.005243
        1924        0.16  -0.0186279   0.0052411
        1925        0.24  -0.0184935  0.00524009
        1926        0.04  -0.0184631  0.00523746
        1927        0.08   -0.018412  0.00523499
        1928       -0.04  -0.0184232  0.00523229
        1929        0.12  -0.0183515  0.00523007
        1930       -0.16  -0.0184249  0.00522787
        1931       -0.04   -0.018436  0.00522518
        1932       -0.04  -0.0184472  0.00522249
        1933        -0.2  -0.0185411  0.00522063
        1934       -0.32   -0.018697  0.00522026
        1935       -0.04   -0.018708  0.00521757
        1936           0  -0.0186983  0.00521488
        1937       -0.12  -0.0187506  0.00521245
        1938       -0.08  -0.0187822  0.00520986
        1939           0  -0.0187726  0.00520718
        1940        0.04  -0.0187423  0.00520459
        1941           0  -0.0187326  0.00520191
        1942        0.08  -0.0186818  0.00519948
        1943       -0.32  -0.0188369  0.00519912
        1944           0  -0.0188272  0.00519645
        1945       -0.36  -0.0190026  0.00519674
        1946       -0.08  -0.0190339  0.00519417
        1947       -0.24  -0.0191474  0.00519274
        1948        0.04   -0.019117  0.00519016
        1949        0.28  -0.0189636  0.00518977
        1950        0.04  -0.0189333  0.00518719
        1951           0  -0.0189236  0.00518454
        1952       -0.04  -0.0189344   0.0051819
        1953       -0.04  -0.0189452  0.00517926
        1954       -0.28  -0.0190788  0.00517833
        1955       -0.36  -0.0192532  0.00517862
        1956       -0.24  -0.0193661   0.0051772
        1957       -0.24  -0.0194788  0.00517578
        1958       -0.08  -0.0195097  0.00517323
        1959        0.16  -0.0194181   0.0051714
        1960        0.52  -0.0191429  0.00517608
        1961        0.28  -0.0189903  0.00517569
        1962        0.08  -0.0189399  0.00517329
        1963        0.32  -0.0187672  0.00517354
        1964        0.28  -0.0186151  0.00517314
        1965           0  -0.0186056  0.00517052
        1966        -0.2  -0.0186979  0.00516871
        1967       -0.36  -0.0188714    0.005169
        1968        -0.2  -0.0189634  0.00516719
        1969        -0.4  -0.0191569  0.00516819
        1970           0  -0.0191472  0.00516557
        1971        0.16  -0.0190563  0.00516375
        1972        0.12  -0.0189858  0.00516161
        1973        0.04  -0.0189559  0.00515908
        1974        0.24  -0.0188247  0.00515814
        1975        0.44  -0.0185924  0.00516076
        1976        0.36  -0.0184008   0.0051617
        1977        0.08   -0.018351  0.00515933
        1978        0.12  -0.0182811  0.00515719
        1979       -0.04  -0.0182921   0.0051546
        1980        -0.2  -0.0183838  0.00515281
        1981           0  -0.0183746  0.00515022
        1982        0.48  -0.0181231  0.00515376
        1983        0.24  -0.0179929   0.0051528
        1984       -0.08  -0.0180242   0.0051503
        1985       -0.08  -0.0180554   0.0051478
        1986       -0.28  -0.0181873   0.0051469
        1987           0  -0.0181782  0.00514431
        1988        0.04  -0.0181489  0.00514181
        1989        0.24  -0.0180191  0.00514086
        1990        0.32  -0.0178492  0.00514108
        1991        0.44  -0.0176193  0.00514364
        1992        0.52  -0.0173494  0.00514814
        1993        0.44  -0.0171199  0.00515066
        1994         0.2   -0.017011  0.00514923
        1995        0.04  -0.0169825  0.00514673
        1996       -0.16  -0.0170541  0.00514465
        1997       -0.16  -0.0171257  0.00514257
        1998       -0.04  -0.0171371  0.00514001
        1999        0.08  -0.0170885  0.00513767
        2000         0.2    -0.01698  0.00513625
