#     BLOCK:   ACTUAL_X:     X_AVE:       ERROR:
           1        4.84        4.84           0
           2        5.76         5.3    0.325269
           3        0.64     3.74667      1.2867
           4        0.04        2.82     1.25511
           5        0.04       2.264     1.12049
           6        0.16     1.91333    0.987091
           7        0.04     1.64571     0.88161
           8        0.04       1.445    0.793928
           9        0.64     1.35556    0.710734
          10        1.96       1.416    0.642226
          11        0.64     1.34545    0.587704
          12        0.16     1.24667    0.546968
          13        0.16     1.16308    0.511241
          14        0.64     1.12571    0.476087
          15        1.44     1.14667    0.444809
          16        0.16       1.085    0.421261
          17        0.16     1.03059     0.39998
          18        3.24     1.15333    0.396145
          19        1.96     1.19579    0.377563
          20        1.96       1.234    0.360614
          21        0.36     1.19238    0.345835
          22        0.16     1.14545    0.333284
          23        3.24     1.23652    0.331001
          24        0.36         1.2    0.319218
          25        0.04      1.1536    0.309803
          26        0.64     1.13385    0.298517
          27           0     1.09185    0.290399
          28        0.64     1.07571    0.280476
          29           0     1.03862    0.273246
          30        0.16     1.00933    0.265703
          31        0.16    0.981935     0.25854
          32           0     0.95125    0.252275
          33           1    0.952727    0.244635
          34        1.44    0.967059    0.237859
          35        1.96    0.995429    0.232749
          36        0.04    0.968889    0.227792
          37        0.16    0.947027    0.222682
          38           0    0.922105    0.218212
          39        0.04    0.899487    0.213786
          40           1       0.902    0.208456
          41           0        0.88    0.204529
          42        0.04        0.86    0.200635
          43           1    0.863256    0.195996
          44        0.64    0.858182    0.191607
          45           0    0.839111    0.188295
          46        1.96    0.863478    0.185772
          47        3.24    0.914043    0.188575
          48        3.24      0.9625    0.190771
          49        1.44    0.972245    0.187127
          50        0.04      0.9536    0.184311
          51        0.36    0.941961    0.181064
          52           0    0.923846    0.178486
          53        4.84    0.997736    0.189797
          54        0.16    0.982222    0.186915
          55        0.64       0.976     0.18362
          56        0.64        0.97     0.18044
          57        0.36    0.959298    0.177591
          58           0    0.942759    0.175298
          59        2.56    0.970169    0.174456
          60        0.16    0.956667    0.172071
          61           1    0.957377    0.169251
          62        0.16    0.944516    0.167009
          63           0    0.929524     0.16503
          64        0.04    0.915625    0.163035
          65        0.64    0.911385    0.160582
          66        0.16         0.9    0.158552
          67           0    0.886567    0.156754
          68           0    0.873529     0.15499
          69        1.44    0.881739    0.152961
          70           1    0.883429    0.150785
          71        0.04    0.871549    0.149129
          72        0.04        0.86    0.147504
          73        0.16    0.850411    0.145795
          74           4    0.892973    0.149908
          75        6.76      0.9712    0.167078
          76        6.76     1.04737    0.181413
          77        1.96     1.05922    0.179444
          78        0.64     1.05385    0.177224
          79        1.44     1.05873    0.175048
          80        0.64      1.0535    0.172938
          81        5.76      1.1116      0.1803
          82        4.84     1.15707    0.183745
          83        0.04     1.14361    0.182023
          84        0.64     1.13762    0.179955
          85        2.56     1.15435    0.178614
          86           0     1.14093    0.177041
          87        0.36     1.13195    0.175233
          88        0.36     1.12318    0.173462
          89        0.36     1.11461    0.171724
          90        1.44     1.11822    0.169854
          91        0.16     1.10769    0.168314
          92        1.44      1.1113    0.166523
          93        0.16     1.10108    0.165047
          94           0     1.08936    0.163706
          95           1     1.08842    0.161985
          96        1.44     1.09208    0.160339
          97           4     1.12206    0.161465
          98           1     1.12082    0.159822
          99        7.84     1.18869    0.172016
         100        4.84      1.2252    0.174128
         101        0.16     1.21465    0.172723
         102        0.16     1.20431    0.171339
         103        0.16     1.19417    0.169975
         104        2.56     1.20731    0.168847
         105        0.04     1.19619    0.167605
         106        0.64     1.19094    0.166106
         107           1     1.18916    0.164563
         108        1.96      1.1963    0.163194
         109           1      1.1945    0.161707
         110        0.04       1.184    0.160577
         111        0.16     1.17477    0.159395
         112        0.04     1.16464    0.158293
         113        1.44     1.16708    0.156911
         114        0.16     1.15825    0.155783
         115           1     1.15687    0.154435
         116        1.44     1.15931    0.153123
         117        2.56     1.17128    0.152281
         118        3.24     1.18881    0.151997
         119        0.36     1.18185    0.150879
         120           0       1.172    0.149943
         121        0.04     1.16264    0.148995
         122           0     1.15311    0.148078
         123        0.36     1.14667    0.147015
         124        0.36     1.14032    0.145966
         125        0.04     1.13152    0.145063
         126        1.96      1.1381    0.144061
         127           1     1.13701    0.142931
         128        0.64     1.13312    0.141867
         129        0.64      1.1293    0.140819
         130        0.64     1.12554    0.139786
         131        1.96     1.13191    0.138864
         132        1.44     1.13424    0.137831
         133        0.36     1.12842    0.136918
         134        1.44     1.13075    0.135916
         135           1     1.12978    0.134912
         136           0     1.12147    0.134176
         137        0.16     1.11445     0.13338
         138        2.56     1.12493    0.132824
         139        0.04     1.11712    0.132098
         140        0.36     1.11171    0.131265
         141        0.04     1.10411    0.130554
         142        0.16     1.09746    0.129804
         143        0.36     1.09231    0.128998
         144        0.36     1.08722    0.128203
         145           0     1.07972    0.127538
         146           0     1.07233    0.126878
         147        0.36     1.06748    0.126108
         148        0.04     1.06054    0.125446
         149        0.36     1.05584    0.124693
         150        0.16     1.04987    0.124004
         151        0.04     1.04318    0.123363
         152        0.16     1.03737    0.122688
         153        0.36     1.03294    0.121966
         154           1     1.03273    0.121175
         155           0     1.02606    0.120576
         156        1.44     1.02872    0.119832
         157        0.04     1.02242    0.119234
         158        1.96     1.02835    0.118627
         159           4     1.04704    0.119344
         160           4      1.0655    0.120017
         161        4.84     1.08894     0.12154
         162        1.96     1.09432    0.120908
         163        1.44     1.09644    0.120185
         164        0.64     1.09366    0.119485
         165           4     1.11127    0.120052
         166        2.56        1.12    0.119645
         167           1     1.11928    0.118931
         168        0.64     1.11643    0.118257
         169        0.04     1.11006    0.117729
         170        0.16     1.10447    0.117169
         171        0.04     1.09825    0.116649
         172           4     1.11512    0.117184
         173        1.44     1.11699    0.116522
         174        0.16     1.11149    0.115982
         175        0.04     1.10537    0.115481
         176        0.16         1.1     0.11495
         177        0.36     1.09582    0.114376
         178        0.64     1.09326    0.113762
         179           4      1.1095     0.11428
         180           0     1.10333    0.113811
         181           1     1.10276    0.113184
         182           1      1.1022    0.112563
         183        0.04     1.09639    0.112098
         184        0.36     1.09239     0.11156
         185           0     1.08649    0.111113
         186        0.64     1.08409    0.110542
         187           1     1.08364    0.109951
         188           0     1.07787    0.109518
         189        0.36     1.07407    0.109004
         190        1.96     1.07874     0.10853
         191        1.96     1.08335     0.10806
         192        1.44     1.08521    0.107513
         193        1.44     1.08705    0.106972
         194        1.96     1.09155    0.106515
         195        0.36     1.08779    0.106035
         196        0.64     1.08551    0.105518
         197           1     1.08508    0.104983
         198           4      1.0998     0.10548
         199        2.56     1.10714    0.105205
         200        3.24      1.1178    0.105218
         201        1.96     1.12199    0.104778
         202        1.96     1.12614    0.104342
         203        0.04     1.12079    0.103965
         204        0.16     1.11608    0.103562
         205        0.16     1.11141    0.103162
         206        0.16      1.1068    0.102764
         207        0.36     1.10319    0.102331
         208        0.16     1.09865    0.101939
         209           1     1.09818    0.101453
         210        0.16     1.09371    0.101068
         211        0.16     1.08929    0.100686
         212           0     1.08415    0.100342
         213           1     1.08376   0.0998715
         214        0.04     1.07888   0.0995239
         215        1.44     1.08056   0.0990751
         216           1     1.08019   0.0986172
         217        0.16     1.07594   0.0982538
         218        0.64     1.07394   0.0978235
         219           0     1.06904   0.0974996
         220        2.56     1.07582   0.0972917
         221        0.36     1.07258   0.0969054
         222        0.04     1.06793   0.0965804
         223        0.04     1.06332   0.0962572
         224        0.04     1.05875   0.0959359
         225        0.64     1.05689   0.0955275
         226        0.04     1.05239   0.0952108
         227        0.16     1.04846   0.0948725
         228           0     1.04386   0.0945677
         229        0.04     1.03948   0.0942563
         230           1      1.0393   0.0938467
         231        2.56     1.04589    0.093671
         232        1.96     1.04983   0.0933501
         233        0.36     1.04687   0.0929964
         234        0.36     1.04393   0.0926453
         235        0.04     1.03966   0.0923495
         236        0.04     1.03542   0.0920553
         237        0.16     1.03173   0.0917409
         238           0     1.02739   0.0914578
         239           0      1.0231   0.0911761
         240        0.04       1.019   0.0908882
         241           0     1.01477   0.0906094
         242        0.04     1.01074   0.0903244
         243        0.04     1.00675    0.090041
         244        3.24      1.0159    0.090136
         245           9     1.04849   0.0954775
         246        6.76     1.07171   0.0978716
         247        0.64     1.06996    0.097491
         248        0.36      1.0671   0.0971399
         249        0.04     1.06297   0.0968373
         250        0.36     1.06016   0.0964908
         251        1.96     1.06375    0.096173
         252        0.04     1.05968   0.0958771
         253        1.96     1.06324   0.0955641
         254        3.24     1.07181   0.0955714
         255        6.76     1.09412   0.0977652
         256        1.44     1.09547   0.0973926
         257        3.24     1.10381   0.0973705
         258        2.56     1.10946   0.0971565
         259           1     1.10903   0.0967823
         260        0.16     1.10538   0.0964789
         261           4     1.11648   0.0967446
         262        6.76     1.13802   0.0987442
         263        3.24     1.14601   0.0986916
         264        5.76     1.16348   0.0998533
         265           1     1.16287   0.0994784
         266        2.56     1.16812    0.099243
         267           1     1.16749   0.0988733
         268           0     1.16313   0.0986003
         269        0.16     1.15941   0.0983042
         270           1     1.15881   0.0979419
         271           0     1.15454   0.0976738
         272        0.04     1.15044   0.0974006
         273        0.16     1.14681   0.0971114
         274        0.16     1.14321   0.0968237
         275       11.56     1.18109    0.103617
         276        2.56     1.18609    0.103362
         277        1.44       1.187    0.102992
         278        0.04     1.18288    0.102705
         279        1.44      1.1838    0.102341
         280        1.96     1.18657    0.102013
         281        1.44     1.18747    0.101654
         282        1.44     1.18837    0.101297
         283        0.36     1.18544    0.100981
         284        1.96     1.18817    0.100663
         285        2.56     1.19298    0.100424
         286        0.16     1.18937    0.100138
         287        0.64     1.18746   0.0998077
         288        0.36     1.18458   0.0995024
         289        0.64      1.1827    0.099176
         290           0     1.17862   0.0989178
         291           0     1.17457   0.0986608
         292           1     1.17397   0.0983247
         293        0.36     1.17119   0.0980284
         294        0.04     1.16735   0.0977704
         295        2.56     1.17207   0.0975529
         296        4.84     1.18446   0.0980072
         297        1.96     1.18707    0.097712
         298        0.04     1.18322   0.0974599
         299           0     1.17926   0.0972142
         300        1.96     1.18187    0.096925
         301        1.96     1.18445   0.0966375
         302        0.16     1.18106    0.096377
         303        0.36     1.17835    0.096097
         304        0.16       1.175   0.0958393
         305           0     1.17115   0.0956024
         306           1     1.17059   0.0952917
         307        0.36     1.16795   0.0950178
         308           0     1.16416    0.094785
         309        0.36     1.16155   0.0945139
         310        0.16     1.15832   0.0942643
         311        0.16     1.15511   0.0940158
         312        1.44     1.15603   0.0937189
         313        0.04     1.15246   0.0934873
         314        0.64     1.15083   0.0932038
         315           1     1.15035   0.0929091
         316           1     1.14987   0.0926163
         317           0     1.14625   0.0923952
         318        0.36     1.14377   0.0921377
         319        0.36     1.14132   0.0918816
         320        0.04     1.13788   0.0916589
         321           0     1.13433   0.0914419
         322        1.44     1.13528   0.0911629
         323        0.16     1.13226   0.0909306
         324        0.04     1.12889   0.0907124
         325           1     1.12849   0.0904342
         326        0.36     1.12613   0.0901875
         327        1.96     1.12869   0.0899477
         328        2.56     1.13305   0.0897793
         329        0.64     1.13155   0.0895189
         330        0.16     1.12861   0.0892961
         331           1     1.12822   0.0890271
         332        0.36      1.1259    0.088789
         333        2.56     1.13021   0.0886268
         334        4.84     1.14132   0.0890547
         335        4.84     1.15236   0.0894707
         336        0.36        1.15   0.0892355
         337        0.04     1.14671   0.0890314
         338        0.16     1.14379   0.0888159
         339        0.04     1.14053   0.0886135
         340        0.16     1.13765   0.0883998
         341        0.36     1.13537     0.08817
         342        0.64     1.13392   0.0879241
         343        0.36     1.13166   0.0876967
         344        3.24     1.13779   0.0876557
         345        2.56     1.14191   0.0874985
         346           4     1.15017   0.0876346
         347           4     1.15839   0.0877661
         348        4.84     1.16897   0.0881492
         349        3.24      1.1749   0.0880961
         350        0.04     1.17166   0.0879041
         351        0.64     1.17014   0.0876667
         352        0.04     1.16693   0.0874764
         353        0.64     1.16544   0.0872413
         354        1.44     1.16621   0.0869983
         355        3.24     1.17206   0.0869492
         356        1.96     1.17427   0.0867331
         357        0.36     1.17199   0.0865201
         358        0.16     1.16916   0.0863246
         359        3.24     1.17493   0.0862767
         360        0.64     1.17344   0.0860498
         361        1.44     1.17418   0.0858146
         362        0.64     1.17271   0.0855903
         363           1     1.17223   0.0853558
         364        0.64     1.17077   0.0851338
         365        0.04     1.16767   0.0849569
         366        0.04     1.16459   0.0847807
         367        0.16     1.16185   0.0845938
         368           4     1.16957   0.0847148
         369        0.16     1.16683   0.0845294
         370        1.96     1.16897   0.0843281
         371           4      1.1766   0.0844453
         372        1.96     1.17871   0.0842446
         373        2.56     1.18241   0.0841001
         374        0.36     1.18021    0.083904
         375           1     1.17973   0.0836816
         376        0.36     1.17755   0.0834874
         377        1.96     1.17963   0.0832918
         378        0.04     1.17661    0.083126
         379        0.04     1.17361   0.0829607
         380        0.04     1.17063    0.082796
         381        4.84     1.18026    0.083137
         382        1.44     1.18094   0.0829221
         383        1.96     1.18298   0.0827305
         384           4     1.19031   0.0828397
         385           0     1.18722   0.0826822
         386        0.04     1.18425   0.0825214
         387           1     1.18377   0.0823096
         388        0.36     1.18165   0.0821248
         389           4     1.18889   0.0822326
         390           4      1.1961   0.0823371
         391        6.76     1.21033   0.0833471
         392        1.44     1.21092   0.0831365
         393           1     1.21038   0.0829267
         394        0.04     1.20741   0.0827694
         395        0.16     1.20476   0.0826023
         396        0.16     1.20212   0.0824359
         397        0.36         1.2   0.0822555
         398           1      1.1995   0.0820504
         399        2.56     1.20291   0.0819156
         400        5.76      1.2143   0.0824992
         401        3.24     1.21935    0.082448
         402        0.64     1.21791   0.0822555
         403        0.04     1.21499   0.0821033
         404        0.04     1.21208   0.0819516
         405        2.56     1.21541   0.0818168
         406        2.56     1.21872   0.0816822
         407        0.64      1.2173   0.0814939
         408        0.16     1.21471   0.0813354
         409           4     1.22152   0.0814211
         410           4     1.22829   0.0815041
         411        4.84     1.23708   0.0817781
         412           1      1.2365   0.0815816
         413        0.04     1.23361   0.0814355
         414        0.36      1.2315   0.0812662
         415        2.56      1.2347   0.0811334
         416        1.44     1.23519   0.0809398
         417        1.96     1.23693   0.0807644
         418        0.04     1.23407   0.0806219
         419        0.16      1.2315   0.0804703
         420        0.04     1.22867   0.0803286
         421        0.04     1.22584   0.0801874
         422        0.04     1.22303   0.0800467
         423           0     1.22014   0.0799096
         424        0.04     1.21736   0.0797696
         425        0.04     1.21459     0.07963
         426        0.16     1.21211   0.0794816
         427           0     1.20927   0.0793461
         428        0.64     1.20794   0.0791718
         429        0.36     1.20597    0.079012
         430        0.36       1.204   0.0788527
         431           0     1.20121   0.0787192
         432        0.64     1.19991   0.0785477
         433           1     1.19945   0.0783677
         434        0.16     1.19705   0.0782237
         435        0.36     1.19513   0.0780675
         436        0.04     1.19248   0.0779334
         437        4.84     1.20082   0.0782008
         438           9     1.21863   0.0800238
         439        7.84     1.23371   0.0812505
         440       12.96     1.26036   0.0853248
         441        0.36     1.25832   0.0851557
         442        0.04     1.25557   0.0850076
         443        0.16     1.25309   0.0848517
         444        0.64     1.25171   0.0846718
         445        0.64     1.25034   0.0844927
         446        0.36     1.24834   0.0843269
         447        0.64     1.24698   0.0841492
         448        3.24     1.25143   0.0840789
         449        0.16       1.249   0.0839267
         450        0.04     1.24631   0.0837832
         451        0.64     1.24497   0.0836082
         452        1.44      1.2454   0.0834244
         453        0.36     1.24344   0.0832631
         454        1.44     1.24388   0.0830808
         455           1     1.24334      0.0829
         456        3.24     1.24772   0.0828337
         457           1     1.24718   0.0826542
         458        0.16      1.2448   0.0825079
         459        2.56     1.24767   0.0823778
         460        0.04     1.24504   0.0822406
         461        0.04     1.24243   0.0821037
         462        0.64     1.24113   0.0819364
         463        0.36     1.23922   0.0817815
         464        0.64     1.23793   0.0816154
         465        0.64     1.23665     0.08145
         466        1.96      1.2382     0.08129
         467        1.44     1.23863   0.0811171
         468        5.76     1.24829   0.0815171
         469        0.64     1.24699   0.0813536
         470           1     1.24647   0.0811822
         471        3.24      1.2507   0.0811201
         472        1.44      1.2511   0.0809492
         473           1     1.25057   0.0807798
         474           1     1.25004   0.0806111
         475        1.44     1.25044   0.0804424
         476           4     1.25622   0.0804805
         477        1.96     1.25769   0.0803253
         478        1.96     1.25916   0.0801707
         479        0.64     1.25787   0.0800138
         480        0.36       1.256    0.079869
         481        0.16     1.25372   0.0797354
         482        0.16     1.25145   0.0796023
         483        0.36     1.24961   0.0794588
         484           0     1.24702   0.0793366
         485        0.36      1.2452   0.0791941
         486        0.04     1.24272     0.07907
         487        1.96     1.24419   0.0789213
         488        0.04     1.24172   0.0787982
         489        0.04     1.23926   0.0786753
         490        0.64     1.23804   0.0785243
         491           0     1.23552   0.0784048
         492        0.64     1.23431   0.0782548
         493        0.64      1.2331   0.0781054
         494        0.04     1.23069   0.0779846
         495        0.04     1.22828   0.0778641
         496        0.36     1.22653   0.0777268
         497        0.04     1.22414   0.0776071
         498           1     1.22369   0.0774526
         499        0.64     1.22253   0.0773062
         500        0.16      1.2204   0.0771808
         501           1     1.21996    0.077028
         502        0.16     1.21785   0.0769035
         503           1     1.21742   0.0767518
         504        1.44     1.21786   0.0766008
         505        1.44      1.2183   0.0764503
         506           1     1.21787   0.0763005
         507        0.64     1.21673   0.0761585
         508           1      1.2163   0.0760098
         509        0.16     1.21422   0.0758888
         510        1.96     1.21569   0.0757541
         511        1.96     1.21714   0.0756198
         512           1     1.21672   0.0754733
         513        0.64     1.21559   0.0753346
         514        0.16     1.21354    0.075216
         515           0     1.21118   0.0751068
         516        0.64     1.21008   0.0749694
         517        2.56     1.21269   0.0748699
         518        0.64     1.21158   0.0747335
         519        1.96     1.21303   0.0746034
         520        0.04     1.21077    0.074494
         521        0.16     1.20875   0.0743784
         522           0     1.20644   0.0742719
         523        0.04     1.20421   0.0741634
         524        0.64     1.20313   0.0740297
         525           0     1.20084   0.0739241
         526        0.04     1.19863   0.0738165
         527           1     1.19825   0.0736774
         528           4     1.20356   0.0737287
         529        3.24     1.20741   0.0736898
         530        3.24     1.21125   0.0736504
         531           1     1.21085   0.0735128
         532           0     1.20857   0.0734099
         533        0.04     1.20638   0.0733049
         534        0.16     1.20442   0.0731938
         535           4     1.20964   0.0732432
         536        0.16     1.20769   0.0731328
         537        3.24     1.21147   0.0730944
         538        0.36     1.20989   0.0729757
         539        0.16     1.20794   0.0728663
         540        2.56     1.21044   0.0727744
         541        1.96     1.21183   0.0726531
         542           4     1.21697   0.0727009
         543        1.96     1.21834   0.0725799
         544        0.36     1.21676   0.0724636
         545        0.16     1.21483   0.0723566
         546        3.24     1.21853   0.0723191
         547        2.56     1.22099   0.0722284
         548        5.76     1.22927     0.07257
         549        1.44     1.22965   0.0724388
         550        0.04     1.22749   0.0723394
         551        0.36     1.22592   0.0722253
         552           1     1.22551   0.0720956
         553           0     1.22329   0.0719992
         554           1     1.22289   0.0718704
         555        0.64     1.22184   0.0717486
         556        0.16     1.21993    0.071645
         557        0.04     1.21781   0.0715476
         558        4.84      1.2243   0.0717133
         559        0.16      1.2224   0.0716103
         560        0.64     1.22136     0.07149
         561        0.04     1.21925   0.0713935
         562        1.96     1.22057   0.0712787
         563        0.64     1.21954   0.0711595
         564        0.36     1.21801   0.0710497
         565        0.04     1.21593   0.0709545
         566           1     1.21555   0.0708302
         567        0.16     1.21369   0.0707297
         568        0.16     1.21183   0.0706295
         569        0.04     1.20977   0.0705354
         570           1      1.2094   0.0704126
         571        0.04     1.20736   0.0703191
         572        5.76     1.21531   0.0706451
         573        5.76     1.22325   0.0709657
         574        3.24     1.22676    0.070929
         575           0     1.22463   0.0708377
         576        0.16     1.22278   0.0707388
         577           0     1.22066    0.070648
         578        2.56     1.22298   0.0705637
         579        4.84     1.22922   0.0707178
         580        5.76     1.23703    0.071026
         581        3.24     1.24048   0.0709874
         582           0     1.23835   0.0708974
         583        0.64     1.23732   0.0707832
         584           0     1.23521   0.0706937
         585        0.16     1.23337   0.0705968
         586        0.04     1.23133   0.0705057
         587        0.36     1.22985   0.0704012
         588        0.36     1.22837    0.070297
         589        0.64     1.22737   0.0701848
         590        0.16     1.22556   0.0700891
         591           1     1.22518   0.0699716
         592        0.64     1.22419   0.0698603
         593        0.16     1.22239   0.0697656
         594        0.16     1.22061    0.069671
         595        0.04     1.21862   0.0695822
         596        0.36     1.21718   0.0694804
         597        0.16     1.21541   0.0693865
         598        0.64     1.21445   0.0692772
         599        1.96     1.21569   0.0691727
         600           0     1.21367   0.0690871
         601        0.16     1.21191   0.0689944
         602        0.64     1.21096   0.0688863
         603           0     1.20896   0.0688013
         604           1     1.20861   0.0686883
         605        0.64     1.20767   0.0685812
         606           4     1.21228   0.0686226
         607        0.36     1.21087    0.068524
         608           0     1.20888   0.0684402
         609        0.16     1.20716   0.0683495
         610        1.44     1.20754   0.0682385
         611        0.36     1.20615   0.0681409
         612        0.36     1.20477   0.0680436
         613        0.36     1.20339   0.0679465
         614        3.24     1.20671   0.0679168
         615        0.36     1.20533   0.0678203
         616        1.44     1.20571   0.0677113
         617           4     1.21024   0.0677528
         618           1      1.2099    0.067644
         619        5.76     1.21725    0.067933
         620        2.56     1.21942   0.0678579
         621           4      1.2239   0.0678962
         622           4     1.22836   0.0679336
         623        0.16     1.22665   0.0678462
         624        0.36     1.22526   0.0677517
         625        0.64     1.22432   0.0676498
         626        3.24     1.22754   0.0676183
         627        5.76     1.23477   0.0678957
         628        1.96     1.23592   0.0677974
         629        1.44     1.23625   0.0676904
         630           0     1.23429   0.0676114
         631        0.64     1.23334   0.0675108
         632        0.04     1.23146   0.0674304
         633        1.44     1.23179   0.0673247
         634        2.56     1.23388   0.0672511
         635        0.64     1.23294   0.0671517
         636        0.04     1.23107   0.0670723
         637        0.64     1.23014   0.0669734
         638        3.24     1.23329   0.0669425
         639        1.44     1.23362   0.0668385
         640        1.44     1.23394   0.0667349
         641        0.36     1.23257   0.0666447
         642           1     1.23221   0.0665418
         643        4.84     1.23782   0.0666745
         644        0.04     1.23596   0.0665969
         645        0.04     1.23411   0.0665195
         646           0      1.2322   0.0664439
         647        0.36     1.23085   0.0663549
         648           1     1.23049   0.0662534
         649        1.96     1.23162   0.0661609
         650        0.36     1.23028   0.0660727
         651        1.96      1.2314   0.0659807
         652        0.04     1.22957   0.0659048
         653        0.36     1.22824   0.0658173
         654        0.36     1.22691   0.0657301
         655        0.36     1.22559   0.0656431
         656           1     1.22524   0.0655439
         657        1.96     1.22636   0.0654537
         658        0.64     1.22547   0.0653603
         659        1.96     1.22659   0.0652706
         660        0.64      1.2257   0.0651777
         661        0.04      1.2239   0.0651038
         662           0     1.22205   0.0650317
         663        5.76      1.2289   0.0652928
         664        1.96        1.23   0.0652038
         665           4     1.23417   0.0652386
         666        3.24     1.23718   0.0652102
         667        5.76     1.24396    0.065464
         668           4     1.24808   0.0654959
         669        1.96     1.24915   0.0654066
         670        0.36     1.24782   0.0653225
         671        1.96     1.24888   0.0652337
         672        3.24     1.25185   0.0652039
         673        0.64     1.25094   0.0651134
         674        2.56     1.25288   0.0650457
         675           0     1.25102   0.0649758
         676        0.36      1.2497   0.0648931
         677        0.04     1.24792   0.0648218
         678        0.04     1.24614   0.0647507
         679        0.64     1.24524   0.0646615
         680        3.24     1.24818   0.0646329
         681        1.44     1.24846   0.0645386
         682        6.76     1.25654    0.064948
         683        2.56     1.25845   0.0648809
         684        0.64     1.25754   0.0647924
         685        0.64     1.25664   0.0647041
         686           1     1.25627   0.0646108
         687        0.04      1.2545    0.064541
         688        0.04     1.25273   0.0644714
         689        0.64     1.25184   0.0643839
         690        0.16     1.25026     0.06431
         691        1.44     1.25054   0.0642176
         692           1     1.25017   0.0641258
         693        0.04     1.24843    0.064057
         694        0.36     1.24715   0.0639775
         695        0.64     1.24627   0.0638914
         696        0.36       1.245   0.0638123
         697        0.36     1.24373   0.0637334
         698           0     1.24195    0.063667
         699           0     1.24017   0.0636007
         700        0.64     1.23931   0.0635156
         701        0.64     1.23846   0.0634308
         702           1     1.23812   0.0633413
         703           1     1.23778   0.0632521
         704           1     1.23744   0.0631632
         705        0.04     1.23574   0.0630964
         706        0.64      1.2349   0.0630127
         707        0.36     1.23366   0.0629357
         708        0.16     1.23215   0.0628651
         709        0.64     1.23131    0.062782
         710        1.44     1.23161   0.0626942
         711        2.56     1.23347   0.0626339
         712        1.44     1.23376   0.0625466
         713           1     1.23344   0.0624597
         714        0.16     1.23193   0.0623903
         715        0.04     1.23027   0.0623253
         716        0.16     1.22877   0.0622562
         717        0.16     1.22728   0.0621872
         718        0.04     1.22563   0.0621226
         719        0.16     1.22414   0.0620539
         720           0     1.22244    0.061991
         721           1     1.22214   0.0619058
         722           0     1.22044   0.0618432
         723        1.44     1.22075   0.0617584
         724        4.84     1.22575   0.0618751
         725           9     1.23647    0.062712
         726        0.04     1.23482   0.0626473
         727        2.56     1.23664   0.0625876
         728        0.64     1.23582    0.062507
         729        3.24     1.23857   0.0624817
         730        1.44     1.23885   0.0623967
         731        0.36     1.23765   0.0623229
         732        0.64     1.23683   0.0622431
         733        1.44     1.23711   0.0621588
         734        0.64     1.23629   0.0620795
         735        2.56      1.2381   0.0620211
         736        0.04     1.23647   0.0619582
         737        0.16     1.23501   0.0618914
         738        0.04     1.23339   0.0618287
         739        0.16     1.23194   0.0617621
         740        0.36     1.23076   0.0616899
         741           1     1.23045   0.0616074
         742        0.64     1.22965   0.0615295
         743        1.96     1.23063   0.0614545
         744        0.64     1.22984   0.0613771
         745           1     1.22953   0.0612955
         746        1.96     1.23051   0.0612211
         747           1      1.2302   0.0611399
         748        1.44     1.23048   0.0610588
         749        6.76     1.23786    0.061422
         750        6.76     1.24523   0.0617798
         751           1      1.2449   0.0616984
         752           4     1.24856   0.0617251
         753        1.44     1.24882   0.0616436
         754        0.64     1.24801   0.0615671
         755        0.04     1.24641   0.0615064
         756        0.04     1.24481   0.0614457
         757        1.44     1.24507   0.0613651
         758        7.84     1.25377   0.0618978
         759        0.16     1.25233   0.0618331
         760        0.04     1.25074   0.0617723
         761        0.04     1.24915   0.0617116
         762        0.64     1.24835   0.0616358
         763        0.04     1.24676   0.0615753
         764        1.44     1.24702   0.0614953
         765           1     1.24669   0.0614157
         766        3.24      1.2493   0.0613907
         767        2.56       1.251   0.0613344
         768        3.24     1.25359   0.0613092
         769        2.56     1.25529    0.061253
         770        2.56     1.25699   0.0611969
         771           1     1.25665   0.0611184
         772           1     1.25632   0.0610402
         773        0.04     1.25475   0.0609815
         774        0.64     1.25395   0.0609078
         775        0.64     1.25316   0.0608344
         776        0.04      1.2516   0.0607761
         777        0.04     1.25004   0.0607179
         778           0     1.24843   0.0606611
         779           0     1.24683   0.0606044
         780        0.16     1.24544   0.0605427
         781        1.44     1.24569   0.0604657
         782        2.56     1.24737   0.0604117
         783        7.84     1.25579   0.0609185
         784        1.44     1.25602   0.0608412
         785           4     1.25952   0.0608641
         786        1.44     1.25975   0.0607871
         787        0.36      1.2586   0.0607206
         788        0.16     1.25721   0.0606595
         789        1.96      1.2581   0.0605892
         790           1     1.25777   0.0605134
         791        0.04     1.25623   0.0604564
         792        0.16     1.25485    0.060396
         793        0.36     1.25372   0.0603303
         794           1      1.2534   0.0602552
         795        0.04     1.25187   0.0601987
         796        2.56     1.25352   0.0601455
         797        0.64     1.25275    0.060075
         798        0.16     1.25138   0.0600153
         799        0.36     1.25026   0.0599506
         800        0.16      1.2489   0.0598911
         801           0     1.24734   0.0598366
         802        0.36     1.24623   0.0597723
         803           0     1.24468    0.059718
         804           1     1.24438   0.0596445
         805           0     1.24283   0.0595904
         806        0.16     1.24149   0.0595316
         807        0.16     1.24015   0.0594729
         808        1.44      1.2404   0.0593998
         809           1      1.2401   0.0593272
         810        0.04     1.23862   0.0592724
         811           0     1.23709    0.059219
         812        0.16     1.23576   0.0591609
         813        0.36     1.23469    0.059098
         814        0.16     1.23337   0.0590401
         815        1.44     1.23362   0.0589682
         816        0.36     1.23255   0.0589057
         817           0     1.23104   0.0588529
         818        0.04     1.22958   0.0587989
         819           0     1.22808   0.0587463
         820           1      1.2278   0.0586753
         821        0.04     1.22636   0.0586217
         822           0     1.22487   0.0585694
         823        0.36     1.22382   0.0585076
         824        0.36     1.22277    0.058446
         825        1.96     1.22366    0.058382
         826        0.64     1.22295   0.0583156
         827        0.64     1.22225   0.0582493
         828        0.16     1.22097   0.0581931
         829        0.36     1.21993   0.0581322
         830        0.04     1.21851   0.0580795
         831        1.44     1.21877   0.0580102
         832        0.04     1.21736   0.0579578
         833        0.16     1.21609   0.0579021
         834        0.04     1.21468   0.0578499
         835        0.16     1.21341   0.0577944
         836        0.64     1.21273   0.0577293
         837        1.44       1.213    0.057661
         838        0.16     1.21174   0.0576059
         839        0.04     1.21035   0.0575541
         840        0.04     1.20895   0.0575025
         841        0.04     1.20756   0.0574509
         842        0.64     1.20689   0.0573866
         843        0.36     1.20588   0.0573273
         844           0     1.20445   0.0572772
         845        1.44     1.20473   0.0572101
         846        3.24     1.20714   0.0571931
         847           1     1.20689    0.057126
         848        0.64     1.20623   0.0570626
         849           1     1.20598   0.0569959
         850        1.96     1.20687   0.0569357
         851           4     1.21015   0.0569634
         852           1     1.20991    0.056897
         853        0.16     1.20868   0.0568437
         854        0.36     1.20768   0.0567858
         855        1.96     1.20856   0.0567262
         856        0.36     1.20757   0.0566686
         857        1.96     1.20845   0.0566092
         858           0     1.20704   0.0565608
         859        0.16     1.20582   0.0565081
         860        0.16      1.2046   0.0564555
         861        0.64     1.20395   0.0563937
         862        7.84     1.21165   0.0568513
         863        5.76     1.21692   0.0570292
         864        0.64     1.21625   0.0569671
         865           0     1.21484   0.0569186
         866           1      1.2146   0.0568534
         867        0.64     1.21393   0.0567917
         868        0.64     1.21327   0.0567301
         869        1.44     1.21353   0.0566654
         870        6.76     1.21991   0.0569578
         871        2.56     1.22145   0.0569132
         872        3.24     1.22376    0.056895
         873        0.04     1.22241    0.056846
         874           1     1.22215   0.0567815
         875        0.64     1.22149   0.0567205
         876        0.04     1.22014   0.0566718
         877        0.36     1.21916   0.0566156
         878           0     1.21777   0.0565682
         879        0.04     1.21643   0.0565197
         880           0     1.21505   0.0564724
         881        0.64     1.21439    0.056412
         882           1     1.21415   0.0563486
         883        6.76     1.22043   0.0566337
         884           1     1.22018   0.0565702
         885        3.24     1.22246   0.0565523
         886        3.24     1.22474   0.0565343
         887        1.44     1.22498   0.0564711
         888        1.96     1.22581   0.0564136
         889        0.64     1.22515    0.056354
         890        0.04     1.22382   0.0563064
         891        1.44     1.22406   0.0562437
         892        1.44      1.2243   0.0561812
         893        0.64     1.22365   0.0561221
         894        0.16     1.22246   0.0560719
         895        0.04     1.22114   0.0560248
         896        0.04     1.21982   0.0559778
         897        1.44     1.22007   0.0559159
         898        0.04     1.21875   0.0558691
         899           0      1.2174   0.0558234
         900        0.16     1.21622   0.0557737
         901        0.04     1.21492   0.0557271
         902        0.16     1.21375   0.0556776
         903        0.64     1.21311   0.0556196
         904        2.56      1.2146    0.055578
         905        0.04      1.2133   0.0555317
         906        0.16     1.21214   0.0554826
         907           0      1.2108   0.0554375
         908        0.36     1.20987   0.0553844
         909        1.44     1.21012    0.055324
         910           4     1.21319   0.0553481
         911        5.76     1.21818    0.055512
         912        3.24     1.22039   0.0554953
         913        2.56     1.22186   0.0554539
         914        0.36     1.22092   0.0554013
         915        1.96     1.22173   0.0553466
         916           1     1.22148   0.0552867
         917        0.04      1.2202   0.0552415
         918        0.04     1.21891   0.0551962
         919           0     1.21758   0.0551521
         920        0.16     1.21643   0.0551041
         921           1      1.2162   0.0550448
         922           1     1.21597   0.0549856
         923        1.44     1.21621   0.0549266
         924        0.16     1.21506    0.054879
         925           1     1.21483   0.0548202
         926        0.64     1.21421   0.0547645
         927           1     1.21398   0.0547059
         928           1     1.21375   0.0546474
         929           9     1.22213   0.0552276
         930           9     1.23049   0.0557979
         931        5.76     1.23536   0.0559496
         932        4.84     1.23923   0.0560231
         933       10.24     1.24887   0.0567876
         934        0.64     1.24822   0.0567306
         935        2.56     1.24963   0.0566872
         936        0.64     1.24897   0.0566304
         937        0.64     1.24832   0.0565737
         938        0.16     1.24716   0.0565253
         939        0.64     1.24652   0.0564688
         940        0.04     1.24523   0.0564233
         941        0.16     1.24408   0.0563751
         942           1     1.24382   0.0563159
         943        0.36     1.24288    0.056264
         944           1     1.24263   0.0562049
         945        3.24     1.24474   0.0561852
         946           1     1.24448   0.0561264
         947        0.64     1.24384   0.0560708
         948           1     1.24359   0.0560122
         949           1     1.24333   0.0559538
         950        0.16     1.24219   0.0559065
         951        0.16     1.24105   0.0558593
         952        1.44     1.24126    0.055801
         953        0.04        1.24   0.0557567
         954           1     1.23975   0.0556988
         955        3.24     1.24184   0.0556798
         956        2.56     1.24322   0.0556387
         957        0.16     1.24209    0.055592
         958        1.44      1.2423   0.0555344
         959        0.36     1.24138   0.0554841
         960        0.04     1.24013   0.0554404
         961        0.64      1.2395   0.0553863
         962           1     1.23925   0.0553292
         963        1.96        1.24   0.0552768
         964           1     1.23975   0.0552201
         965        0.04     1.23851   0.0551768
         966        1.44     1.23872   0.0551201
         967           1     1.23847   0.0550637
         968        0.16     1.23736    0.055018
         969        1.44     1.23756   0.0549617
         970        0.16     1.23645   0.0549162
         971        0.64     1.23584   0.0548631
         972        0.04     1.23461   0.0548205
         973           0     1.23334   0.0547788
         974        0.36     1.23244   0.0547299
         975           1     1.23221   0.0546743
         976        1.44     1.23242   0.0546187
         977        1.96     1.23316   0.0545679
         978        5.76     1.23779    0.054708
         979           4     1.24061   0.0547248
         980        1.96     1.24135   0.0546739
         981           0     1.24008   0.0546328
         982        0.36     1.23919   0.0545845
         983           4     1.24199   0.0546012
         984        3.24     1.24402   0.0545835
         985           4     1.24682   0.0545997
         986        0.36     1.24592   0.0545518
         987        0.64     1.24531   0.0544999
         988        3.24     1.24733   0.0544822
         989        3.24     1.24934   0.0544643
         990        4.84     1.25297   0.0545299
         991        0.36     1.25207   0.0544824
         992        0.36     1.25117   0.0544349
         993        0.16     1.25007   0.0543911
         994           0     1.24881   0.0543509
         995        0.64      1.2482   0.0542998
         996        5.76     1.25273   0.0544339
         997        7.84     1.25934   0.0547788
         998        0.64     1.25872   0.0547274
         999           0     1.25746   0.0546871
        1000           1      1.2572    0.054633
        1001        0.16      1.2561   0.0545895
        1002        0.36     1.25521   0.0545423
        1003           0     1.25396   0.0545023
        1004        0.36     1.25307   0.0544553
        1005        0.64     1.25246   0.0544045
        1006        0.64     1.25185   0.0543538
        1007        4.84     1.25541   0.0544165
        1008        0.64      1.2548    0.054366
        1009        0.04      1.2536   0.0543254
        1010        0.64     1.25299    0.054275
        1011           0     1.25175   0.0542355
        1012        0.64     1.25115   0.0541853
        1013        0.04     1.24995    0.054145
        1014        0.04     1.24876   0.0541047
        1015           0     1.24753   0.0540654
        1016        0.16     1.24646   0.0540228
        1017        0.64     1.24586   0.0539729
        1018        0.04     1.24468   0.0539329
        1019        2.56     1.24597   0.0538954
        1020           1     1.24573   0.0538431
        1021           1     1.24548   0.0537909
        1022        0.36     1.24462   0.0537453
        1023        0.16     1.24356   0.0537032
        1024        1.44     1.24375   0.0536511
        1025           0     1.24254   0.0536125
        1026        0.04     1.24136    0.053573
        1027        1.96     1.24206   0.0535254
        1028           4     1.24475   0.0535406
        1029        1.44     1.24494   0.0534889
        1030        0.04     1.24377   0.0534497
        1031        0.64     1.24318   0.0534011
        1032        3.24     1.24512   0.0533844
        1033        0.36     1.24426   0.0533396
        1034        0.36      1.2434   0.0532949
        1035           1     1.24317   0.0532439
        1036        4.84     1.24664   0.0533056
        1037        7.84       1.253    0.053632
        1038       14.44      1.2657   0.0550645
        1039       10.24     1.27434   0.0556848
        1040        3.24     1.27623   0.0556633
        1041        1.44     1.27639   0.0556101
        1042        1.44     1.27655   0.0555569
        1043        0.16     1.27547    0.055514
        1044        0.36      1.2746   0.0554677
        1045        0.36     1.27372   0.0554215
        1046        1.96     1.27438   0.0553724
        1047        0.16     1.27331   0.0553298
        1048           1     1.27305   0.0552776
        1049        0.04     1.27188   0.0552374
        1050        0.04      1.2707   0.0551972
        1051           0      1.2695    0.055158
        1052        0.16     1.26844   0.0551156
        1053           1     1.26819   0.0550639
        1054           1     1.26793   0.0550122
        1055        2.56     1.26916   0.0549737
        1056        5.76     1.27341   0.0550859
        1057        2.56     1.27463   0.0550472
        1058        6.76     1.27981   0.0552388
        1059        4.84     1.28317   0.0552888
        1060        2.56     1.28438   0.0552498
        1061           0     1.28317    0.055211
        1062        0.64     1.28256   0.0551623
        1063        0.04     1.28139   0.0551228
        1064        0.16     1.28034   0.0550811
        1065        0.04     1.27917   0.0550417
        1066        0.36     1.27831   0.0549968
        1067        0.16     1.27726   0.0549552
        1068        2.56     1.27846   0.0549169
        1069           4     1.28101   0.0549245
        1070        4.84     1.28434   0.0549738
        1071        1.44     1.28448   0.0549227
        1072        3.24     1.28631   0.0549017
        1073           0     1.28511   0.0548636
        1074        0.36     1.28425   0.0548193
        1075        0.64     1.28365   0.0547716
        1076        3.24     1.28546   0.0547509
        1077        4.84     1.28877   0.0547994
        1078        0.04     1.28761   0.0547608
        1079           0     1.28641   0.0547231
        1080           0     1.28522   0.0546854
        1081        0.04     1.28407   0.0546469
        1082        2.56     1.28525   0.0546091
        1083           0     1.28406   0.0545716
        1084        3.24     1.28587   0.0545511
        1085        0.16     1.28483   0.0545107
        1086        0.36     1.28398   0.0544671
        1087           1     1.28372   0.0544176
        1088        0.36     1.28287   0.0543742
        1089        0.64     1.28228   0.0543275
        1090           4     1.28477   0.0543349
        1091        3.24     1.28656   0.0543146
        1092        1.44      1.2867   0.0542651
        1093        0.64     1.28611   0.0542186
        1094        0.64     1.28552   0.0541723
        1095        1.96     1.28614   0.0541263
        1096        4.84     1.28938    0.054174
        1097        0.64     1.28879   0.0541278
        1098        0.64      1.2882   0.0540817
        1099        1.96     1.28881    0.054036
        1100        0.16     1.28778   0.0539966
        1101        0.04     1.28665   0.0539595
        1102           1     1.28639   0.0539111
        1103        0.36     1.28555   0.0538688
        1104        1.44     1.28569   0.0538202
        1105        3.24     1.28746   0.0538005
        1106        5.76      1.2915   0.0539036
        1107        1.96      1.2921   0.0538583
        1108        0.04     1.29097   0.0538216
        1109        3.24     1.29273   0.0538017
        1110        0.36     1.29189   0.0537598
        1111        0.16     1.29087   0.0537211
        1112        1.44     1.29101   0.0536729
        1113        3.24     1.29276   0.0536533
        1114        7.84     1.29864   0.0539261
        1115        6.76     1.30353   0.0540997
        1116        3.24     1.30527    0.054079
        1117        2.56     1.30639   0.0540423
        1118           1     1.30612   0.0539946
        1119           0     1.30495    0.053959
        1120        0.16     1.30393   0.0539205
        1121        0.04      1.3028   0.0538842
        1122        0.04     1.30168   0.0538479
        1123        0.64     1.30109   0.0538032
        1124        3.24     1.30281    0.053783
        1125        1.96      1.3034   0.0537383
        1126        0.04     1.30227   0.0537023
        1127        0.04     1.30115   0.0536663
        1128           0         1.3   0.0536312
        1129        0.16     1.29899   0.0535932
        1130        0.64     1.29841   0.0535489
        1131        0.64     1.29782   0.0535047
        1132           0     1.29668   0.0534697
        1133        1.44      1.2968   0.0534227
        1134        0.64     1.29623   0.0533787
        1135        0.36      1.2954   0.0533381
        1136        0.64     1.29482   0.0532942
        1137        1.44     1.29495   0.0532475
        1138        0.04     1.29385   0.0532121
        1139           0     1.29271   0.0531776
        1140        0.16     1.29172   0.0531402
        1141        0.04     1.29062   0.0531049
        1142           0     1.28949   0.0530705
        1143           1     1.28924   0.0530246
        1144           1     1.28899   0.0529789
        1145        0.64     1.28842   0.0529356
        1146        0.16     1.28743   0.0528986
        1147           0     1.28631   0.0528644
        1148        0.16     1.28533   0.0528275
        1149        1.96     1.28592   0.0527847
        1150           1     1.28567   0.0527394
        1151        0.16     1.28469   0.0527027
        1152        0.16     1.28372    0.052666
        1153        3.24     1.28541   0.0526476
        1154        1.44     1.28555   0.0526022
        1155        0.64     1.28499   0.0525596
        1156        2.56     1.28609   0.0525257
        1157        0.64     1.28553   0.0524833
        1158        0.64     1.28497   0.0524409
        1159        0.36     1.28418   0.0524017
        1160        0.16     1.28321   0.0523655
        1161        1.44     1.28334   0.0523206
        1162        0.36     1.28255   0.0522816
        1163        3.24     1.28423   0.0522637
        1164        0.36     1.28344   0.0522249
        1165        0.04     1.28237   0.0521909
        1166        0.36     1.28158   0.0521522
        1167        2.56     1.28267    0.052119
        1168        0.64     1.28212   0.0520773
        1169        0.04     1.28106   0.0520436
        1170        2.56     1.28215   0.0520105
        1171        2.56     1.28325   0.0519776
        1172        1.44     1.28338   0.0519334
        1173        1.44     1.28351   0.0518893
        1174           1     1.28327   0.0518457
        1175        1.96     1.28385   0.0518047
        1176        0.16     1.28289   0.0517695
        1177           1     1.28265   0.0517261
        1178        0.16      1.2817   0.0516909
        1179           0     1.28061   0.0516585
        1180        1.96     1.28119    0.051618
        1181        0.04     1.28014   0.0515849
        1182        1.44     1.28027   0.0515415
        1183        0.16     1.27932   0.0515066
        1184        0.36     1.27855    0.051469
        1185        1.96     1.27912   0.0514287
        1186        0.04     1.27808    0.051396
        1187        1.96     1.27865   0.0513559
        1188        0.64     1.27811   0.0513155
        1189        0.64     1.27758   0.0512751
        1190           0      1.2765   0.0512433
        1191        0.36     1.27573    0.051206
        1192        0.16      1.2748   0.0511716
        1193        1.44     1.27494   0.0511289
        1194        0.04      1.2739   0.0510966
        1195        0.36     1.27314   0.0510595
        1196           0     1.27207   0.0510279
        1197           0     1.27101   0.0509964
        1198        1.96     1.27159    0.050957
        1199        2.56     1.27266   0.0509259
        1200        1.44      1.2728   0.0508836
        1201        0.64     1.27227    0.050844
        1202           1     1.27205   0.0508022
        1203        0.64     1.27152   0.0507627
        1204        0.36     1.27076   0.0507262
        1205           0     1.26971    0.050695
        1206        2.56     1.27078   0.0506643
        1207        0.64     1.27026    0.050625
        1208        0.36      1.2695   0.0505887
        1209        0.36     1.26875   0.0505524
        1210        6.76     1.27329    0.050714
        1211           9     1.27967   0.0510719
        1212       12.96     1.28931   0.0519311
        1213        5.76     1.29299   0.0520189
        1214        2.56     1.29404   0.0519865
        1215        0.16      1.2931   0.0519521
        1216        0.04     1.29207   0.0519196
        1217        0.64     1.29154   0.0518797
        1218           0     1.29048   0.0518479
        1219           0     1.28942   0.0518162
        1220        0.04     1.28839   0.0517838
        1221        0.64     1.28786   0.0517441
        1222        0.16     1.28694     0.05171
        1223           0     1.28589   0.0516785
        1224        0.04     1.28487   0.0516463
        1225        0.16     1.28395   0.0516123
        1226           0      1.2829   0.0515808
        1227        0.16     1.28199   0.0515469
        1228        0.64     1.28147   0.0515075
        1229       11.56     1.28983   0.0521402
        1230        3.24     1.29141   0.0521219
        1231        0.04      1.2904   0.0520895
        1232        0.04     1.28938   0.0520571
        1233           1     1.28915   0.0520154
        1234        2.56     1.29018   0.0519834
        1235           4     1.29237   0.0519876
        1236        1.96     1.29291   0.0519484
        1237        0.04      1.2919   0.0519163
        1238        0.36     1.29115   0.0518798
        1239        0.04     1.29014   0.0518477
        1240           0      1.2891   0.0518164
        1241        1.96     1.28964   0.0517774
        1242        0.64     1.28911   0.0517384
        1243        0.64     1.28859   0.0516994
        1244        0.36     1.28785   0.0516632
        1245        0.64     1.28733   0.0516243
        1246        2.56     1.28835    0.051593
        1247        0.16     1.28744   0.0515596
        1248        1.96     1.28798   0.0515211
        1249        1.44      1.2881     0.05148
        1250        1.44     1.28822   0.0514389
        1251           1     1.28799   0.0513983
        1252        5.76     1.29157   0.0514812
        1253        3.24     1.29312   0.0514636
        1254        0.64      1.2926   0.0514252
        1255        0.64     1.29208   0.0513869
        1256        0.36     1.29134   0.0513513
        1257        0.36      1.2906   0.0513158
        1258           1     1.29037   0.0512755
        1259        0.04     1.28937   0.0512444
        1260        2.56     1.29038   0.0512137
        1261        1.96     1.29091   0.0511758
        1262           9     1.29702   0.0514986
        1263        4.84     1.29983   0.0515341
        1264        1.96     1.30035    0.051496
        1265        0.36      1.2996   0.0514607
        1266        0.16      1.2987   0.0514279
        1267        0.36     1.29796   0.0513926
        1268        0.64     1.29744   0.0513547
        1269           1     1.29721   0.0513148
        1270        0.36     1.29647   0.0512797
        1271        1.96     1.29699    0.051242
        1272        1.96     1.29752   0.0512044
        1273        6.76     1.30181   0.0513436
        1274        4.84     1.30458   0.0513784
        1275        1.44     1.30469   0.0513382
        1276        1.96      1.3052   0.0513005
        1277        2.56     1.30619   0.0512698
        1278           1     1.30595   0.0512302
        1279           4     1.30805   0.0512334
        1280        3.24     1.30956   0.0512156
        1281        0.04     1.30857   0.0511852
        1282        0.16     1.30768   0.0511532
        1283        0.04     1.30669   0.0511228
        1284           1     1.30645   0.0510836
        1285        1.44     1.30655   0.0510439
        1286        2.56     1.30753   0.0510135
        1287        2.56      1.3085   0.0509832
        1288        3.24        1.31   0.0509657
        1289        0.16     1.30911   0.0509339
        1290        2.56     1.31008   0.0509037
        1291        5.76     1.31352   0.0509808
        1292        0.64       1.313    0.050944
        1293        0.16     1.31211   0.0509124
        1294        1.44     1.31221   0.0508732
        1295        3.24      1.3137   0.0508557
        1296        1.44      1.3138   0.0508165
        1297        0.04     1.31281   0.0507868
        1298        0.16     1.31193   0.0507555
        1299           0     1.31092   0.0507264
        1300        1.96     1.31142   0.0506899
        1301        0.64      1.3109   0.0506535
        1302        0.16     1.31002   0.0506223
        1303        0.36     1.30929   0.0505887
        1304        1.96     1.30979   0.0505524
        1305        0.64     1.30927   0.0505163
        1306        1.44     1.30937   0.0504777
        1307        5.76     1.31278   0.0505538
        1308           1     1.31254   0.0505157
        1309        2.56     1.31349   0.0504861
        1310        0.64     1.31298   0.0504502
        1311           1     1.31274   0.0504123
        1312        1.96     1.31323   0.0503763
        1313        5.76     1.31662   0.0504516
        1314        2.56     1.31756   0.0504221
        1315           0     1.31656   0.0503937
        1316        0.04     1.31559   0.0503647
        1317           0     1.31459   0.0503364
        1318        0.64     1.31408   0.0503008
        1319           0     1.31309   0.0502725
        1320        0.04     1.31212   0.0502437
        1321        0.04     1.31116   0.0502149
        1322           1     1.31092   0.0501775
        1323        0.04     1.30996   0.0501487
        1324        1.96     1.31045   0.0501133
        1325        3.24     1.31191   0.0500966
        1326           1     1.31167   0.0500594
        1327        0.36     1.31096   0.0500268
        1328        2.56      1.3119    0.049998
        1329        1.96     1.31239   0.0499627
        1330        0.04     1.31143   0.0499343
        1331        0.16     1.31056   0.0499043
        1332        0.04     1.30961   0.0498759
        1333        0.16     1.30875    0.049846
        1334           0     1.30777   0.0498183
        1335        0.16     1.30691   0.0497884
        1336        1.96      1.3074   0.0497535
        1337        2.56     1.30833   0.0497251
        1338        0.16     1.30747   0.0496953
        1339        0.04     1.30653   0.0496672
        1340        0.16     1.30567   0.0496375
        1341           1     1.30544   0.0496011
        1342        1.96     1.30593   0.0495665
        1343           1      1.3057   0.0495301
        1344           1     1.30548   0.0494938
        1345           0     1.30451   0.0494665
        1346        0.16     1.30366   0.0494371
        1347        1.44     1.30376   0.0494005
        1348        0.64     1.30326   0.0493663
        1349        4.84     1.30589   0.0493992
        1350        1.44     1.30599   0.0493627
        1351        0.16     1.30514   0.0493335
        1352        1.44     1.30524   0.0492971
        1353        0.36     1.30454   0.0492656
        1354           1     1.30431   0.0492297
        1355           4      1.3063   0.0492336
        1356        5.76     1.30959   0.0493067
        1357        0.04     1.30865   0.0492793
        1358        2.56     1.30957   0.0492516
        1359           4     1.31155   0.0492551
        1360        2.56     1.31247   0.0492275
        1361        1.96     1.31295   0.0491936
        1362        1.96     1.31342   0.0491598
        1363           0     1.31246   0.0491331
        1364           0      1.3115   0.0491065
        1365        0.64       1.311    0.049073
        1366        0.36     1.31031    0.049042
        1367        4.84     1.31289   0.0490741
        1368           4     1.31485   0.0490775
        1369        1.44     1.31495   0.0490417
        1370           1     1.31472   0.0490065
        1371           4     1.31667   0.0490099
        1372           1     1.31644   0.0489747
        1373           0     1.31548   0.0489484
        1374        0.04     1.31456   0.0489216
        1375        1.96     1.31503   0.0488883
        1376        3.24     1.31642   0.0488727
        1377        1.96     1.31689   0.0488395
        1378        0.16     1.31605   0.0488113
        1379           0      1.3151   0.0487852
        1380        0.04     1.31417   0.0487586
        1381           0     1.31322   0.0487326
        1382        0.04      1.3123    0.048706
        1383        0.64     1.31181   0.0486732
        1384           1     1.31159   0.0486386
        1385        1.96     1.31206   0.0486057
        1386        0.04     1.31114   0.0485793
        1387        0.16     1.31031   0.0485514
        1388        1.44      1.3104   0.0485165
        1389           0     1.30946   0.0484907
        1390           0     1.30852    0.048465
        1391           1      1.3083   0.0484306
        1392           4     1.31023   0.0484344
        1393        0.04     1.30932   0.0484083
        1394        0.04     1.30841   0.0483821
        1395        1.44      1.3085   0.0483475
        1396        2.56      1.3094   0.0483212
        1397        2.56     1.31029   0.0482949
        1398        1.44     1.31039   0.0482604
        1399           4     1.31231   0.0482642
        1400        0.64     1.31183   0.0482321
        1401        0.16     1.31101   0.0482047
        1402        0.64     1.31053   0.0481727
        1403        0.04     1.30962   0.0481469
        1404           1      1.3094   0.0481131
        1405        0.16     1.30858   0.0480858
        1406        0.04     1.30768   0.0480601
        1407        0.64     1.30721   0.0480282
        1408        0.36     1.30653   0.0479988
        1409           1     1.30632   0.0479653
        1410           4     1.30823   0.0479693
        1411        0.16     1.30741   0.0479422
        1412           1      1.3072   0.0479087
        1413        0.36     1.30653   0.0478795
        1414        0.16     1.30571   0.0478525
        1415        1.44     1.30581   0.0478188
        1416        0.16       1.305   0.0477919
        1417           1     1.30478   0.0477586
        1418        0.04     1.30389   0.0477333
        1419        0.64     1.30342   0.0477019
        1420        0.64     1.30296   0.0476706
        1421        0.36     1.30229   0.0476417
        1422        0.04     1.30141   0.0476165
        1423        0.36     1.30074   0.0475876
        1424        3.24     1.30211   0.0475737
        1425        0.64     1.30164   0.0475425
        1426           0     1.30073    0.047518
        1427        0.64     1.30027   0.0474869
        1428           1     1.30006   0.0474541
        1429        0.36      1.2994   0.0474255
        1430        0.04     1.29852   0.0474005
        1431        1.44     1.29862   0.0473675
        1432        1.44     1.29872   0.0473345
        1433        3.24     1.30007   0.0473208
        1434        4.84     1.30254   0.0473522
        1435        0.16     1.30174   0.0473259
        1436        0.36     1.30109   0.0472975
        1437        0.04     1.30021   0.0472727
        1438        1.44     1.30031   0.0472399
        1439        0.04     1.29943   0.0472152
        1440           4     1.30131   0.0472197
        1441        0.36     1.30065   0.0471914
        1442        1.96     1.30111   0.0471609
        1443        1.44     1.30121   0.0471283
        1444        0.64     1.30075   0.0470979
        1445        6.76     1.30453   0.0472166
        1446        5.76     1.30761   0.0472844
        1447           4     1.30947   0.0472883
        1448        2.56     1.31033   0.0472635
        1449        0.16     1.30954   0.0472376
        1450        2.56      1.3104   0.0472129
        1451        3.24     1.31173    0.047199
        1452           1     1.31152    0.047167
        1453        0.16     1.31072   0.0471412
        1454           1     1.31051   0.0471093
        1455        1.96     1.31096    0.047079
        1456           1     1.31074   0.0470472
        1457           1     1.31053   0.0470154
        1458        0.64     1.31007   0.0469854
        1459        0.36     1.30942   0.0469577
        1460        0.04     1.30855   0.0469336
        1461        1.96     1.30899   0.0469036
        1462        2.56     1.30985   0.0468793
        1463        2.56      1.3107    0.046855
        1464        0.16     1.30992   0.0468296
        1465        1.44     1.31001   0.0467977
        1466        1.44      1.3101   0.0467659
        1467        1.44     1.31018   0.0467341
        1468        5.76     1.31322   0.0468005
        1469        7.84     1.31766    0.046979
        1470        4.84     1.32005   0.0470081
        1471        0.64     1.31959   0.0469785
        1472        2.56     1.32043   0.0469541
        1473        3.24     1.32174   0.0469403
        1474        2.56     1.32258    0.046916
        1475           1     1.32236   0.0468847
        1476           0     1.32146   0.0468615
        1477        0.36     1.32081   0.0468343
        1478        0.04     1.31995   0.0468106
        1479        0.04     1.31908   0.0467869
        1480           0     1.31819   0.0467638
        1481        0.64     1.31773   0.0467345
        1482           0     1.31684   0.0467114
        1483           0     1.31595   0.0466883
        1484        0.36     1.31531   0.0466613
        1485        0.36     1.31467   0.0466343
        1486        1.96      1.3151    0.046605
        1487        4.84     1.31747   0.0466339
        1488        1.96      1.3179   0.0466045
        1489           4      1.3197    0.046608
        1490           9     1.32486   0.0468609
        1491        4.84     1.32722   0.0468888
        1492        2.56     1.32804   0.0468646
        1493        3.24     1.32932   0.0468507
        1494        0.04     1.32846   0.0468273
        1495        0.64       1.328   0.0467983
        1496        0.04     1.32714   0.0467749
        1497        0.04     1.32628   0.0467515
        1498        0.16      1.3255   0.0467268
        1499        0.04     1.32464   0.0467035
        1500        0.36       1.324   0.0466768
        1501        0.04     1.32314   0.0466535
        1502           0     1.32226   0.0466308
        1503        0.04     1.32141   0.0466076
        1504        0.64     1.32096   0.0465788
        1505        2.56     1.32178   0.0465551
        1506        1.96      1.3222   0.0465261
        1507        6.76     1.32581    0.046635
        1508        2.56     1.32663   0.0466112
        1509        5.76     1.32957   0.0466728
        1510        0.64     1.32911   0.0466442
        1511           4     1.33088   0.0466468
        1512        2.56     1.33169    0.046623
        1513        2.56      1.3325   0.0465993
        1514        0.64     1.33205   0.0465707
        1515        0.36     1.33141   0.0465444
        1516           0     1.33053    0.046522
        1517        2.56     1.33134   0.0464984
        1518        4.84     1.33365   0.0465252
        1519           9      1.3387   0.0467675
        1520        2.56      1.3395   0.0467436
        1521           1     1.33928   0.0467134
        1522        0.16      1.3385   0.0466891
        1523        1.96     1.33891   0.0466603
        1524        0.16     1.33814   0.0466361
        1525        0.04     1.33729   0.0466133
        1526        0.04     1.33644   0.0465905
        1527           1     1.33621   0.0465605
        1528        0.36     1.33558   0.0465344
        1529           1     1.33536   0.0465045
        1530        1.44     1.33542   0.0464741
        1531        2.56     1.33622   0.0464506
        1532        3.24     1.33747   0.0464369
        1533        2.56     1.33826   0.0464135
        1534        0.04     1.33742    0.046391
        1535        0.36     1.33678   0.0463651
        1536        0.64     1.33633   0.0463371
        1537        0.36     1.33569   0.0463113
        1538           4     1.33743   0.0463136
        1539           1     1.33721   0.0462841
        1540           0     1.33634   0.0462621
        1541        0.64     1.33589   0.0462343
        1542        4.84     1.33816   0.0462602
        1543        5.76     1.34102   0.0463189
        1544        1.96     1.34142   0.0462906
        1545        0.16     1.34066   0.0462669
        1546           0     1.33979   0.0462451
        1547        0.04     1.33895   0.0462229
        1548        0.04     1.33811   0.0462006
        1549           0     1.33725   0.0461789
        1550        0.16     1.33649   0.0461553
        1551        0.16     1.33573   0.0461318
        1552        0.64     1.33528   0.0461043
        1553           0     1.33442   0.0460826
        1554        5.76     1.33727   0.0461409
        1555        0.36     1.33664   0.0461155
        1556        1.44     1.33671   0.0460859
        1557           0     1.33585   0.0460643
        1558        2.56     1.33664   0.0460414
        1559        0.04     1.33581   0.0460194
        1560        0.64     1.33536    0.045992
        1561        0.36     1.33473   0.0459668
        1562           1     1.33452   0.0459379
        1563           0     1.33367   0.0459164
        1564           1     1.33345   0.0458876
        1565        0.36     1.33283   0.0458625
        1566        1.44      1.3329   0.0458332
        1567        1.44     1.33297    0.045804
        1568        3.24     1.33418    0.045791
        1569        0.16     1.33344   0.0457679
        1570        0.36     1.33282   0.0457429
        1571           0     1.33197   0.0457217
        1572        0.16     1.33122   0.0456987
        1573        0.36      1.3306   0.0456738
        1574        0.64     1.33017   0.0456469
        1575           1     1.32996   0.0456184
        1576        0.64     1.32952   0.0455916
        1577        0.04      1.3287     0.04557
        1578        2.56     1.32948   0.0455478
        1579        4.84      1.3317   0.0455732
        1580        5.76     1.33451   0.0456304
        1581        1.96      1.3349   0.0456033
        1582           1     1.33469   0.0455749
        1583        0.64     1.33425   0.0455483
        1584        3.24     1.33545   0.0455354
        1585           1     1.33524   0.0455072
        1586        2.56     1.33602    0.045485
        1587        0.04      1.3352   0.0454637
        1588        0.36     1.33458   0.0454392
        1589        0.16     1.33385   0.0454166
        1590        0.04     1.33303   0.0453953
        1591        3.24     1.33423   0.0453826
        1592        3.24     1.33543   0.0453699
        1593        3.24     1.33662   0.0453572
        1594           4     1.33829   0.0453595
        1595        1.44     1.33836   0.0453311
        1596        0.64     1.33792   0.0453048
        1597        1.44     1.33798   0.0452765
        1598           4     1.33965   0.0452788
        1599        0.64     1.33921   0.0452526
        1600        0.04      1.3384   0.0452316
        1601           0     1.33756   0.0452111
        1602           1     1.33735   0.0451833
        1603        0.64     1.33692   0.0451572
        1604        0.04     1.33611   0.0451363
        1605        0.16     1.33538   0.0451141
        1606        0.64     1.33494   0.0450881
        1607        0.36     1.33434   0.0450642
        1608        0.64     1.33391   0.0450382
        1609        0.64     1.33347   0.0450123
        1610        0.04     1.33267   0.0449915
        1611        0.04     1.33187   0.0449707
        1612        0.64     1.33144   0.0449449
        1613        0.36     1.33084    0.044921
        1614        1.44      1.3309   0.0448932
        1615           1      1.3307   0.0448659
        1616           1      1.3305   0.0448386
        1617        0.16     1.32977   0.0448167
        1618        1.44     1.32984   0.0447891
        1619        1.96     1.33023   0.0447631
        1620        0.36     1.32963   0.0447395
        1621        1.44      1.3297   0.0447119
        1622           1     1.32949   0.0446848
        1623        1.96     1.32988    0.044659
        1624        2.56     1.33064   0.0446379
        1625        0.04     1.32985   0.0446175
        1626        0.16     1.32913   0.0445959
        1627        0.16     1.32841   0.0445743
        1628        0.16     1.32769   0.0445526
        1629        0.36      1.3271   0.0445293
        1630        1.96     1.32748   0.0445036
        1631        0.36     1.32689   0.0444803
        1632        0.36      1.3263    0.044457
        1633        2.56     1.32705   0.0444362
        1634        0.36     1.32646   0.0444129
        1635        4.84     1.32861   0.0444377
        1636        1.44     1.32868   0.0444106
        1637           0     1.32787   0.0443909
        1638        1.44     1.32794   0.0443639
        1639        2.56     1.32869   0.0443432
        1640        1.96     1.32907   0.0443178
        1641        0.36     1.32848   0.0442947
        1642        0.36     1.32789   0.0442717
        1643        0.36      1.3273   0.0442486
        1644        0.64     1.32689   0.0442237
        1645        5.76     1.32958   0.0442789
        1646        5.76     1.33227   0.0443337
        1647        6.76     1.33557   0.0444291
        1648        2.56     1.33631   0.0444083
        1649           1     1.33611   0.0443819
        1650           1      1.3359   0.0443554
        1651        0.16     1.33519   0.0443343
        1652        0.16     1.33448   0.0443132
        1653        0.16     1.33377   0.0442921
        1654        0.16     1.33306    0.044271
        1655        1.96     1.33344   0.0442458
        1656        6.76     1.33671   0.0443403
        1657        4.84     1.33883   0.0443639
        1658        0.16     1.33812   0.0443428
        1659        0.04     1.33734    0.044323
        1660        0.36     1.33675   0.0443002
        1661        1.96     1.33712   0.0442752
        1662        0.36     1.33653   0.0442524
        1663        0.64     1.33612   0.0442278
        1664           0     1.33531   0.0442085
        1665           0     1.33451   0.0441892
        1666        0.04     1.33373   0.0441695
        1667        0.16     1.33303   0.0441486
        1668        0.36     1.33245    0.044126
        1669        0.36     1.33186   0.0441034
        1670        2.56      1.3326   0.0440832
        1671        1.44     1.33266   0.0440568
        1672           1     1.33246   0.0440309
        1673        0.64     1.33205   0.0440065
        1674        1.44     1.33211   0.0439803
        1675        0.64      1.3317    0.043956
        1676        0.16       1.331   0.0439353
        1677        1.44     1.33107   0.0439092
        1678        0.36     1.33049   0.0438868
        1679        0.36     1.32991   0.0438645
        1680        0.36     1.32933   0.0438422
        1681        0.64     1.32892    0.043818
        1682           1     1.32873   0.0437924
        1683        3.24     1.32986   0.0437811
        1684        0.36     1.32929   0.0437589
        1685           4     1.33087   0.0437616
        1686        5.76      1.3335   0.0438144
        1687           1      1.3333   0.0437889
        1688        4.84     1.33538   0.0438122
        1689        3.24     1.33651   0.0438008
        1690        1.44     1.33657   0.0437749
        1691        2.56     1.33729    0.043755
        1692        3.24     1.33842   0.0437436
        1693        3.24     1.33954   0.0437322
        1694        0.64     1.33913   0.0437083
        1695        0.16     1.33843   0.0436881
        1696        0.04     1.33767    0.043669
        1697        0.16     1.33697   0.0436488
        1698        0.16     1.33628   0.0436286
        1699        0.64     1.33587   0.0436048
        1700        0.36     1.33529    0.043583
        1701        0.16      1.3346   0.0435628
        1702        0.16     1.33391   0.0435427
        1703        2.56     1.33463   0.0435231
        1704           0     1.33385   0.0435046
        1705        0.16     1.33316   0.0434845
        1706        0.16     1.33247   0.0434645
        1707        0.04     1.33172   0.0434456
        1708           0     1.33094   0.0434271
        1709        0.36     1.33037   0.0434054
        1710        1.44     1.33043   0.0433801
        1711        0.04     1.32968   0.0433613
        1712        0.16       1.329   0.0433414
        1713        0.36     1.32843   0.0433198
        1714        0.36     1.32786   0.0432982
        1715        0.04     1.32711   0.0432794
        1716        0.64     1.32671   0.0432561
        1717           1     1.32652   0.0432313
        1718        4.84     1.32857   0.0432545
        1719        2.56     1.32928   0.0432352
        1720        0.64     1.32888    0.043212
        1721        0.64     1.32848   0.0431887
        1722        7.84     1.33226   0.0433288
        1723        7.84     1.33604    0.043468
        1724        6.76     1.33919   0.0435565
        1725        2.56      1.3399    0.043537
        1726        0.16     1.33921   0.0435171
        1727        0.04     1.33846   0.0434984
        1728        0.16     1.33778   0.0434786
        1729        0.16      1.3371   0.0434588
        1730        0.36     1.33653   0.0434374
        1731        0.16     1.33585   0.0434176
        1732        0.16     1.33517   0.0433978
        1733        0.04     1.33443   0.0433792
        1734           0     1.33366    0.043361
        1735        1.44     1.33372   0.0433361
        1736        0.04     1.33297   0.0433175
        1737        0.16      1.3323   0.0432978
        1738           1     1.33211   0.0432734
        1739        0.64     1.33171   0.0432503
        1740        2.56     1.33241   0.0432312
        1741        0.16     1.33174   0.0432116
        1742        0.36     1.33118   0.0431904
        1743        0.04     1.33044    0.043172
        1744        1.44      1.3305   0.0431473
        1745        0.64     1.33011   0.0431244
        1746           4     1.33164   0.0431268
        1747        0.16     1.33097   0.0431073
        1748           0     1.33021   0.0430894
        1749        0.04     1.32947    0.043071
        1750        0.16      1.3288   0.0430516
        1751        1.44     1.32886   0.0430271
        1752        0.64     1.32847   0.0430043
        1753           0     1.32771   0.0429865
        1754           0     1.32696   0.0429686
        1755           0      1.3262   0.0429508
        1756        0.64     1.32581   0.0429281
        1757        0.36     1.32526   0.0429072
        1758        0.04     1.32453    0.042889
        1759        0.36     1.32398   0.0428681
        1760        0.04     1.32325     0.04285
        1761        0.16     1.32259   0.0428307
        1762        1.96     1.32295    0.042808
        1763        4.84     1.32495   0.0428301
        1764        3.24     1.32603   0.0428196
        1765        3.24     1.32712   0.0428091
        1766        1.44     1.32718   0.0427849
        1767        0.36     1.32663   0.0427642
        1768        0.04      1.3259   0.0427462
        1769        0.36     1.32536   0.0427255
        1770        0.36     1.32481   0.0427048
        1771        0.36     1.32427   0.0426842
        1772        0.36     1.32372   0.0426636
        1773        0.16     1.32307   0.0426446
        1774        0.16     1.32241   0.0426256
        1775        0.36     1.32187    0.042605
        1776        0.04     1.32115   0.0425871
        1777        0.16      1.3205   0.0425682
        1778        1.44     1.32056   0.0425443
        1779        0.16     1.31991   0.0425254
        1780           0     1.31917   0.0425079
        1781        0.16     1.31852   0.0424891
        1782        0.64     1.31814   0.0424669
        1783        0.64     1.31776   0.0424448
        1784           0     1.31702   0.0424274
        1785        0.04      1.3163   0.0424097
        1786        1.96     1.31666   0.0423875
        1787        0.36     1.31613   0.0423672
        1788        0.04     1.31541   0.0423495
        1789        1.96     1.31577   0.0423273
        1790        0.16     1.31513   0.0423086
        1791        0.36      1.3146   0.0422883
        1792        3.24     1.31567   0.0422784
        1793        6.76     1.31871   0.0423637
        1794           1     1.31853   0.0423405
        1795           1     1.31835   0.0423173
        1796        7.84     1.32198   0.0424492
        1797        3.24     1.32305    0.042439
        1798        1.96      1.3234   0.0424169
        1799        1.44     1.32347   0.0423933
        1800        0.16     1.32282   0.0423747
        1801        0.36     1.32229   0.0423546
        1802        1.96     1.32264   0.0423325
        1803        3.24      1.3237   0.0423224
        1804        3.24     1.32477   0.0423123
        1805        0.16     1.32412   0.0422938
        1806        0.04     1.32341   0.0422763
        1807           1     1.32323   0.0422533
        1808        0.64     1.32285   0.0422316
        1809           4     1.32433   0.0422342
        1810        2.56     1.32502   0.0422164
        1811           4     1.32649   0.0422189
        1812        2.56     1.32717   0.0422011
        1813        2.56     1.32785   0.0421833
        1814        4.84     1.32979   0.0422044
        1815        0.64     1.32941   0.0421829
        1816        1.96     1.32976   0.0421611
        1817        2.56     1.33043   0.0421433
        1818        0.64     1.33006   0.0421219
        1819        1.96      1.3304   0.0421001
        1820        4.84     1.33233   0.0421211
        1821        1.96     1.33267   0.0420994
        1822        1.96     1.33302   0.0420777
        1823           1     1.33284    0.042055
        1824        1.44     1.33289    0.042032
        1825           1     1.33271   0.0420094
        1826        4.84     1.33463   0.0420303
        1827           1     1.33445   0.0420077
        1828        0.64     1.33407   0.0419864
        1829        2.56     1.33474   0.0419688
        1830        0.36     1.33421   0.0419492
        1831           1     1.33403   0.0419267
        1832        0.16     1.33338   0.0419087
        1833        0.64     1.33301   0.0418876
        1834        0.04      1.3323   0.0418707
        1835           1     1.33212   0.0418482
        1836        3.24     1.33316   0.0418384
        1837        0.16     1.33252   0.0418205
        1838        1.44     1.33258   0.0417977
        1839        1.44     1.33264   0.0417751
        1840        0.16       1.332   0.0417572
        1841        0.04      1.3313   0.0417404
        1842        3.24     1.33233   0.0417306
        1843           4     1.33378   0.0417331
        1844        2.56     1.33445   0.0417157
        1845           0     1.33372   0.0416994
        1846           1     1.33354   0.0416772
        1847        0.16     1.33291   0.0416595
        1848        0.16     1.33227   0.0416418
        1849        1.44     1.33233   0.0416193
        1850           4     1.33377   0.0416218
        1851        2.56     1.33444   0.0416046
        1852        2.56      1.3351   0.0415874
        1853        1.44     1.33515    0.041565
        1854           4     1.33659   0.0415674
        1855        1.44     1.33665    0.041545
        1856        1.44      1.3367   0.0415227
        1857           0     1.33598   0.0415065
        1858        0.16     1.33535    0.041489
        1859        1.96     1.33569   0.0414681
        1860        0.04     1.33499   0.0414516
        1861        1.44     1.33505   0.0414294
        1862        0.16     1.33441   0.0414119
        1863        4.84      1.3363   0.0414324
        1864        4.84     1.33818   0.0414528
        1865        0.04     1.33748   0.0414364
        1866        0.04     1.33678   0.0414201
        1867        0.64     1.33641   0.0413996
        1868        0.16     1.33578   0.0413822
        1869        0.64     1.33541   0.0413617
        1870        0.64     1.33504   0.0413413
        1871        2.56     1.33569   0.0413244
        1872        6.76     1.33859   0.0414038
        1873        5.76     1.34095   0.0414489
        1874        1.44       1.341   0.0414268
        1875        1.96     1.34133    0.041406
        1876           1     1.34115   0.0413844
        1877           4     1.34257   0.0413865
        1878        1.96      1.3429   0.0413658
        1879        0.04      1.3422   0.0413496
        1880        0.04     1.34151   0.0413334
        1881        0.16     1.34088   0.0413162
        1882        0.04     1.34019      0.0413
        1883        0.36     1.33967   0.0412814
        1884        0.16     1.33904   0.0412642
        1885        2.56     1.33969   0.0412474
        1886        1.96     1.34002   0.0412269
        1887        5.76     1.34236   0.0412715
        1888           4     1.34377   0.0412736
        1889        0.64      1.3434   0.0412535
        1890           0     1.34269   0.0412378
        1891           1     1.34251   0.0412164
        1892        0.64     1.34214   0.0411962
        1893           1     1.34195   0.0411749
        1894           1     1.34177   0.0411535
        1895        0.16     1.34115   0.0411365
        1896        1.96     1.34148   0.0411161
        1897        1.96      1.3418   0.0410958
        1898           0      1.3411   0.0410802
        1899        0.04     1.34041   0.0410643
        1900        0.04     1.33973   0.0410484
        1901        0.04     1.33904   0.0410325
        1902        0.04     1.33836   0.0410166
        1903        0.04     1.33768   0.0410007
        1904           1      1.3375   0.0409795
        1905           0      1.3368    0.040964
        1906        0.16     1.33618   0.0409472
        1907        0.36     1.33567   0.0409289
        1908        0.36     1.33516   0.0409107
        1909        0.64     1.33479   0.0408909
        1910        0.16     1.33418   0.0408741
        1911        0.04      1.3335   0.0408583
        1912        1.44     1.33356    0.040837
        1913        1.96     1.33388   0.0408169
        1914        1.44     1.33394   0.0407957
        1915        1.44     1.33399   0.0407744
        1916           0      1.3333    0.040759
        1917        0.04     1.33262   0.0407434
        1918           0     1.33193    0.040728
        1919        0.64     1.33157   0.0407084
        1920        1.44     1.33162   0.0406873
        1921        0.16     1.33102   0.0406706
        1922        0.64     1.33066   0.0406511
        1923        0.64      1.3303   0.0406315
        1924        0.64     1.32994    0.040612
        1925        1.44     1.32999   0.0405909
        1926        0.04     1.32933   0.0405754
        1927        0.16     1.32872   0.0405589
        1928        0.04     1.32805   0.0405433
        1929        0.36     1.32755   0.0405254
        1930        0.64     1.32719    0.040506
        1931        0.04     1.32653   0.0404905
        1932        0.04     1.32586    0.040475
        1933           1     1.32569   0.0404544
        1934        2.56     1.32633   0.0404385
        1935        0.04     1.32566   0.0404231
        1936           0     1.32498    0.040408
        1937        0.36     1.32448   0.0403902
        1938        0.16     1.32388   0.0403739
        1939           0      1.3232   0.0403588
        1940        0.04     1.32254   0.0403434
        1941           0     1.32185   0.0403284
        1942        0.16     1.32126   0.0403121
        1943        2.56     1.32189   0.0402964
        1944           0     1.32121   0.0402814
        1945        3.24      1.3222   0.0402727
        1946        0.16      1.3216   0.0402565
        1947        1.44     1.32166   0.0402358
        1948        0.04     1.32101   0.0402206
        1949        1.96     1.32133   0.0402013
        1950        0.04     1.32068    0.040186
        1951           0        1.32   0.0401711
        1952        0.04     1.31934   0.0401559
        1953        0.04     1.31869   0.0401407
        1954        1.96     1.31902   0.0401215
        1955        3.24        1.32    0.040113
        1956        1.44     1.32006   0.0400925
        1957        1.44     1.32012   0.0400721
        1958        0.16     1.31953    0.040056
        1959        0.64     1.31918   0.0400371
        1960        6.76     1.32196   0.0401127
        1961        1.96     1.32228   0.0400936
        1962        0.16     1.32169   0.0400776
        1963        2.56     1.32232   0.0400621
        1964        1.96     1.32265    0.040043
        1965           0     1.32197   0.0400283
        1966           1     1.32181   0.0400083
        1967        3.24     1.32279   0.0399998
        1968           1     1.32262   0.0399798
        1969           4     1.32398   0.0399826
        1970           0     1.32331    0.039968
        1971        0.64     1.32296   0.0399492
        1972        0.36     1.32247   0.0399319
        1973        0.04     1.32182    0.039917
        1974        1.44     1.32188   0.0398968
        1975        4.84     1.32367   0.0399164
        1976        3.24     1.32464   0.0399079
        1977        0.16     1.32405   0.0398921
        1978        0.36     1.32356   0.0398749
        1979        0.04     1.32291     0.03986
        1980           1     1.32275   0.0398402
        1981           0     1.32208   0.0398257
        1982        5.76     1.32432   0.0398685
        1983        1.44     1.32438   0.0398485
        1984        0.16     1.32379   0.0398327
        1985        0.16      1.3232   0.0398169
        1986        1.96     1.32352   0.0397982
        1987           0     1.32286   0.0397837
        1988        0.04     1.32221    0.039769
        1989        1.44     1.32227    0.039749
        1990        2.56     1.32289   0.0397339
        1991        4.84     1.32466   0.0397532
        1992        6.76     1.32739   0.0398268
        1993        4.84     1.32915   0.0398458
        1994           1     1.32899   0.0398261
        1995        0.04     1.32834   0.0398114
        1996        0.64       1.328   0.0397929
        1997        0.64     1.32765   0.0397745
        1998        0.04     1.32701   0.0397598
        1999        0.16     1.32642   0.0397442
        2000           1     1.32626   0.0397247
