#      	 GEN:      LENGTH:
            1      426.949
            2      418.979
            3      407.968
            4      404.127
            5      399.325
            6      397.973
            7      396.818
            8      376.831
            9      378.005
           10      363.026
           11      359.908
           12      355.929
           13      352.482
           14      346.433
           15       342.73
           16      337.138
           17      333.435
           18      330.566
           19      325.409
           20      318.942
           21      318.267
           22      315.046
           23      313.133
           24      310.449
           25      304.017
           26      296.827
           27      293.915
           28      292.709
           29      289.589
           30      287.642
           31      281.357
           32      277.879
           33      275.572
           34      276.004
           35      273.334
           36      267.565
           37      266.899
           38      258.626
           39      258.626
           40      256.668
           41      256.668
           42      252.162
           43      249.576
           44      248.962
           45      248.349
           46      248.349
           47      243.497
           48      238.804
           49      235.559
           50      230.728
           51      226.884
           52      223.158
           53      224.044
           54      218.031
           55      215.163
           56      212.202
           57      210.665
           58      208.348
           59      205.213
           60      205.213
           61      202.687
           62      203.101
           63      199.446
           64      199.446
           65      196.448
           66      196.471
           67      193.839
           68      190.241
           69      189.154
           70      187.902
           71      186.177
           72      186.177
           73       183.96
           74      183.512
           75      183.512
           76      181.581
           77      182.188
           78      179.404
           79      178.301
           80      177.048
           81      176.056
           82      175.382
           83      174.389
           84      174.729
           85      171.734
           86      172.838
           87      169.728
           88      168.971
           89      167.807
           90      167.807
           91      165.925
           92      165.925
           93      164.707
           94       164.03
           95      164.214
           96      161.193
           97      161.193
           98      161.482
           99       158.02
          100      160.046
          101      158.828
          102      158.828
          103      157.633
          104      157.412
          105      151.879
          106      151.879
          107      151.872
          108      149.516
          109      148.907
          110      148.907
          111      147.599
          112      146.961
          113      146.961
          114      146.103
          115      144.609
          116      143.998
          117      143.024
          118      142.304
          119      141.624
          120      141.624
          121      141.339
          122      139.662
          123      139.662
          124      138.695
          125      136.836
          126      136.525
          127      136.144
          128      135.987
          129      135.548
          130      134.677
          131      132.949
          132      132.891
          133      132.238
          134      131.641
          135       131.36
          136       130.11
          137      129.503
          138      129.715
          139      129.272
          140      127.425
          141      126.982
          142      125.716
          143      125.603
          144      124.826
          145       123.31
          146       123.31
          147      122.836
          148      123.403
          149      122.697
          150      122.405
          151       122.37
          152      121.915
          153      121.742
          154      121.106
          155      120.956
          156      120.949
          157      119.081
          158      119.074
          159      118.241
          160      118.314
          161       118.29
          162      117.857
          163      116.322
          164      115.937
          165      113.562
          166       113.51
          167      112.503
          168       112.78
          169      112.567
          170      111.785
          171      112.062
          172      111.174
          173      110.906
          174      110.906
          175      110.872
          176      110.608
          177      109.544
          178      109.511
          179      109.247
          180      108.627
          181      108.303
          182      108.273
          183      108.273
          184       107.49
          185      107.391
          186      107.391
          187      106.815
          188      106.538
          189      105.962
          190      106.253
          191      105.677
          192      105.677
          193      105.857
          194      104.256
          195      104.098
          196      103.527
          197      103.527
          198      103.527
          199      103.527
          200      103.527
          201      103.467
          202      103.047
          203      103.115
          204      102.869
          205      102.669
          206      102.669
          207      102.184
          208      101.526
          209      101.526
          210      101.292
          211      101.292
          212      100.793
          213      100.559
          214      100.559
          215      100.397
          216      99.1027
          217      98.3487
          218      98.1148
          219        98.33
          220       97.842
          221       97.842
          222      97.5312
          223      97.3711
          224      97.3711
          225      97.0603
          226      96.8264
          227      96.8264
          228      96.8264
          229       96.302
          230      96.1165
          231      95.8536
          232      95.7966
          233      95.2982
          234      95.2982
          235      95.2982
          236      94.7857
          237      94.7857
          238      94.7857
          239      94.7857
          240      94.7857
          241      94.7857
          242      94.2706
          243       94.899
          244       94.899
          245        93.52
          246        93.52
          247        93.52
          248        93.52
          249      93.3727
          250      92.3792
          251      92.2748
          252      92.2748
          253      92.2748
          254      92.7723
          255      92.7723
          256      91.8258
          257      91.2864
          258      90.5035
          259      90.2704
          260      90.2704
          261      90.2704
          262      90.2704
          263      89.4824
          264      89.4824
          265       88.959
          266      90.2136
          267      89.4255
          268      88.6691
          269       88.683
          270       88.683
          271      88.7068
          272      88.7208
          273      88.6773
          274      87.9427
          275      87.6134
          276      87.6216
          277      87.6216
          278      87.6216
          279      87.6216
          280      87.1846
          281      87.1846
          282       86.477
          283       86.955
          284       86.955
          285      86.2474
          286      85.9501
          287      85.9501
          288      85.8104
          289      85.6902
          290      85.3621
          291      85.1788
          292      84.9703
          293      84.4212
          294      84.4212
          295      84.3376
          296      84.5012
          297      83.3227
          298      83.2391
          299        82.77
          300        82.77
          301      83.1662
          302      83.1662
          303      82.4729
          304      82.4729
          305      82.4729
          306      82.2415
          307      81.1013
          308      80.8698
          309      80.8698
          310      80.7485
          311      80.7485
          312      80.1812
          313      80.1812
          314       79.848
          315       79.848
          316       79.848
          317       79.848
          318      79.5799
          319      79.3213
          320      79.3213
          321      79.3213
          322      79.0844
          323      79.0844
          324      79.0844
          325       78.547
          326       78.547
          327      78.4236
          328      78.0572
          329      78.0572
          330      78.0572
          331      78.0572
          332      78.0572
          333      78.0572
          334      78.0572
          335      78.0572
          336      78.0572
          337      78.0572
          338      78.0572
          339      78.0572
          340      78.0572
          341      78.0572
          342      78.0572
          343      78.0572
          344      77.7739
          345      77.7739
          346      77.7739
          347      77.7739
          348      77.7739
          349      77.2757
          350      77.2757
          351      77.2757
          352      77.2757
          353      77.2757
          354      77.2905
          355      77.2905
          356      77.2905
          357      77.2905
          358       77.207
          359       77.207
          360       77.207
          361       77.207
          362       77.207
          363       77.207
          364       77.207
          365       77.207
          366      76.9437
          367      76.9437
          368      76.9437
          369      76.9437
          370      76.9437
          371      76.9437
          372      76.7853
          373      76.7853
          374      76.7853
          375      76.7853
          376       76.664
          377       76.664
          378       76.664
          379       76.664
          380       76.664
          381       76.664
          382       76.664
          383      76.5183
          384      76.5183
          385      76.5183
          386      76.5183
          387      76.5183
          388      76.2197
          389      76.2197
          390      76.2197
          391      76.2537
          392      75.9699
          393      75.8421
          394      75.8421
          395      75.6467
          396      75.6786
          397      75.3554
          398      75.3554
          399      74.9401
          400      74.8123
          401      74.6169
          402      74.5744
          403      74.2949
          404      74.2524
          405       74.057
          406       74.057
          407       74.057
          408       74.057
          409       74.057
          410      74.1476
          411      73.8531
          412      73.7085
          413      73.7085
          414      73.7991
          415      73.7991
          416      73.7991
          417      73.7991
          418      73.7991
          419      73.7991
          420      73.7991
          421      73.7991
          422      73.7991
          423      73.7991
          424      73.7991
          425      73.7991
          426      73.7991
          427      73.7991
          428      73.7991
          429      73.7991
          430      73.7991
          431      73.7991
          432      73.7991
          433      73.0432
          434      73.0432
          435      73.0432
          436      72.5226
          437      72.5226
          438      72.5226
          439      72.5226
          440      72.5226
          441      72.5226
          442      72.5226
          443      72.5226
          444      72.2909
          445      72.2909
          446       72.527
          447      72.2953
          448      72.2953
          449       72.323
          450       72.323
          451       72.323
          452       72.323
          453       72.323
          454       72.323
          455       72.323
          456       72.323
          457       72.323
          458       72.323
          459       72.269
          460       72.269
          461       72.269
          462       72.269
          463       72.269
          464       72.269
          465       72.269
          466      72.0844
          467      72.0844
          468      72.0844
          469      72.0844
          470      72.0844
          471      72.0844
          472      72.0844
          473      72.0844
          474      72.0844
          475      72.0844
          476      72.0844
          477      72.0844
          478      72.0844
          479      72.0844
          480      72.0844
          481      72.0844
          482      72.0844
          483      72.0844
          484      72.0844
          485      72.0844
          486      72.0844
          487      72.0844
          488      72.0844
          489      72.0844
          490      72.0844
          491      72.0844
          492      72.0844
          493      72.0305
          494      72.0305
          495      72.0305
          496      72.0305
          497      72.0305
          498      72.0305
          499      72.0305
          500      72.0305
          501      72.0305
          502      72.0305
          503      72.0305
          504      71.3959
          505      71.3959
          506      71.3959
          507      71.3959
          508      71.3959
          509      71.3959
          510      71.3959
          511      71.3959
          512      71.3959
          513      71.3959
          514      71.3959
          515      71.3959
          516      71.3959
          517      71.3959
          518      71.3959
          519      71.3959
          520      71.3959
          521      71.3959
          522      71.3959
          523      71.3959
          524      71.3959
          525      71.3959
          526      71.3959
          527      71.3959
          528      71.3959
          529      71.3959
          530      71.3959
          531      71.3959
          532      71.3959
          533      71.3959
          534      71.3959
          535      71.2546
          536      71.2546
          537       71.128
          538       71.128
          539       71.128
          540       71.128
          541       71.128
          542       71.128
          543       71.128
          544       71.128
          545       71.128
          546       71.128
          547       71.128
          548       71.128
          549       71.128
          550       71.128
          551       71.128
          552       71.128
          553       71.128
          554       71.128
          555       71.128
          556       71.128
          557       71.128
          558       71.128
          559       71.128
          560       71.128
          561       71.128
          562       71.128
          563       71.128
          564       71.128
          565       71.128
          566       71.128
          567       71.128
          568       71.128
          569       71.128
          570       71.128
          571       71.128
          572       71.128
          573       71.128
          574       71.128
          575       71.128
          576       71.128
          577       71.128
          578       71.128
          579       71.128
          580       71.128
          581       71.128
          582       71.128
          583       71.128
          584       71.128
          585       71.128
          586       71.128
          587       71.128
          588       71.128
          589       71.128
          590       71.128
          591       71.128
          592       71.128
          593       71.128
          594       71.128
          595       71.128
          596       71.128
          597       71.128
          598       71.128
          599       71.128
          600       71.128
          601       71.128
          602       71.128
          603       71.128
          604       71.128
          605       71.128
          606       71.128
          607      69.8648
          608      69.8648
          609      69.8648
          610      69.8648
          611      69.8648
          612      69.8648
          613      69.8648
          614      69.8648
          615      69.8648
          616      69.8648
          617      69.8648
          618      69.8648
          619      69.8648
          620      69.8648
          621      69.8648
          622      69.8648
          623      69.8648
          624      69.8648
          625      69.8648
          626      69.8648
          627      69.8648
          628      69.8648
          629      69.8648
          630      69.8648
          631      69.8648
          632      69.8648
          633      69.8648
          634      69.8648
          635      69.8648
          636      69.8648
          637      69.8648
          638      69.8648
          639      69.8648
          640      69.8648
          641      69.8648
          642      69.8648
          643      69.8648
          644      69.8648
          645      69.8648
          646      69.8648
          647      69.8648
          648      69.8648
          649      69.8648
          650      69.8648
          651      69.8648
          652      69.8648
          653      69.8648
          654      69.8648
          655      69.8648
          656      69.8648
          657      69.8648
          658      69.8648
          659      69.8648
          660      69.8648
          661      69.8648
          662      69.8648
          663      69.8648
          664      69.8648
          665      69.8648
          666      69.8648
          667      69.8648
          668      69.8648
          669      69.8648
          670      69.8648
          671      69.8648
          672      69.8648
          673      69.8648
          674      69.8648
          675      69.8648
          676      69.8648
          677      69.8648
          678      69.8648
          679      69.8648
          680      69.7322
          681      69.7322
          682      69.7025
          683      69.7025
          684      69.7025
          685      69.7025
          686      69.7025
          687      69.7025
          688      69.7025
          689      69.7025
          690      69.7025
          691      69.7025
          692      69.6633
          693      69.6633
          694      69.6633
          695      69.6633
          696      69.6633
          697      69.6633
          698      69.6633
          699      69.6633
          700      69.6633
          701      69.6633
          702      69.6633
          703      69.6633
          704      69.6633
          705      69.6633
          706      69.6633
          707      69.6633
          708      69.6633
          709      69.6633
          710      69.6633
          711      69.6633
          712      69.6633
          713      68.9017
          714      68.9017
          715      68.9017
          716      68.5229
          717      68.5229
          718      68.5229
          719      68.5229
          720      68.5229
          721      68.5229
          722      68.5229
          723      68.5229
          724      68.5229
          725      68.5229
          726      68.5229
          727      68.5229
          728      68.5229
          729      68.5229
          730      68.5229
          731      68.5229
          732      68.5229
          733      68.5229
          734      68.5229
          735      68.5229
          736      68.5229
          737      68.5229
          738      68.5229
          739      68.5229
          740      68.5229
          741      68.5229
          742      68.5229
          743      68.5229
          744      68.5229
          745      68.5229
          746      68.5229
          747      68.5229
          748      68.5229
          749      68.5229
          750      68.5229
          751      68.5229
          752      68.5229
          753      68.5229
          754      68.5229
          755      68.5229
          756      68.5229
          757      68.5229
          758      68.5229
          759      68.5229
          760      68.5229
          761      68.5229
          762      68.5229
          763      68.5229
          764      68.5229
          765      68.5229
          766      68.5229
          767      68.5229
          768      68.5229
          769      68.5229
          770      68.5229
          771      68.5229
          772      68.5229
          773      68.5229
          774      68.5229
          775      68.5229
          776      68.5229
          777      68.5229
          778      68.5229
          779      68.5229
          780      68.5229
          781      68.5229
          782      68.5229
          783      68.5229
          784      68.5229
          785      68.5229
          786      68.5229
          787      68.5229
          788      68.5229
          789      68.5229
          790      68.5229
          791      68.5229
          792      68.5229
          793      68.5229
          794      68.5229
          795      68.5229
          796      68.5229
          797      68.5229
          798      68.5229
          799      68.5229
          800      68.5229
          801      68.5229
          802      68.5229
          803      68.5229
          804      68.5229
          805      68.5229
          806      68.5229
          807      68.5229
          808      68.5229
          809      68.5229
          810      68.5229
          811      68.5229
          812      68.5229
          813      68.5229
          814      68.5229
          815      68.5229
          816      68.5229
          817      68.5229
          818      68.5229
          819      68.5229
          820      68.5229
          821      68.5229
          822      68.5229
          823      68.5229
          824      68.5229
          825      68.5229
          826      68.5229
          827      68.5229
          828      68.5229
          829      68.5229
          830      68.5229
          831      68.5229
          832      68.5229
          833      68.5229
          834      68.5229
          835      68.5229
          836      68.5229
          837      68.5229
          838      68.5229
          839      68.5229
          840      68.5229
          841      68.5229
          842      68.5229
          843      68.5229
          844      68.5229
          845      68.5229
          846      68.5229
          847      68.5229
          848      68.5229
          849      68.5229
          850      68.5229
          851      68.5229
          852      68.5229
          853      68.5229
          854      68.5229
          855      68.5229
          856      68.5229
          857      68.5229
          858      68.5229
          859      68.5229
          860      68.5229
          861      68.5229
          862      68.5229
          863      68.5229
          864      68.5229
          865      68.5229
          866      68.5229
          867      68.5229
          868      68.5229
          869      68.5229
          870      68.5229
          871      68.5229
          872      68.5229
          873      68.5229
          874      68.5229
          875      68.5229
          876      68.5229
          877      68.5229
          878      68.5229
          879      68.5229
          880      68.5229
          881      68.5229
          882      68.5229
          883      68.5229
          884      68.5229
          885      68.5229
          886      68.5229
          887      68.5229
          888      68.5229
          889      68.5229
          890      68.5229
          891      68.5229
          892      68.5229
          893      68.5229
          894      68.5229
          895      68.5229
          896      68.5229
          897      68.5229
          898      68.5229
          899      68.5229
          900      68.5229
          901      68.5229
          902      68.5229
          903      68.5229
          904      68.5229
          905      68.5229
          906      68.5229
          907      68.5229
          908      68.5229
          909      68.5229
          910      68.5229
          911      68.5229
          912      68.5229
          913      68.5229
          914      68.5229
          915      68.5229
          916      68.5229
          917      68.5229
          918      68.5229
          919      68.5229
          920      68.5229
          921      68.5229
          922      68.5229
          923      68.5229
          924      68.5229
          925      68.5229
          926      68.5229
          927      68.5229
          928      68.5229
          929      68.5229
          930      68.5229
          931      68.5229
          932      68.5229
          933      68.5229
          934      68.5229
          935      68.5229
          936      68.5229
          937      68.5229
          938      68.5229
          939      68.5229
          940      68.5229
          941      68.5229
          942      68.5229
          943      68.5229
          944      68.5229
          945      68.5229
          946      68.5229
          947      68.5229
          948      68.5229
          949      68.5229
          950      68.5229
          951      68.5229
          952      68.5229
          953      68.5229
          954      68.5229
          955      68.5229
          956      68.5229
          957      68.5229
          958      68.5229
          959      68.5229
          960      68.5229
          961      68.5229
          962      68.5229
          963      68.5229
          964      68.5229
          965      68.5229
          966      68.5229
          967      68.5229
          968      68.5229
          969      68.5229
          970      68.5229
          971      68.5229
          972      68.5229
          973      68.5229
          974      68.5229
          975      68.5229
          976      68.5229
          977      68.5229
          978      68.5229
          979      68.5229
          980      68.5229
          981      68.5229
          982      68.5229
          983      68.5229
          984      68.5229
          985      68.5229
          986      68.5229
          987      68.5229
          988      68.5229
          989      68.5229
          990      68.5229
          991      68.5229
          992      68.5229
          993      68.5229
          994      68.5229
          995      68.5229
          996      68.5229
          997      68.5229
          998      68.5229
          999      68.5229
         1000      68.5229
         1001      68.5229
         1002      68.5229
         1003      68.5229
         1004      68.5229
         1005      68.5229
         1006      68.5229
         1007      68.5229
         1008      68.5229
         1009      68.5229
         1010      68.5229
         1011      68.5229
         1012      68.5229
         1013      68.5229
         1014      68.5229
         1015      68.5229
         1016      68.5229
         1017      68.5229
         1018      68.5229
         1019      68.5229
         1020      68.5229
         1021      68.5229
         1022      68.4725
         1023      68.4981
         1024      68.2009
         1025      68.2009
         1026      68.2009
         1027      68.2009
         1028      68.2009
         1029      68.2009
         1030      68.2009
         1031      68.2009
         1032      68.2009
         1033      68.2009
         1034      68.2009
         1035      68.2009
         1036      68.2009
         1037      68.2009
         1038      68.2009
         1039      68.2009
         1040      68.2009
         1041      68.2009
         1042      68.2009
         1043       68.089
         1044       68.089
         1045       68.089
         1046      68.0042
         1047      68.0042
         1048      68.0042
         1049      68.0042
         1050      68.0042
         1051      68.0042
         1052      68.0042
         1053      68.0042
         1054      68.0042
         1055      68.0042
         1056      68.0042
         1057      68.0042
         1058      68.0042
         1059      67.9438
         1060      67.9438
         1061      67.9438
         1062      67.9438
         1063      67.9438
         1064      67.9438
         1065      67.9438
         1066      67.9438
         1067      67.9438
         1068      67.9438
         1069      67.9438
         1070      67.9438
         1071      67.9438
         1072      67.9438
         1073      67.9438
         1074      67.9438
         1075      67.9438
         1076      67.9438
         1077      67.9438
         1078      67.9438
         1079      67.9438
         1080      67.9438
         1081      67.9438
         1082      67.9438
         1083      67.9438
         1084      67.9438
         1085      67.9438
         1086      67.9438
         1087      67.9438
         1088      67.9438
         1089      67.9438
         1090      67.9438
         1091      67.9438
         1092      67.9438
         1093      67.9438
         1094      67.9438
         1095      67.9438
         1096      67.9438
         1097      67.9438
         1098      67.9438
         1099      67.9438
         1100      67.9438
         1101      67.9438
         1102      67.9438
         1103      67.9438
         1104      67.9438
         1105      67.9438
         1106      67.9438
         1107      67.9438
         1108      67.9438
         1109      67.9438
         1110      67.9438
         1111      67.9438
         1112      67.8468
         1113      67.8468
         1114      67.8468
         1115      67.8468
         1116      67.8468
         1117      67.8468
         1118      67.8468
         1119      67.8468
         1120      67.8468
         1121      67.8468
         1122      67.8468
         1123      67.8468
         1124      67.8468
         1125      67.8468
         1126      67.8468
         1127      67.8468
         1128      67.8468
         1129      67.8468
         1130      67.8468
         1131      67.8468
         1132      67.8468
         1133      67.8468
         1134      67.8468
         1135      67.8468
         1136      67.8468
         1137      67.8468
         1138      67.8468
         1139      67.8468
         1140      67.8468
         1141      67.8468
         1142      67.8468
         1143      67.8468
         1144      67.8468
         1145      67.8468
         1146      67.8468
         1147      67.8468
         1148      67.8468
         1149      67.8468
         1150      67.8468
         1151      67.8468
         1152      67.8468
         1153      67.8468
         1154      67.8468
         1155      67.8468
         1156      67.8468
         1157      67.8468
         1158      67.8468
         1159      67.8468
         1160      67.8468
         1161      67.8468
         1162      67.8468
         1163      67.8468
         1164      67.8468
         1165      67.8468
         1166      67.8468
         1167      67.8468
         1168      67.8468
         1169      67.8468
         1170      67.8468
         1171      67.8468
         1172      67.8468
         1173      67.8468
         1174      67.8468
         1175      67.8468
         1176      67.8468
         1177      67.8468
         1178      67.8468
         1179      67.8468
         1180      67.8468
         1181      67.8468
         1182      67.8468
         1183      67.8468
         1184      67.8468
         1185      67.8468
         1186      67.8468
         1187      67.8468
         1188      67.8468
         1189      67.8468
         1190      67.8468
         1191      67.8468
         1192      67.8468
         1193      67.8468
         1194      67.8468
         1195      67.8468
         1196      67.8468
         1197      67.8468
         1198      67.8468
         1199      67.8468
         1200      67.8468
         1201      67.8468
         1202      67.8468
         1203      67.8468
         1204      67.8468
         1205      67.8468
         1206      67.8468
         1207      67.8468
         1208      67.8468
         1209      67.8468
         1210      67.8468
         1211      67.8468
         1212      67.8468
         1213      67.8468
         1214      67.8468
         1215      67.8468
         1216      67.8468
         1217      67.8468
         1218      67.8468
         1219      67.8468
         1220      67.8468
         1221      67.8468
         1222      67.8468
         1223      67.8468
         1224      67.8468
         1225      67.8468
         1226      67.8468
         1227      67.8468
         1228      67.8468
         1229      67.8468
         1230      67.8468
         1231      67.8468
         1232      67.8468
         1233      67.8468
         1234      67.8468
         1235      67.8468
         1236      67.8468
         1237      67.8468
         1238      67.8468
         1239      67.8468
         1240      67.8468
         1241      67.8468
         1242      67.8468
         1243      67.8468
         1244      67.8468
         1245      67.8468
         1246      67.8468
         1247      67.8468
         1248      67.8468
         1249      67.8468
         1250      67.8468
         1251      67.8468
         1252      67.8468
         1253      67.8468
         1254      67.8468
         1255      67.8468
         1256      67.8468
         1257      67.8468
         1258      67.8468
         1259      67.8468
         1260      67.8468
         1261      67.8468
         1262      67.8468
         1263      67.8468
         1264      67.8468
         1265      67.8468
         1266      67.8468
         1267      67.8468
         1268      67.8468
         1269      67.8468
         1270      67.8468
         1271      67.8468
         1272      67.8468
         1273      67.8468
         1274      67.8468
         1275      67.8468
         1276      67.8468
         1277      67.8468
         1278      67.8468
         1279      67.8468
         1280      67.8468
         1281      67.8468
         1282      67.8468
         1283      67.8468
         1284      67.8468
         1285      67.8468
         1286      67.8468
         1287      67.8468
         1288      67.8468
         1289      67.8468
         1290      67.8468
         1291      67.8468
         1292      67.8468
         1293      67.8468
         1294      67.8468
         1295      67.8468
         1296      67.8468
         1297      67.8468
         1298      67.8468
         1299      67.8468
         1300      67.8468
         1301      67.8468
         1302      67.8468
         1303      67.8468
         1304      67.8468
         1305      67.8468
         1306      67.8468
         1307      67.8468
         1308      67.8468
         1309      67.8468
         1310      67.8468
         1311      67.8468
         1312      67.8468
         1313      67.8468
         1314      67.8468
         1315      67.8468
         1316      67.8468
         1317      67.8468
         1318      67.8468
         1319      67.8468
         1320      67.8468
         1321      67.8468
         1322      67.8468
         1323      67.8468
         1324      67.8468
         1325      67.8468
         1326      67.8468
         1327      67.8468
         1328      67.8468
         1329      67.8468
         1330      67.8468
         1331      67.8468
         1332      67.8468
         1333      67.8468
         1334      67.8468
         1335      67.8468
         1336      67.8468
         1337      67.8468
         1338      67.8468
         1339      67.8468
         1340      67.8468
         1341      67.8468
         1342      67.8468
         1343      67.8468
         1344      67.8468
         1345      67.8115
         1346      67.8115
         1347      67.8115
         1348      67.8115
         1349      67.8115
         1350      67.8115
         1351      67.8115
         1352      67.8115
         1353      67.8115
         1354      67.8115
         1355      67.8115
         1356      67.8115
         1357      67.8115
         1358      67.8115
         1359      67.8115
         1360      67.8115
         1361      67.8115
         1362      67.8115
         1363      67.8115
         1364      67.8115
         1365      67.8115
         1366      67.8115
         1367      67.8115
         1368      67.8115
         1369      67.8115
         1370      67.8115
         1371      67.8115
         1372      67.8115
         1373      67.8115
         1374      67.8115
         1375      67.8115
         1376      67.8115
         1377      67.8115
         1378      67.8115
         1379      67.8115
         1380      67.8115
         1381      67.8115
         1382      67.8115
         1383      67.8115
         1384      67.8115
         1385      67.8115
         1386      67.8115
         1387      67.8115
         1388      67.8115
         1389      67.8115
         1390      67.8115
         1391      67.8115
         1392      67.8115
         1393      67.8115
         1394      67.8115
         1395      67.8115
         1396      67.8115
         1397      67.8115
         1398      67.8115
         1399      67.8115
         1400      67.8115
         1401      67.8115
         1402      67.8115
         1403      67.8115
         1404      67.8115
         1405      67.8115
         1406      67.8115
         1407      67.8115
         1408      67.8115
         1409      67.8115
         1410      67.8115
         1411      67.8115
         1412      67.8115
         1413      67.8115
         1414      67.8115
         1415      67.8115
         1416      67.8115
         1417      67.8115
         1418      67.8115
         1419      67.8115
         1420      67.8115
         1421      67.8115
         1422      67.8115
         1423      67.8115
         1424      67.8115
         1425      67.8115
         1426      67.8115
         1427      67.8115
         1428      67.8115
         1429      67.8115
         1430      67.8115
         1431      67.6395
         1432      67.6395
         1433      67.6395
         1434      67.6395
         1435      67.6395
         1436      67.6395
         1437      67.6395
         1438      67.6395
         1439      67.6395
         1440      67.6395
         1441      67.6395
         1442      67.6395
         1443      67.6395
         1444      67.6395
         1445      67.6395
         1446      67.6395
         1447      67.6395
         1448      67.6395
         1449      67.6395
         1450      67.6395
         1451      67.6395
         1452      67.6395
         1453      67.6395
         1454      67.6395
         1455      67.6395
         1456      67.6395
         1457      67.6395
         1458      67.6395
         1459      67.6395
         1460      67.6395
         1461      67.6395
         1462      67.6395
         1463      67.6395
         1464      67.6395
         1465      67.6395
         1466      67.6395
         1467      67.6395
         1468      67.6395
         1469      67.6395
         1470      67.6395
         1471      67.6395
         1472      67.6395
         1473      67.6395
         1474      67.6395
         1475      67.6395
         1476      67.6395
         1477      67.6395
         1478      67.6395
         1479      67.6395
         1480      67.6395
         1481      67.6395
         1482      67.6395
         1483      67.6395
         1484      67.6395
         1485      67.6395
         1486      67.6395
         1487      67.6395
         1488      67.6395
         1489      67.6395
         1490      67.6395
         1491      67.6395
         1492      67.6395
         1493      67.6395
         1494      67.6395
         1495      67.6395
         1496      67.6395
         1497      67.6395
         1498      67.6395
         1499      67.6395
         1500      67.6395
         1501      67.6395
         1502      67.6395
         1503      67.6395
         1504      67.6395
         1505      67.6395
         1506      67.6395
         1507      67.6395
         1508      67.6395
         1509      67.6395
         1510      67.6395
         1511      67.6395
         1512      67.6395
         1513      67.6395
         1514      67.6395
         1515      67.6395
         1516      67.6395
         1517      67.6395
         1518      67.6395
         1519      67.6395
         1520      67.6395
         1521      67.6395
         1522      67.6395
         1523      67.6395
         1524      67.6395
         1525      67.6395
         1526      67.6395
         1527      67.6395
         1528      67.6395
         1529      67.6395
         1530      67.6395
         1531      67.6395
         1532      67.6395
         1533      67.6395
         1534      67.6395
         1535      67.6395
         1536      67.6395
         1537      67.6395
         1538      67.6395
         1539      67.6395
         1540      67.6395
         1541      67.6395
         1542      67.6395
         1543      67.6395
         1544      67.6395
         1545      67.6395
         1546      67.6395
         1547      67.6395
         1548      67.6395
         1549      67.6395
         1550      67.6395
         1551      67.6395
         1552      67.6395
         1553      67.6395
         1554      67.6395
         1555      67.6395
         1556      67.6395
         1557      67.6395
         1558      67.6395
         1559      67.6395
         1560      67.6395
         1561      67.6395
         1562      67.6395
         1563      67.6395
         1564      67.6395
         1565      67.6395
         1566      67.6395
         1567      67.6395
         1568      67.6395
         1569      67.6395
         1570      67.6395
         1571      67.6395
         1572      67.6395
         1573      67.6395
         1574      67.6395
         1575      67.6395
         1576      67.6395
         1577      67.6395
         1578      67.6395
         1579      67.6395
         1580      67.6395
         1581      67.6395
         1582      67.6395
         1583      67.6395
         1584      67.6395
         1585      67.6395
         1586      67.6395
         1587      67.6395
         1588      67.6395
         1589      67.6395
         1590      67.6395
         1591      67.6395
         1592      67.6395
         1593      67.6395
         1594      67.6395
         1595      67.6395
         1596      67.6395
         1597      67.6395
         1598      67.6395
         1599      67.6395
         1600      67.6395
         1601      67.6395
         1602      67.6395
         1603      67.6395
         1604      67.6395
         1605      67.6395
         1606      67.6395
         1607      67.6395
         1608      67.6395
         1609      67.6395
         1610      67.6395
         1611      67.6395
         1612      67.6395
         1613      67.6395
         1614      67.6395
         1615      67.6395
         1616      67.6395
         1617      67.6395
         1618      67.6395
         1619      67.6395
         1620      67.6395
         1621      67.6395
         1622      67.6395
         1623      67.6395
         1624      67.6395
         1625      67.6395
         1626      67.6395
         1627      67.6395
         1628      67.6395
         1629      67.6395
         1630      67.6395
         1631      67.6395
         1632      67.6395
         1633      67.6395
         1634      67.6395
         1635      67.6395
         1636      67.6395
         1637      67.6395
         1638      67.6395
         1639      67.6395
         1640      67.6395
         1641      67.6395
         1642      67.6395
         1643      67.6395
         1644      67.6395
         1645      67.6395
         1646      67.6395
         1647      67.6395
         1648      67.6395
         1649      67.6395
         1650      67.6395
         1651      67.6395
         1652      67.6395
         1653      67.6395
         1654      67.6395
         1655      67.6395
         1656      67.6395
         1657      67.6395
         1658      67.6395
         1659      67.6395
         1660      67.6395
         1661      67.6395
         1662      67.6395
         1663      67.6395
         1664      67.6395
         1665      67.6395
         1666      67.6395
         1667      67.6395
         1668      67.6395
         1669      67.6395
         1670      67.6395
         1671      67.6395
         1672      67.6395
         1673      67.6395
         1674      67.6395
         1675      67.6395
         1676      67.6395
         1677      67.6395
         1678      67.6395
         1679      67.6395
         1680      67.6395
         1681      67.6395
         1682      67.6395
         1683      67.6395
         1684      67.6395
         1685      67.6395
         1686      67.6395
         1687      67.6395
         1688      67.6395
         1689      67.6395
         1690      67.6395
         1691      67.6395
         1692      67.6395
         1693      67.6395
         1694      67.6395
         1695      67.6395
         1696      67.6395
         1697      67.6395
         1698      67.6395
         1699      67.6395
         1700      67.6395
         1701      67.6395
         1702      67.6395
         1703      67.6395
         1704      67.6395
         1705      67.6395
         1706      67.6395
         1707      67.6395
         1708      67.6395
         1709      67.6395
         1710      67.6395
         1711      67.6395
         1712      67.6395
         1713      67.6395
         1714      67.6395
         1715      67.6395
         1716      67.6395
         1717      67.6395
         1718      67.6395
         1719      67.6395
         1720      67.6395
         1721      67.6395
         1722      67.6395
         1723      67.6395
         1724      67.6395
         1725      67.6395
         1726      67.6395
         1727      67.6395
         1728      67.6395
         1729      67.6395
         1730      67.6395
         1731      67.6395
         1732      67.6395
         1733      67.6395
         1734      67.6395
         1735      67.6395
         1736      67.6395
         1737      67.6395
         1738      67.6395
         1739      67.6395
         1740      67.6395
         1741      67.6395
         1742      67.6395
         1743      67.6395
         1744      67.6395
         1745      67.6395
         1746      67.6395
         1747      67.6395
         1748      67.6395
         1749      67.6395
         1750      67.6395
         1751      67.6395
         1752      67.6395
         1753      67.6395
         1754      67.6395
         1755      67.6395
         1756      67.6395
         1757      67.6395
         1758      67.6395
         1759      67.6395
         1760      67.6395
         1761      67.6395
         1762      67.6395
         1763      67.6395
         1764      67.6395
         1765      67.6395
         1766      67.6395
         1767      67.6395
         1768      67.6395
         1769      67.6395
         1770      67.6395
         1771      67.6395
         1772      67.6395
         1773      67.6395
         1774      67.6395
         1775      67.6395
         1776      67.6395
         1777      67.6395
         1778      67.6395
         1779      67.6395
         1780      67.6395
         1781      67.6395
         1782      67.6395
         1783      67.6395
         1784      67.6395
         1785      67.6395
         1786      67.6395
         1787      67.6395
         1788      67.6395
         1789      67.6395
         1790      67.6395
         1791      67.6395
         1792      67.6395
         1793      67.6395
         1794      67.6395
         1795      67.6395
         1796      67.6395
         1797      67.6395
         1798      67.6395
         1799      67.6395
         1800      67.6395
         1801      67.6395
         1802      67.6395
         1803      67.6395
         1804      67.6395
         1805      67.6395
         1806      67.6395
         1807      67.6395
         1808      67.6395
         1809      67.6395
         1810      67.6395
         1811      67.6395
         1812      67.6395
         1813      67.6395
         1814      67.6395
         1815      67.6395
         1816      67.6395
         1817      67.6395
         1818      67.6395
         1819      67.6395
         1820      67.6395
         1821      67.6395
         1822      67.6395
         1823      67.6395
         1824      67.6395
         1825      67.6395
         1826      67.6395
         1827      67.6395
         1828      67.6395
         1829      67.6395
         1830      67.6395
         1831      67.6395
         1832      67.6395
         1833      67.6395
         1834      67.6395
         1835      67.6395
         1836      67.6395
         1837      67.6395
         1838      67.6395
         1839      67.6395
         1840      67.6395
         1841      67.6395
         1842      67.6395
         1843      67.6395
         1844      67.6395
         1845      67.6395
         1846      67.6395
         1847      67.6395
         1848      67.6395
         1849      67.6395
         1850      67.6395
         1851      67.6395
         1852      67.6395
         1853      67.6395
         1854      67.6395
         1855      67.6395
         1856      67.6395
         1857      67.6395
         1858      67.6395
         1859      67.6395
         1860      67.6395
         1861      67.6395
         1862      67.6395
         1863      67.6395
         1864      67.6395
         1865      67.6395
         1866      67.6395
         1867      67.6395
         1868      67.6395
         1869      67.6395
         1870      67.6395
         1871      67.6395
         1872      67.6395
         1873      67.6395
         1874      67.6395
         1875      67.6395
         1876      67.6395
         1877      67.6395
         1878      67.6395
         1879      67.6395
         1880      67.6395
         1881      67.6395
         1882      67.6395
         1883      67.6395
         1884      67.6395
         1885      67.6395
         1886      67.6395
         1887      67.6395
         1888      67.6395
         1889      67.6395
         1890      67.6395
         1891      67.6395
         1892      67.5984
         1893      67.5984
         1894      67.5984
         1895      67.5984
         1896      67.5984
         1897      67.5984
         1898      67.5984
         1899      67.5984
         1900      67.5984
         1901      67.5984
         1902      67.5984
         1903      67.5984
         1904      67.5984
         1905      67.5984
         1906      67.5984
         1907      67.5984
         1908      67.5984
         1909      67.5984
         1910      67.5984
         1911      67.5984
         1912      67.5984
         1913      67.5984
         1914      67.5984
         1915      67.5984
         1916      67.5984
         1917      67.5984
         1918      67.5984
         1919      67.5984
         1920      67.5984
         1921      67.5984
         1922      67.5984
         1923      67.5984
         1924      67.5984
         1925      67.5984
         1926      67.5984
         1927      67.5984
         1928      67.5984
         1929      67.5984
         1930      67.5984
         1931      67.5984
         1932      67.5984
         1933      67.5984
         1934      67.5984
         1935      67.5984
         1936      67.5984
         1937      67.5984
         1938      67.5984
         1939      67.5984
         1940      67.5984
         1941      67.5984
         1942      67.5984
         1943      67.5984
         1944      67.5984
         1945      67.5984
         1946      67.5984
         1947      67.5984
         1948      67.5984
         1949      67.5984
         1950      67.5984
         1951      67.5984
         1952      67.5984
         1953      67.5984
         1954      67.5984
         1955      67.5984
         1956      67.5984
         1957      67.5984
         1958      67.5984
         1959      67.5984
         1960      67.5984
         1961      67.5984
         1962      67.5984
         1963      67.5984
         1964      67.5984
         1965      67.5984
         1966      67.5984
         1967      67.5984
         1968      67.5984
         1969      67.5984
         1970      67.5984
         1971      67.5984
         1972      67.5984
         1973      67.5984
         1974      67.5984
         1975      67.5984
         1976      67.5984
         1977      67.5984
         1978      67.5984
         1979      67.5984
         1980      67.5984
         1981      67.5984
         1982      67.5984
         1983      67.5984
         1984      67.5984
         1985      67.5984
         1986      67.5984
         1987      67.5984
         1988      67.5984
         1989      67.5984
         1990      67.5984
         1991      67.5984
         1992      67.5984
         1993      67.5984
         1994      67.5984
         1995      67.5984
         1996      67.5984
         1997      67.5984
         1998      67.5984
         1999      67.5984
         2000      67.5984
