#      	 GEN:      LENGTH:
            1      474.553
            2       458.33
            3      442.407
            4       428.87
            5      418.195
            6      409.506
            7      402.002
            8      394.053
            9      382.006
           10      366.873
           11      353.542
           12      345.152
           13      340.258
           14      335.722
           15      332.566
           16      328.968
           17      324.036
           18      320.242
           19      316.845
           20      313.113
           21      308.714
           22      305.081
           23      300.915
           24      296.586
           25      293.493
           26      290.697
           27      287.603
           28      284.839
           29       281.57
           30      278.005
           31      274.726
           32      272.119
           33      269.327
           34      267.047
           35      264.552
           36       262.41
           37      260.349
           38      258.089
           39      255.552
           40      252.625
           41      250.189
           42      248.414
           43       246.53
           44      245.024
           45      243.853
           46      241.646
           47       239.03
           48      236.445
           49      233.903
           50      231.443
           51       229.28
           52      226.491
           53      223.376
           54      220.355
           55      217.188
           56      214.879
           57      212.927
           58      210.826
           59      208.465
           60      204.748
           61      201.782
           62      199.811
           63      198.583
           64      197.079
           65      195.664
           66      194.123
           67      192.006
           68       189.65
           69      187.282
           70      185.538
           71      183.643
           72      182.317
           73      180.908
           74       179.63
           75      178.336
           76      176.814
           77      175.528
           78      174.536
           79      173.274
           80       171.64
           81      169.801
           82      167.953
           83      166.568
           84      165.445
           85      164.366
           86      163.409
           87      162.462
           88      161.435
           89      160.279
           90      159.263
           91      158.157
           92      157.615
           93      157.239
           94      156.644
           95      155.912
           96      155.362
           97      154.822
           98      153.936
           99      153.368
          100      152.502
          101      151.852
          102      150.816
          103      149.568
          104      148.549
          105      147.825
          106      147.119
          107      146.413
          108       145.79
          109      145.394
          110      144.935
          111      144.224
          112      143.822
          113      142.919
          114      142.057
          115      141.414
          116      140.806
          117      140.331
          118      140.032
          119      139.798
          120      139.215
          121      138.732
          122      137.923
          123      137.505
          124      136.986
          125      136.825
          126      136.226
          127      134.939
          128      133.318
          129      132.339
          130      131.807
          131      131.505
          132      131.195
          133       130.79
          134      130.298
          135      129.824
          136      129.405
          137      128.869
          138      128.337
          139      127.661
          140      127.097
          141      126.509
          142      125.995
          143      125.568
          144      125.252
          145      124.736
          146      124.477
          147      123.929
          148      123.423
          149       123.13
          150       122.62
          151      122.089
          152      121.507
          153      121.062
          154      120.758
          155      120.542
          156      120.156
          157      119.765
          158      119.278
          159      118.636
          160      118.213
          161      117.991
          162      117.459
          163      116.708
          164      115.891
          165       115.03
          166      114.621
          167      114.421
          168      114.066
          169      113.758
          170      113.464
          171      113.311
          172      113.082
          173       112.93
          174      112.695
          175      112.719
          176      112.469
          177      112.087
          178      111.737
          179      111.168
          180      110.601
          181      110.063
          182      109.443
          183      109.077
          184      108.831
          185      108.547
          186      108.149
          187      107.756
          188      107.278
          189      106.518
          190      105.581
          191       104.98
          192      104.255
          193      103.816
          194      103.412
          195      103.146
          196          103
          197      102.899
          198      102.765
          199       102.54
          200      102.236
          201      101.904
          202      101.365
          203      101.014
          204       100.61
          205      100.245
          206      99.8081
          207      99.6044
          208      99.3303
          209      99.1871
          210       98.876
          211      98.3724
          212      97.9038
          213      97.5826
          214      97.3277
          215      97.1145
          216      97.0183
          217      96.9342
          218      96.8365
          219      96.6905
          220      96.5597
          221      96.4192
          222       96.324
          223      96.1614
          224      95.8262
          225      95.4382
          226      94.9982
          227      94.5058
          228      93.7654
          229      93.0334
          230        92.43
          231       92.129
          232      91.8822
          233      91.5583
          234      91.2455
          235      90.9292
          236      90.7908
          237      90.6922
          238      90.6242
          239       90.483
          240      90.2937
          241      90.1212
          242      90.0571
          243      90.1581
          244      90.1732
          245      89.8702
          246      89.5824
          247      88.8596
          248      87.9533
          249      87.3152
          250      86.9652
          251      86.7919
          252      86.6774
          253      86.6032
          254      86.5722
          255      86.5101
          256      86.3738
          257      86.2336
          258      86.0622
          259      85.9182
          260      85.7591
          261      85.7274
          262      85.7197
          263      86.0971
          264      86.6967
          265      86.8653
          266      86.9752
          267      86.9958
          268      86.7308
          269      85.8418
          270      85.4142
          271        84.83
          272      84.3356
          273      83.9535
          274       83.617
          275      83.4141
          276      83.2236
          277      83.0856
          278       82.916
          279      82.6449
          280      82.3432
          281      82.1101
          282      81.7897
          283      81.5864
          284      81.1803
          285      80.8848
          286      80.6367
          287      80.4477
          288      80.2368
          289      80.0454
          290      79.6687
          291       79.235
          292      78.8045
          293      78.5736
          294      78.6282
          295      78.7072
          296      78.5692
          297      78.7397
          298      78.7915
          299      78.3588
          300      77.8947
          301      77.6697
          302      77.5702
          303      77.4665
          304      77.3079
          305      77.1439
          306      77.0242
          307      76.9005
          308      76.8454
          309      76.8084
          310      76.7963
          311      76.7618
          312      76.6379
          313      76.3869
          314      76.1148
          315      75.8754
          316      75.6884
          317      75.5613
          318      75.4668
          319      75.3572
          320      75.2517
          321      75.1579
          322      75.1011
          323      75.0896
          324      75.0579
          325      74.9126
          326      74.7029
          327      74.4407
          328      74.1673
          329      73.9201
          330        73.59
          331      73.1494
          332      72.7376
          333      72.4971
          334      72.4662
          335      72.4418
          336      72.4123
          337      72.3588
          338      72.3177
          339      72.2667
          340      72.2092
          341      72.1265
          342       72.034
          343      71.9607
          344      71.9309
          345      71.9054
          346      71.8974
          347      71.8927
          348      71.8872
          349      71.8831
          350      71.8564
          351      71.8195
          352      71.7459
          353      71.6731
          354      71.6313
          355      71.5984
          356      71.5851
          357      71.5851
          358      71.5851
          359      71.5851
          360      71.5851
          361      71.5852
          362      71.5893
          363      71.6069
          364      71.6294
          365      71.6493
          366       71.666
          367       71.666
          368       71.666
          369       71.666
          370       71.666
          371       71.666
          372       71.666
          373       71.666
          374       71.666
          375       71.666
          376       71.666
          377       71.666
          378       71.666
          379       71.666
          380       71.666
          381       71.666
          382       71.666
          383       71.666
          384       71.666
          385      71.6658
          386      71.6622
          387      71.6456
          388      71.6213
          389      71.6021
          390      71.5913
          391      71.5601
          392      71.4693
          393      71.3222
          394      71.1796
          395      71.1171
          396      71.1171
          397      71.1171
          398      71.1171
          399      71.1171
          400      71.1171
          401      71.1171
          402      71.1171
          403      71.1171
          404      71.1171
          405      71.1171
          406      71.1171
          407      71.1171
          408      71.1171
          409      71.1171
          410      71.1171
          411      71.1171
          412      71.1171
          413      71.1171
          414      71.1171
          415      71.1171
          416      71.1171
          417      71.1171
          418      71.1171
          419      71.1171
          420      71.1171
          421      71.1171
          422      71.1171
          423      71.1171
          424      71.1173
          425      71.1231
          426      71.1278
          427      71.0921
          428      71.0167
          429      70.9362
          430      70.8975
          431       70.861
          432      70.8213
          433      70.7294
          434      70.6074
          435      70.4843
          436      70.4069
          437      70.3506
          438      70.3349
          439      70.2957
          440      70.2326
          441      70.1577
          442       70.104
          443      70.0416
          444      69.9417
          445      69.8387
          446      69.7626
          447      69.7626
          448      69.7626
          449      69.7626
          450      69.7626
          451      69.7626
          452      69.7626
          453      69.7626
          454      69.7626
          455      69.7626
          456      69.7626
          457      69.7626
          458      69.7626
          459      69.7626
          460      69.7626
          461      69.7626
          462      69.7626
          463      69.7626
          464      69.7626
          465      69.7626
          466      69.7626
          467      69.7626
          468      69.7626
          469      69.7626
          470      69.7626
          471      69.7613
          472      69.7422
          473      69.6793
          474      69.5826
          475      69.5172
          476      69.4496
          477      69.4434
          478      69.4434
          479      69.4434
          480      69.4434
          481      69.4434
          482      69.4434
          483      69.4434
          484      69.4434
          485      69.4434
          486      69.4434
          487      69.4434
          488      69.4434
          489      69.4434
          490      69.4434
          491      69.4434
          492      69.4434
          493      69.4434
          494      69.4434
          495      69.4434
          496      69.4434
          497      69.4434
          498      69.4434
          499      69.4434
          500      69.4434
          501      69.4434
          502      69.4434
          503      69.4434
          504      69.4434
          505      69.4434
          506      69.4434
          507      69.4434
          508      69.4434
          509      69.4434
          510      69.4434
          511      69.4434
          512      69.4434
          513      69.4434
          514      69.4434
          515      69.4434
          516      69.4434
          517      69.4434
          518      69.4434
          519      69.4434
          520      69.4434
          521      69.4434
          522      69.4434
          523      69.4434
          524      69.4434
          525      69.4434
          526      69.4434
          527      69.4434
          528      69.4434
          529      69.4434
          530      69.4434
          531      69.4434
          532       69.443
          533      69.4297
          534      69.3938
          535      69.3352
          536      69.2947
          537      69.2517
          538      69.2467
          539      69.2467
          540      69.2467
          541      69.2467
          542      69.2467
          543      69.2467
          544      69.2467
          545      69.2467
          546      69.2467
          547      69.2467
          548      69.2467
          549      69.2467
          550      69.2467
          551      69.2467
          552      69.2467
          553      69.2467
          554      69.2467
          555      69.2467
          556      69.2467
          557      69.2467
          558      69.2467
          559      69.2467
          560      69.2467
          561      69.2467
          562      69.2467
          563      69.2467
          564      69.2467
          565      69.2467
          566      69.2467
          567      69.2467
          568      69.2467
          569      69.2467
          570      69.2467
          571      69.2467
          572      69.2467
          573      69.2466
          574       69.246
          575      69.2428
          576      69.2373
          577      69.2312
          578      69.2285
          579      69.2285
          580      69.2285
          581      69.2285
          582      69.2285
          583      69.2285
          584      69.2285
          585      69.2285
          586      69.2285
          587      69.2285
          588      69.2285
          589      69.2285
          590      69.2285
          591      69.2285
          592      69.2285
          593      69.2285
          594      69.2285
          595      69.2285
          596      69.2285
          597      69.2285
          598      69.2285
          599      69.2285
          600      69.2285
          601      69.2285
          602      69.2285
          603      69.2285
          604      69.2285
          605      69.2285
          606      69.2285
          607      69.2285
          608      69.2285
          609      69.2285
          610      69.2285
          611      69.2285
          612      69.2285
          613      69.2285
          614      69.2285
          615      69.2285
          616      69.2285
          617      69.2285
          618      69.2285
          619      69.2285
          620      69.2285
          621      69.2285
          622      69.2285
          623      69.2285
          624      69.2285
          625      69.2285
          626      69.2285
          627      69.2285
          628      69.2285
          629      69.2285
          630      69.2285
          631      69.2285
          632      69.2285
          633      69.2285
          634      69.2285
          635      69.2285
          636      69.2285
          637      69.2285
          638      69.2285
          639      69.2285
          640      69.2285
          641      69.2285
          642      69.2285
          643      69.2285
          644      69.2285
          645      69.2285
          646      69.2285
          647      69.2285
          648      69.2285
          649      69.2285
          650      69.2285
          651      69.2285
          652      69.2285
          653      69.2285
          654      69.2285
          655      69.2285
          656      69.2285
          657      69.2285
          658      69.2285
          659      69.2285
          660      69.2285
          661      69.2285
          662      69.2285
          663      69.2285
          664      69.2285
          665      69.2285
          666      69.2285
          667      69.2285
          668      69.2285
          669      69.2285
          670      69.2285
          671      69.2285
          672      69.2285
          673      69.2285
          674      69.2285
          675      69.2285
          676      69.2285
          677      69.2285
          678      69.2285
          679      69.2285
          680      69.2285
          681      69.2285
          682      69.2285
          683      69.2285
          684      69.2285
          685      69.2285
          686      69.2285
          687      69.2285
          688      69.2285
          689      69.2285
          690      69.2285
          691      69.2285
          692      69.2285
          693      69.2285
          694      69.2285
          695      69.2285
          696      69.2285
          697      69.2285
          698      69.2285
          699      69.2285
          700      69.2285
          701      69.2285
          702      69.2285
          703      69.2285
          704      69.2285
          705      69.2285
          706      69.2285
          707      69.2285
          708      69.2285
          709      69.2285
          710      69.2285
          711      69.2285
          712      69.2285
          713      69.2285
          714       69.268
          715      69.5791
          716      70.2293
          717      71.3179
          718      71.0686
          719      70.1746
          720      69.9168
          721      69.4453
          722      69.2318
          723      69.2285
          724      69.2285
          725      69.2285
          726      69.2285
          727      69.2285
          728      69.2285
          729      69.2285
          730      69.2285
          731      69.2285
          732      69.2285
          733      69.2285
          734      69.2285
          735      69.2285
          736      69.2285
          737      69.2285
          738      69.2285
          739      69.2285
          740      69.2285
          741      69.2285
          742      69.2285
          743      69.2285
          744      69.2285
          745      69.2285
          746      69.2285
          747      69.2285
          748      69.2285
          749      69.2285
          750      69.2285
          751      69.2285
          752      69.2285
          753      69.2285
          754      69.2285
          755      69.2285
          756      69.2285
          757      69.2285
          758      69.2285
          759      69.2285
          760      69.2285
          761      69.2285
          762      69.2285
          763      69.2285
          764      69.2285
          765      69.2285
          766      69.2285
          767      69.2279
          768      69.2101
          769      69.1398
          770      69.0445
          771      68.9446
          772      68.8999
          773      68.8999
          774      68.8999
          775      68.8999
          776      68.8999
          777      68.8999
          778      68.8999
          779      68.8999
          780      68.8999
          781      68.8999
          782      68.8999
          783      68.8999
          784      68.8999
          785      68.8999
          786      68.8999
          787      68.8999
          788      68.8999
          789      68.8999
          790      68.8999
          791      68.8999
          792      68.8999
          793      68.8999
          794      68.8999
          795      68.8999
          796      68.8999
          797      68.8999
          798      68.8999
          799      68.8999
          800      68.8999
          801      68.8999
          802      68.8999
          803      68.8999
          804      68.8999
          805      68.8999
          806      68.8999
          807      68.8999
          808      68.8999
          809      68.8999
          810      68.8999
          811      68.8999
          812      68.8999
          813      68.8999
          814      68.8999
          815      68.8999
          816      68.8999
          817      68.8999
          818      68.8999
          819      68.8999
          820      68.8999
          821      68.8999
          822      68.8999
          823      68.8999
          824      68.8999
          825      68.8999
          826      68.8999
          827      68.8999
          828      68.8999
          829      68.8999
          830      68.8999
          831      68.8999
          832      68.8999
          833      68.8999
          834      68.8999
          835      68.8999
          836      68.8999
          837      68.8999
          838      68.8999
          839      68.8999
          840      68.8999
          841      68.8999
          842      68.8999
          843      68.8999
          844      68.8999
          845      68.8999
          846      68.8999
          847      68.8999
          848      68.8999
          849      68.8999
          850      68.8999
          851      68.8999
          852      68.8999
          853      68.8999
          854      68.8999
          855      68.8999
          856      68.8999
          857      68.8999
          858      68.8999
          859      68.8999
          860      68.8999
          861      68.8999
          862      68.8999
          863      68.8999
          864      68.8999
          865      68.8999
          866      68.8999
          867      68.8999
          868      68.8999
          869      68.8999
          870      68.8999
          871      68.8999
          872      68.8999
          873      68.8999
          874      68.8999
          875      68.8999
          876      68.8999
          877      68.8999
          878      68.8999
          879      68.8999
          880      68.8999
          881      68.8999
          882      68.8999
          883      68.8999
          884      68.8999
          885      68.8999
          886      68.8999
          887      68.8999
          888      68.8999
          889      68.8999
          890      68.8999
          891      68.8999
          892      68.8999
          893      68.8999
          894      68.8999
          895      68.8999
          896      68.8999
          897      68.8999
          898      68.8999
          899      68.8999
          900      68.8999
          901      68.8999
          902      68.8999
          903      68.8999
          904      68.8998
          905       68.898
          906      68.8909
          907      68.8815
          908      68.8696
          909      68.8622
          910      68.8559
          911      68.8555
          912      68.8555
          913      68.8555
          914      68.8555
          915      68.8555
          916      68.8555
          917      68.8555
          918      68.8555
          919      68.8555
          920      68.8555
          921      68.8555
          922      68.8555
          923      68.8555
          924      68.8555
          925      68.8555
          926      68.8555
          927      68.8555
          928      68.8555
          929      68.8555
          930      68.8555
          931      68.8555
          932      68.8549
          933      68.8428
          934      68.7988
          935      68.7234
          936      68.6256
          937      68.5707
          938      68.5538
          939      68.5538
          940      68.5538
          941      68.5538
          942      68.5538
          943      68.5533
          944       68.543
          945      68.4921
          946      68.4214
          947      68.3548
          948      68.3302
          949      68.3301
          950      68.3293
          951      68.3253
          952       68.319
          953      68.3123
          954      68.3029
          955        68.27
          956      68.2202
          957      68.1672
          958      68.1368
          959      68.1145
          960      68.1145
          961      68.1145
          962      68.1145
          963      68.1145
          964      68.1145
          965      68.1145
          966      68.1145
          967      68.1145
          968      68.1145
          969      68.1145
          970      68.1145
          971      68.1145
          972      68.1145
          973      68.1145
          974      68.1145
          975      68.1145
          976      68.1145
          977      68.1145
          978      68.1145
          979      68.1145
          980      68.1145
          981      68.1145
          982      68.1145
          983      68.1145
          984      68.1145
          985      68.1145
          986      68.1145
          987      68.1145
          988      68.1145
          989      68.1145
          990      68.1145
          991      68.1145
          992      68.1145
          993      68.1145
          994      68.1145
          995      68.1145
          996      68.1145
          997      68.1145
          998      68.1145
          999      68.1145
         1000      68.1145
         1001      68.1145
         1002      68.1145
         1003      68.1145
         1004      68.1145
         1005      68.1145
         1006      68.1145
         1007      68.1145
         1008      68.1145
         1009      68.1145
         1010      68.1145
         1011      68.1145
         1012      68.1145
         1013      68.1145
         1014      68.1145
         1015      68.1145
         1016      68.1145
         1017      68.1145
         1018      68.1145
         1019      68.1145
         1020      68.1145
         1021      68.1145
         1022      68.1145
         1023      68.1145
         1024      68.1145
         1025      68.1145
         1026      68.1145
         1027      68.1145
         1028      68.1145
         1029      68.1145
         1030      68.1145
         1031      68.1145
         1032      68.1145
         1033      68.1145
         1034      68.1145
         1035      68.1145
         1036      68.1145
         1037      68.1145
         1038      68.1145
         1039      68.1145
         1040      68.1145
         1041      68.1145
         1042      68.1145
         1043      68.1145
         1044      68.1145
         1045      68.1145
         1046      68.1145
         1047      68.1145
         1048      68.1145
         1049      68.1145
         1050      68.1145
         1051      68.1145
         1052      68.1145
         1053      68.1145
         1054      68.1145
         1055      68.1145
         1056      68.1145
         1057      68.1145
         1058      68.1145
         1059      68.1145
         1060      68.1145
         1061      68.1145
         1062      68.1145
         1063      68.1145
         1064      68.1145
         1065      68.1145
         1066      68.1145
         1067      68.1145
         1068      68.1145
         1069      68.1145
         1070      68.1145
         1071      68.1145
         1072      68.1145
         1073      68.1145
         1074      68.1145
         1075      68.1145
         1076      68.1145
         1077      68.1145
         1078      68.1145
         1079      68.1145
         1080      68.1145
         1081      68.1145
         1082      68.1145
         1083      68.1145
         1084      68.1145
         1085      68.1145
         1086      68.1145
         1087      68.1145
         1088      68.1145
         1089      68.1145
         1090      68.1145
         1091      68.1145
         1092      68.1145
         1093      68.1145
         1094      68.1145
         1095      68.1145
         1096      68.1145
         1097      68.1145
         1098      68.1145
         1099      68.1145
         1100      68.1145
         1101      68.1145
         1102      68.1145
         1103      68.1145
         1104      68.1145
         1105      68.1145
         1106      68.1145
         1107      68.1145
         1108      68.1145
         1109      68.1145
         1110      68.1145
         1111      68.1145
         1112      68.1145
         1113      68.1145
         1114       68.114
         1115      68.0994
         1116      68.0585
         1117      67.9963
         1118      67.9373
         1119      67.8994
         1120      67.8803
         1121      67.8713
         1122      67.8713
         1123      67.8713
         1124      67.8713
         1125      67.8713
         1126      67.8713
         1127      67.8713
         1128      67.8713
         1129      67.8713
         1130      67.8713
         1131      67.8713
         1132      67.8713
         1133      67.8713
         1134      67.8713
         1135      67.8713
         1136      67.8713
         1137      67.8713
         1138      67.8713
         1139      67.8713
         1140      67.8713
         1141      67.8713
         1142      67.8713
         1143      67.8713
         1144      67.8713
         1145      67.8713
         1146      67.8713
         1147      67.8713
         1148      67.8713
         1149      67.8713
         1150      67.8713
         1151      67.8713
         1152      67.8713
         1153      67.8713
         1154      67.8713
         1155      67.8713
         1156      67.8713
         1157      67.8713
         1158      67.8713
         1159      67.8713
         1160      67.8713
         1161      67.8713
         1162      67.8713
         1163      67.8713
         1164      67.8713
         1165      67.8713
         1166      67.8713
         1167      67.8713
         1168      67.8713
         1169      67.8713
         1170      67.8713
         1171      67.8713
         1172      67.8713
         1173      67.8713
         1174      67.8713
         1175      67.8713
         1176      67.8713
         1177      67.8713
         1178      67.8713
         1179      67.8713
         1180      67.8713
         1181      67.8713
         1182      67.8713
         1183      67.8713
         1184      67.8713
         1185      67.8713
         1186      67.8713
         1187      67.8713
         1188      67.8713
         1189      67.8713
         1190      67.8713
         1191      67.8713
         1192      67.8713
         1193      67.8713
         1194      67.8713
         1195      67.8713
         1196      67.8713
         1197      67.8713
         1198      67.8713
         1199      67.8713
         1200      67.8713
         1201      67.8713
         1202      67.8713
         1203      67.8713
         1204      67.8713
         1205      67.8713
         1206      67.8713
         1207      67.8713
         1208      67.8713
         1209      67.8713
         1210      67.8713
         1211      67.8713
         1212      67.8713
         1213      67.8713
         1214      67.8713
         1215      67.8713
         1216      67.8713
         1217      67.8713
         1218      67.8713
         1219      67.8713
         1220      67.8713
         1221      67.8713
         1222      67.8713
         1223      67.8713
         1224      67.8713
         1225      67.8713
         1226      67.8713
         1227      67.8713
         1228      67.8713
         1229      67.8713
         1230      67.8713
         1231      67.8713
         1232      67.8713
         1233      67.8713
         1234      67.8713
         1235      67.8713
         1236      67.8713
         1237      67.8713
         1238      67.8713
         1239      67.8713
         1240      67.8713
         1241      67.8713
         1242      67.8713
         1243      67.8713
         1244      67.8713
         1245      67.8713
         1246      67.8713
         1247      67.8713
         1248      67.8713
         1249      67.8713
         1250      67.8713
         1251      67.8713
         1252      67.8713
         1253      67.8713
         1254      67.8713
         1255      67.8713
         1256      67.8713
         1257      67.8713
         1258      67.8713
         1259      67.8713
         1260      67.8713
         1261      67.8713
         1262      67.8713
         1263      67.8713
         1264      67.8713
         1265      67.8713
         1266      67.8713
         1267      67.8713
         1268      67.8713
         1269      67.8713
         1270      67.8713
         1271      67.8713
         1272      67.8713
         1273      67.8713
         1274      67.8713
         1275      67.8713
         1276      67.8713
         1277      67.8713
         1278      67.8713
         1279      67.8713
         1280      67.8713
         1281      67.8713
         1282      67.8713
         1283      67.8713
         1284      67.8713
         1285      67.8713
         1286      67.8713
         1287      67.8713
         1288      67.8713
         1289      67.8713
         1290      67.8713
         1291      67.8713
         1292      67.8713
         1293      67.8713
         1294      67.8713
         1295      67.8713
         1296      67.8713
         1297      67.8713
         1298      67.8713
         1299      67.8713
         1300      67.8713
         1301      67.8713
         1302      67.8713
         1303      67.8713
         1304      67.8713
         1305      67.8713
         1306      67.8713
         1307      67.8713
         1308      67.8713
         1309      67.8713
         1310      67.8713
         1311      67.8713
         1312      67.8713
         1313      67.8713
         1314      67.8713
         1315      67.8713
         1316      67.8713
         1317      67.8713
         1318      67.8713
         1319      67.8713
         1320      67.8713
         1321      67.8713
         1322      67.8713
         1323      67.8713
         1324      67.8713
         1325      67.8713
         1326      67.8713
         1327      67.8713
         1328      67.8713
         1329      67.8713
         1330      67.8713
         1331      67.8713
         1332      67.8713
         1333      67.8713
         1334      67.8713
         1335      67.8713
         1336      67.8713
         1337      67.8713
         1338      67.8713
         1339      67.8713
         1340      67.8713
         1341      67.8713
         1342      67.8713
         1343      67.8713
         1344      67.8713
         1345      67.8713
         1346      67.8713
         1347      67.8713
         1348      67.8713
         1349      67.8713
         1350      67.8713
         1351      67.8713
         1352      67.8713
         1353      67.8713
         1354      67.8713
         1355      67.8713
         1356      67.8713
         1357      67.8713
         1358      67.8713
         1359      67.8713
         1360      67.8713
         1361      67.8713
         1362      67.8713
         1363      67.8713
         1364      67.8713
         1365      67.8713
         1366      67.8713
         1367      67.8713
         1368      67.8713
         1369      67.8713
         1370      67.8713
         1371      67.8713
         1372      67.8713
         1373      67.8713
         1374      67.8713
         1375      67.8713
         1376      67.8713
         1377      67.8713
         1378      67.8713
         1379      67.8713
         1380      67.8713
         1381      67.8713
         1382      67.8713
         1383      67.8713
         1384      67.8713
         1385      67.8713
         1386      67.8713
         1387      67.8713
         1388      67.8713
         1389      67.8713
         1390      67.8713
         1391      67.8713
         1392      67.8713
         1393      67.8713
         1394      67.8713
         1395      67.8713
         1396      67.8713
         1397      67.8713
         1398      67.8713
         1399      67.8713
         1400      67.8713
         1401      67.8713
         1402      67.8713
         1403      67.8713
         1404      67.8713
         1405      67.8713
         1406      67.8713
         1407      67.8713
         1408      67.8713
         1409      67.8713
         1410      67.8713
         1411      67.8713
         1412      67.8713
         1413      67.8713
         1414      67.8713
         1415      67.8713
         1416      67.8713
         1417      67.8713
         1418      67.8713
         1419      67.8713
         1420      67.8713
         1421      67.8713
         1422      67.8713
         1423      67.8713
         1424      67.8713
         1425      67.8713
         1426      67.8713
         1427      67.8713
         1428      67.8713
         1429      67.8713
         1430      67.8713
         1431      67.8713
         1432      67.8713
         1433      67.8713
         1434      67.8713
         1435      67.8713
         1436      67.8713
         1437      67.8713
         1438      67.8713
         1439      67.8713
         1440      67.8713
         1441      67.8713
         1442      67.8713
         1443      67.8713
         1444      67.8713
         1445      67.8713
         1446      67.8713
         1447      67.8713
         1448      67.8713
         1449      67.8713
         1450      67.8713
         1451      67.8713
         1452      67.8713
         1453      67.8713
         1454      67.8713
         1455      67.8713
         1456      67.8713
         1457      67.8713
         1458      67.8713
         1459      67.8713
         1460      67.8713
         1461      67.8713
         1462      67.8713
         1463      67.8713
         1464      67.8713
         1465      67.8713
         1466      67.8713
         1467      67.8713
         1468      67.8713
         1469      67.8713
         1470      67.8713
         1471      67.8713
         1472      67.8713
         1473      67.8713
         1474      67.8713
         1475      67.8713
         1476      67.8713
         1477      67.8713
         1478      67.8713
         1479      67.8713
         1480      67.8713
         1481      67.8713
         1482      67.8713
         1483      67.8713
         1484      67.8713
         1485      67.8713
         1486      67.8713
         1487      67.8713
         1488      67.8713
         1489      67.8713
         1490      67.8713
         1491      67.8713
         1492      67.8713
         1493      67.8713
         1494      67.8713
         1495      67.8713
         1496      67.8713
         1497      67.8713
         1498      67.8713
         1499      67.8713
         1500      67.8713
         1501      67.8713
         1502      67.8713
         1503      67.8713
         1504      67.8713
         1505      67.8713
         1506      67.8713
         1507      67.8713
         1508      67.8713
         1509      67.8713
         1510      67.8713
         1511      67.8713
         1512      67.8713
         1513      67.8713
         1514      67.8713
         1515      67.8713
         1516      67.8713
         1517      67.8713
         1518      67.8713
         1519      67.8713
         1520      67.8713
         1521      67.8713
         1522      67.8713
         1523      67.8713
         1524      67.8713
         1525      67.8713
         1526      67.8713
         1527      67.8713
         1528      67.8713
         1529      67.8713
         1530      67.8713
         1531      67.8713
         1532      67.8713
         1533      67.8713
         1534      67.8713
         1535      67.8713
         1536      67.8713
         1537      67.8713
         1538      67.8713
         1539      67.8713
         1540      67.8713
         1541      67.8713
         1542      67.8713
         1543      67.8713
         1544      67.8713
         1545      67.8713
         1546      67.8713
         1547      67.8713
         1548      67.8713
         1549      67.8713
         1550      67.8713
         1551      67.8713
         1552      67.8713
         1553      67.8713
         1554      67.8713
         1555      67.8713
         1556      67.8713
         1557      67.8713
         1558      67.8713
         1559      67.8713
         1560      67.8713
         1561      67.8713
         1562      67.8713
         1563      67.8713
         1564      67.8713
         1565      67.8713
         1566      67.8713
         1567      67.8713
         1568      67.8713
         1569      67.8713
         1570      67.8713
         1571      67.8713
         1572      67.8713
         1573      67.8713
         1574      67.8713
         1575      67.8713
         1576      67.8713
         1577      67.8713
         1578      67.8713
         1579      67.8713
         1580      67.8713
         1581      67.8713
         1582      67.8713
         1583      67.8713
         1584      67.8713
         1585      67.8713
         1586      67.8713
         1587      67.8713
         1588      67.8713
         1589      67.8713
         1590      67.8713
         1591      67.8713
         1592      67.8713
         1593      67.8713
         1594      67.8713
         1595      67.8713
         1596      67.8713
         1597      67.8713
         1598      67.8713
         1599      67.8713
         1600      67.8713
         1601      67.8713
         1602      67.8713
         1603      67.8713
         1604      67.8713
         1605      67.8713
         1606      67.8713
         1607      67.8713
         1608      67.8713
         1609      67.8713
         1610      67.8713
         1611      67.8713
         1612      67.8713
         1613      67.8713
         1614      67.8713
         1615      67.8713
         1616      67.8713
         1617      67.8713
         1618      67.8713
         1619      67.8713
         1620      67.8713
         1621      67.8713
         1622      67.8713
         1623      67.8713
         1624      67.8713
         1625      67.8713
         1626      67.8713
         1627      67.8713
         1628      67.8713
         1629      67.8713
         1630      67.8713
         1631      67.8713
         1632      67.8713
         1633      67.8713
         1634      67.8713
         1635      67.8713
         1636      67.8713
         1637      67.8713
         1638      67.8713
         1639      67.8713
         1640      67.8713
         1641      67.8713
         1642      67.8713
         1643      67.8713
         1644      67.8713
         1645      67.8713
         1646      67.8713
         1647      67.8713
         1648      67.8713
         1649      67.8713
         1650      67.8713
         1651      67.8713
         1652      67.8713
         1653      67.8713
         1654      67.8713
         1655      67.8713
         1656      67.8713
         1657      67.8713
         1658      67.8713
         1659      67.8713
         1660      67.8713
         1661      67.8713
         1662      67.8713
         1663      67.8713
         1664      67.8713
         1665      67.8713
         1666      67.8713
         1667      67.8713
         1668      67.8713
         1669      67.8713
         1670      67.8713
         1671      67.8713
         1672      67.8713
         1673      67.8713
         1674      67.8713
         1675      67.8713
         1676      67.8713
         1677      67.8713
         1678      67.8713
         1679      67.8713
         1680      67.8713
         1681      67.8713
         1682      67.8713
         1683      67.8713
         1684      67.8713
         1685      67.8713
         1686      67.8713
         1687      67.8713
         1688      67.8713
         1689      67.8713
         1690      67.8713
         1691      67.8713
         1692      67.8713
         1693      67.8713
         1694      67.8713
         1695      67.8713
         1696      67.8713
         1697      67.8713
         1698      67.8713
         1699      67.8713
         1700      67.8713
         1701      67.8713
         1702      67.8713
         1703      67.8713
         1704      67.8713
         1705      67.8713
         1706      67.8713
         1707      67.8713
         1708      67.8713
         1709      67.8713
         1710      67.8713
         1711      67.8713
         1712      67.8713
         1713      67.8713
         1714      67.8713
         1715      67.8713
         1716      67.8713
         1717      67.8713
         1718      67.8713
         1719      67.8713
         1720      67.8713
         1721      67.8713
         1722      67.8713
         1723      67.8713
         1724      67.8713
         1725      67.8713
         1726      67.8713
         1727      67.8713
         1728      67.8713
         1729      67.8713
         1730      67.8713
         1731      67.8713
         1732      67.8713
         1733      67.8713
         1734      67.8713
         1735      67.8713
         1736      67.8713
         1737      67.8713
         1738      67.8713
         1739      67.8713
         1740      67.8713
         1741      67.8713
         1742      67.8713
         1743      67.8713
         1744      67.8713
         1745      67.8713
         1746      67.8713
         1747      67.8713
         1748      67.8713
         1749      67.8713
         1750      67.8713
         1751      67.8713
         1752      67.8713
         1753      67.8713
         1754      67.8713
         1755      67.8713
         1756      67.8713
         1757      67.8713
         1758      67.8713
         1759      67.8713
         1760      67.8713
         1761      67.8713
         1762      67.8713
         1763      67.8713
         1764      67.8713
         1765      67.8713
         1766      67.8713
         1767      67.8709
         1768       67.863
         1769      67.8238
         1770      67.7901
         1771      67.7192
         1772      67.6699
         1773      67.6514
         1774      67.6514
         1775      67.6514
         1776      67.6514
         1777      67.6514
         1778      67.6514
         1779      67.6514
         1780      67.6514
         1781      67.6514
         1782      67.6514
         1783      67.6514
         1784      67.6514
         1785      67.6514
         1786      67.6514
         1787      67.6514
         1788      67.6514
         1789      67.6514
         1790      67.6514
         1791      67.6514
         1792      67.6514
         1793      67.6514
         1794      67.6514
         1795      67.6514
         1796      67.6514
         1797      67.6514
         1798      67.6514
         1799      67.6514
         1800      67.6514
         1801      67.6514
         1802      67.6514
         1803      67.6514
         1804      67.6514
         1805      67.6514
         1806      67.6514
         1807      67.6514
         1808      67.6514
         1809      67.6514
         1810      67.6514
         1811      67.6514
         1812      67.6514
         1813      67.6514
         1814      67.6514
         1815      67.6514
         1816      67.6514
         1817      67.6514
         1818      67.6513
         1819      67.6492
         1820      67.6394
         1821      67.6208
         1822      67.6019
         1823      67.5911
         1824      67.5897
         1825      67.5897
         1826      67.5897
         1827      67.5897
         1828      67.5897
         1829      67.5897
         1830      67.5897
         1831      67.5897
         1832      67.5897
         1833      67.5897
         1834      67.5897
         1835      67.5897
         1836      67.5897
         1837      67.5897
         1838      67.5897
         1839      67.5897
         1840      67.5897
         1841      67.5897
         1842      67.5897
         1843      67.5897
         1844      67.5897
         1845      67.5897
         1846      67.5897
         1847      67.5897
         1848      67.5897
         1849      67.5897
         1850      67.5897
         1851      67.5897
         1852      67.5897
         1853      67.5897
         1854      67.5897
         1855      67.5897
         1856      67.5897
         1857      67.5897
         1858      67.5897
         1859      67.5897
         1860      67.5897
         1861      67.5897
         1862      67.5897
         1863      67.5897
         1864      67.5897
         1865      67.5897
         1866      67.5897
         1867      67.5897
         1868      67.5897
         1869      67.5897
         1870      67.5897
         1871      67.5897
         1872      67.5897
         1873      67.5897
         1874      67.5897
         1875      67.5897
         1876      67.5897
         1877      67.5897
         1878      67.5897
         1879      67.5897
         1880      67.5897
         1881      67.5897
         1882      67.5897
         1883      67.5897
         1884      67.5897
         1885      67.5897
         1886      67.5897
         1887      67.5897
         1888      67.5897
         1889      67.5897
         1890      67.5897
         1891      67.5897
         1892      67.5897
         1893      67.5897
         1894      67.5897
         1895      67.5897
         1896      67.5897
         1897      67.5897
         1898      67.5897
         1899      67.5897
         1900      67.5897
         1901      67.5897
         1902      67.5897
         1903      67.5897
         1904      67.5897
         1905      67.5897
         1906      67.5897
         1907      67.5897
         1908      67.5897
         1909      67.5897
         1910      67.5897
         1911      67.5897
         1912      67.5897
         1913      67.5897
         1914      67.5897
         1915      67.5897
         1916      67.5897
         1917      67.5897
         1918      67.5897
         1919      67.5897
         1920      67.5897
         1921      67.5897
         1922      67.5897
         1923      67.5897
         1924      67.5897
         1925      67.5897
         1926      67.5897
         1927      67.5897
         1928      67.5897
         1929      67.5897
         1930      67.5897
         1931      67.5897
         1932      67.5897
         1933      67.5897
         1934      67.5897
         1935      67.5897
         1936      67.5897
         1937      67.5897
         1938      67.5897
         1939      67.5897
         1940      67.5897
         1941      67.5897
         1942      67.5897
         1943      67.5897
         1944      67.5897
         1945      67.5897
         1946      67.5897
         1947      67.5897
         1948      67.5897
         1949      67.5897
         1950      67.5897
         1951      67.5897
         1952      67.5897
         1953      67.5897
         1954      67.5897
         1955      67.5897
         1956      67.5897
         1957      67.5897
         1958      67.5897
         1959      67.5897
         1960      67.5897
         1961      67.5897
         1962      67.5897
         1963      67.5897
         1964      67.5897
         1965      67.5897
         1966      67.5897
         1967      67.5897
         1968      67.5897
         1969      67.5897
         1970      67.5897
         1971      67.5897
         1972      67.5897
         1973      67.5897
         1974      67.5897
         1975      67.5897
         1976      67.5897
         1977      67.5897
         1978      67.5897
         1979      67.5897
         1980      67.5897
         1981      67.5897
         1982      67.5897
         1983      67.5897
         1984      67.5897
         1985      67.5897
         1986      67.5897
         1987      67.5897
         1988      67.5897
         1989      67.5897
         1990      67.5897
         1991      67.5897
         1992      67.5897
         1993      67.5897
         1994      67.5897
         1995      67.5897
         1996      67.5897
         1997      67.5897
         1998      67.5897
         1999      67.5897
         2000      67.5897
