#   N_BLOCK:  ACCEPTANCE:
           1        0.72
           2        0.63
           3    0.633333
           4       0.635
           5         0.6
           6        0.59
           7    0.588571
           8        0.58
           9    0.553333
          10       0.556
          11    0.556364
          12        0.55
          13    0.536923
          14        0.53
          15    0.529333
          16     0.52875
          17    0.516471
          18    0.513333
          19    0.508421
          20       0.517
          21    0.515238
          22    0.511818
          23    0.516522
          24      0.5175
          25      0.5216
          26    0.516154
          27    0.519259
          28    0.521429
          29    0.517931
          30    0.520667
          31     0.52129
          32    0.525625
          33    0.526061
          34    0.527647
          35       0.528
          36    0.526667
          37    0.530811
          38    0.532632
          39    0.531282
          40        0.53
          41    0.529756
          42    0.531905
          43    0.528837
          44    0.529091
          45       0.528
          46    0.526522
          47    0.526809
          48      0.5275
          49    0.527347
          50      0.5284
          51     0.53098
          52    0.533462
          53    0.534717
          54    0.534074
          55    0.534909
          56    0.536786
          57    0.538596
          58    0.539655
          59    0.538305
          60       0.539
          61    0.541639
          62    0.542903
          63    0.543175
          64    0.544687
          65    0.545846
          66    0.544848
          67    0.545075
          68    0.545882
          69    0.546087
          70    0.547429
          71    0.547606
          72    0.548333
          73    0.547671
          74    0.547838
          75      0.5472
          76    0.543947
          77    0.543636
          78    0.544359
          79    0.543544
          80      0.5435
          81    0.543457
          82    0.543171
          83    0.541928
          84     0.54119
          85    0.542824
          86    0.543721
          87    0.544828
          88    0.545682
          89    0.545843
          90    0.545556
          91    0.547253
          92    0.545652
          93    0.544946
          94    0.545106
          95    0.546316
          96      0.5475
          97    0.547216
          98    0.547143
          99    0.546869
         100      0.5484
         101    0.548317
         102     0.54902
         103    0.549903
         104    0.550385
         105    0.550286
         106    0.549434
         107    0.548972
         108    0.547963
         109    0.546972
         110    0.546727
         111    0.546847
         112    0.545714
         113    0.546372
         114     0.54614
         115    0.546261
         116    0.544655
         117    0.543932
         118    0.544237
         119    0.544538
         120    0.545833
         121    0.545124
         122    0.545082
         123    0.545041
         124    0.546129
         125     0.54752
         126     0.54619
         127    0.545827
         128    0.546719
         129    0.546977
         130    0.547385
         131    0.548244
         132    0.547879
         133    0.547218
         134    0.547015
         135    0.547704
         136    0.547941
         137    0.548321
         138    0.548261
         139    0.548058
         140       0.548
         141    0.547092
         142    0.546338
         143    0.546434
         144    0.546528
         145    0.546345
         146    0.546849
         147    0.545714
         148    0.545946
         149    0.545772
         150    0.546533
         151     0.54755
         152    0.547368
         153     0.54719
         154    0.547013
         155    0.546194
         156    0.544615
         157    0.544331
         158    0.543924
         159    0.543522
         160    0.543375
         161    0.542733
         162    0.542963
         163    0.542577
         164    0.543293
         165    0.543879
         166    0.543614
         167    0.543713
         168    0.543095
         169    0.543787
         170    0.544118
         171    0.544211
         172    0.544302
         173    0.543468
         174    0.543103
         175    0.542171
         176    0.540455
         177    0.540339
         178    0.539775
         179    0.540223
         180    0.539333
         181    0.539779
         182     0.54044
         183    0.540109
         184    0.539891
         185    0.539784
         186     0.54086
         187    0.541497
         188     0.54117
         189    0.539894
         190    0.539474
         191    0.538429
         192    0.538229
         193    0.539067
         194    0.539485
         195    0.538872
         196    0.538163
         197    0.537665
         198    0.537475
         199    0.537286
         200       0.537
         201    0.536119
         202    0.536139
         203    0.536552
         204    0.537353
         205    0.537463
         206    0.538155
         207    0.538261
         208    0.538654
         209    0.538565
         210    0.538476
         211    0.538768
         212    0.538491
         213    0.537746
         214    0.537103
         215    0.537023
         216    0.536759
         217    0.537143
         218    0.537431
         219    0.537626
         220    0.537364
         221    0.536923
         222    0.537297
         223    0.537668
         224    0.537679
         225    0.537867
         226    0.538053
         227    0.537533
         228    0.537719
         229    0.538341
         230    0.538435
         231    0.538009
         232    0.537414
         233    0.537082
         234    0.536496
         235     0.53634
         236    0.537119
         237    0.536878
         238    0.536891
         239    0.536736
         240     0.53675
         241    0.536598
         242    0.536694
         243    0.536626
         244    0.536885
         245     0.53698
         246    0.535854
         247    0.535951
         248     0.53629
         249    0.536064
         250     0.53608
         251    0.536096
         252    0.535556
         253    0.536047
         254    0.536535
         255    0.535922
         256    0.535937
         257    0.535564
         258    0.534884
         259    0.535135
         260    0.535154
         261    0.535402
         262    0.534809
         263    0.534905
         264    0.535076
         265    0.535396
         266    0.535263
         267     0.53573
         268    0.536194
         269    0.535911
         270    0.536148
         271    0.536015
         272    0.535662
         273    0.535165
         274    0.535328
         275    0.534764
         276     0.53442
         277    0.534513
         278    0.534101
         279    0.533477
         280    0.533214
         281    0.533452
         282    0.533901
         283    0.533852
         284    0.533662
         285    0.533614
         286    0.533776
         287    0.534077
         288    0.534375
         289    0.534256
         290    0.534621
         291    0.534777
         292    0.534863
         293    0.533993
         294    0.533605
         295    0.533695
         296    0.533581
         297    0.533468
         298    0.533624
         299    0.533579
         300    0.534133
         301    0.534485
         302    0.534834
         303    0.535644
         304    0.535921
         305    0.535934
         306    0.535817
         307    0.535961
         308    0.535519
         309    0.535858
         310    0.535806
         311    0.535691
         312    0.536282
         313    0.536166
         314    0.535924
         315    0.535683
         316     0.53557
         317    0.535836
         318    0.535849
         319    0.535674
         320    0.535813
         321    0.535514
         322    0.535466
         323    0.535356
         324    0.535309
         325    0.535631
         326    0.535092
         327    0.534862
         328       0.535
         329    0.534894
         330    0.535091
         331    0.534743
         332    0.534699
         333    0.534715
         334     0.53479
         335    0.534925
         336    0.534881
         337    0.535015
         338    0.534852
         339    0.535457
         340    0.535412
         341    0.535191
         342    0.535556
         343    0.535918
         344    0.535872
         345    0.535536
         346     0.53526
         347    0.535677
         348    0.536207
         349    0.536562
         350    0.536857
         351    0.537037
         352    0.536932
         353     0.53728
         354    0.537232
         355    0.536958
         356    0.537191
         357    0.536807
         358    0.536648
         359    0.536936
         360    0.536833
         361    0.536343
         362    0.536851
         363    0.536419
         364    0.536429
         365    0.536219
         366    0.536339
         367    0.536349
         368    0.536304
         369     0.53664
         370    0.536649
         371     0.53655
         372    0.536667
         373    0.536944
         374    0.536738
         375    0.536693
         376    0.537021
         377    0.537188
         378    0.537249
         379    0.537414
         380       0.537
         381    0.537375
         382    0.537435
         383    0.537441
         384    0.537188
         385    0.537351
         386    0.537358
         387    0.537468
         388    0.537526
         389    0.537584
         390    0.537436
         391     0.53688
         392    0.536837
         393    0.536641
         394    0.536447
         395    0.536304
         396    0.535808
         397    0.535365
         398    0.535025
         399    0.535138
         400     0.53535
         401    0.535262
         402    0.535522
         403    0.535136
         404     0.53505
         405    0.534963
         406    0.534778
         407    0.534791
         408    0.534755
         409     0.53511
         410    0.535073
         411    0.535328
         412    0.535194
         413    0.534915
         414    0.535169
         415    0.535518
         416    0.535913
         417    0.536067
         418    0.535837
         419     0.53537
         420    0.534476
         421    0.534014
         422    0.533886
         423    0.533617
         424    0.533491
         425    0.533694
         426    0.533521
         427    0.533911
         428    0.533972
         429    0.533753
         430    0.533814
         431    0.533689
         432    0.533981
         433     0.53418
         434    0.534009
         435    0.534207
         436    0.534174
         437    0.533638
         438    0.533288
         439    0.533166
         440    0.533045
         441    0.533016
         442    0.533077
         443    0.532867
         444    0.532838
         445    0.532494
         446    0.532332
         447    0.532394
         448    0.532679
         449    0.533185
         450    0.533422
         451    0.533437
         452    0.533496
         453     0.53351
         454      0.5337
         455    0.533582
         456    0.533684
         457    0.533917
         458    0.533712
         459    0.533682
         460    0.533739
         461    0.533839
         462    0.533506
         463    0.533521
         464    0.533793
         465    0.533634
         466    0.533605
         467    0.533704
         468    0.533291
         469    0.532878
         470    0.532553
         471    0.532866
         472    0.532458
         473    0.532347
         474    0.531857
         475    0.531958
         476    0.532269
         477    0.532369
         478    0.532385
         479    0.532276
         480    0.532042
         481    0.532058
         482    0.532241
         483    0.532174
         484    0.531901
         485    0.532082
         486    0.532305
         487    0.532444
         488    0.532869
         489    0.533047
         490    0.532816
         491    0.532912
         492    0.533008
         493    0.533063
         494    0.533198
         495    0.533414
         496    0.533387
         497     0.53328
         498    0.533253
         499    0.533307
         500     0.53312
         501    0.533333
         502    0.533187
         503    0.532962
         504    0.533095
         505    0.533228
         506    0.533478
         507    0.533649
         508    0.533937
         509    0.533556
         510    0.533373
         511    0.533503
         512    0.533672
         513    0.533294
         514    0.532996
         515     0.53301
         516    0.533333
         517    0.533617
         518    0.533552
         519    0.533873
         520       0.534
         521    0.534203
         522    0.534368
         523    0.534302
         524    0.534466
         525    0.534629
         526    0.534449
         527    0.534307
         528    0.534242
         529    0.534291
         530    0.534302
         531    0.534388
         532    0.534586
         533    0.534897
         534    0.535243
         535    0.535439
         536    0.535672
         537    0.535717
         538    0.535613
         539    0.535844
         540    0.535963
         541    0.536007
         542     0.53583
         543    0.535875
         544    0.535882
         545    0.535927
         546    0.536081
         547    0.536234
         548    0.536314
         549    0.536393
         550    0.536618
         551    0.536515
         552    0.536449
         553    0.536166
         554    0.536426
         555    0.536144
         556    0.536151
         557    0.536266
         558    0.536344
         559    0.536422
         560    0.536679
         561    0.536756
         562    0.536584
         563    0.536448
         564    0.536312
         565    0.536319
         566    0.536078
         567    0.536296
         568    0.536585
         569    0.536415
         570    0.536456
         571    0.536673
         572    0.536783
         573    0.536545
         574    0.536307
         575    0.536174
         576    0.536042
         577    0.536118
         578    0.536194
         579    0.536131
         580    0.536172
         581    0.535972
         582    0.536048
         583    0.535952
         584    0.535925
         585    0.535966
         586    0.536143
         587    0.536082
         588    0.536122
         589    0.536061
         590       0.536
         591    0.535939
         592    0.535845
         593    0.535953
         594    0.535825
         595    0.535966
         596    0.535772
         597    0.536047
         598    0.535853
         599    0.535826
         600    0.535833
         601    0.536106
         602    0.535914
         603    0.535821
         604    0.535795
         605    0.535603
         606    0.535281
         607    0.535222
         608    0.535164
         609    0.535074
         610    0.535049
         611    0.534795
         612    0.534869
         613    0.534878
         614    0.534951
         615    0.534797
         616    0.534708
         617    0.534457
         618    0.534498
         619    0.534669
         620    0.534581
         621    0.534686
         622    0.534727
         623    0.534928
         624    0.535224
         625    0.534944
         626    0.535048
         627    0.534833
         628    0.534777
         629    0.534849
         630    0.534889
         631    0.534929
         632    0.535095
         633    0.535197
         634    0.535237
         635    0.535307
         636    0.535503
         637     0.53573
         638    0.535768
         639    0.535931
         640    0.535875
         641    0.536037
         642    0.536168
         643    0.535988
         644    0.536087
         645    0.536093
         646    0.536068
         647     0.53626
         648    0.536173
         649    0.536025
         650       0.536
         651    0.536221
         652    0.536196
         653    0.535988
         654    0.535994
         655    0.535908
         656    0.536067
         657    0.535982
         658    0.535805
         659    0.535781
         660    0.535636
         661    0.536036
         662    0.536254
         663    0.536471
         664    0.536295
         665    0.536361
         666    0.536396
         667    0.536522
         668    0.536557
         669    0.536562
         670    0.536388
         671    0.536453
         672     0.53625
         673    0.536137
         674    0.536113
         675    0.536207
         676    0.536302
         677     0.53613
         678    0.536195
         679    0.536141
         680    0.536412
         681    0.536388
         682    0.536686
         683    0.536574
         684    0.536608
         685    0.536438
         686    0.536297
         687    0.536274
         688    0.536221
         689    0.536081
         690    0.535942
         691    0.535774
         692    0.535751
         693      0.5357
         694    0.535677
         695    0.535626
         696    0.535776
         697    0.535753
         698    0.535989
         699    0.536109
         700    0.536057
         701    0.536006
         702    0.535954
         703    0.535932
         704    0.536023
         705       0.536
         706    0.536006
         707    0.535898
         708    0.535734
         709    0.535769
         710    0.535803
         711     0.53564
         712    0.535702
         713    0.535624
         714    0.535546
         715    0.535413
         716    0.535391
         717    0.535453
         718    0.535515
         719    0.535299
         720    0.535417
         721    0.535423
         722    0.535319
         723    0.535353
         724    0.535276
         725    0.535228
         726     0.53551
         727    0.535516
         728    0.535549
         729    0.535775
         730    0.535863
         731    0.535869
         732    0.535984
         733    0.535935
         734    0.535995
         735    0.535891
         736    0.535815
         737    0.535821
         738    0.535799
         739     0.53567
         740    0.535486
         741    0.535061
         742    0.534798
         743    0.534751
         744    0.534919
         745     0.53498
         746    0.535067
         747    0.534806
         748     0.53484
         749    0.534766
         750    0.534773
         751    0.534967
         752    0.535053
         753    0.534954
         754    0.535093
         755    0.535205
         756     0.53537
         757    0.535482
         758    0.535646
         759     0.53581
         760    0.536026
         761    0.536084
         762    0.536247
         763    0.536278
         764    0.536283
         765    0.536209
         766    0.536188
         767    0.535984
         768    0.535885
         769    0.535813
         770    0.535481
         771    0.535305
         772    0.535337
         773    0.535317
         774    0.535116
         775    0.535071
         776    0.535026
         777    0.534981
         778    0.535064
         779    0.535122
         780    0.535051
         781    0.535058
         782     0.53491
         783    0.534815
         784    0.534694
         785    0.534522
         786     0.53458
         787    0.534485
         788    0.534492
         789    0.534297
         790    0.534203
         791    0.534083
         792    0.534141
         793    0.534325
         794    0.534282
         795    0.534164
         796    0.534045
         797    0.533827
         798    0.533759
         799    0.533542
         800    0.533575
         801    0.533533
         802    0.533716
         803    0.533724
         804    0.533682
         805    0.533565
         806    0.533672
         807    0.533804
         808    0.533861
         809    0.534017
         810    0.534049
         811    0.534131
         812    0.534187
         813    0.534416
         814    0.534349
         815    0.534528
         816    0.534681
         817    0.534712
         818    0.534768
         819    0.534994
         820    0.534902
         821    0.534884
         822    0.534915
         823    0.534994
         824    0.535073
         825    0.535248
         826    0.535036
         827    0.534873
         828    0.534928
         829    0.534982
         830    0.535205
         831    0.535211
         832    0.535361
         833    0.535582
         834    0.535803
         835    0.536024
         836    0.536077
         837     0.53601
         838     0.53611
         839    0.535995
         840    0.535881
         841    0.535767
         842    0.535701
         843    0.535611
         844    0.535877
         845    0.536189
         846    0.536288
         847    0.536293
         848    0.536179
         849    0.536184
         850    0.536259
         851    0.536287
         852    0.536338
         853    0.536319
         854    0.536347
         855    0.536515
         856    0.536542
         857    0.536616
         858    0.536713
         859    0.536857
         860       0.537
         861    0.537259
         862    0.537239
         863    0.537149
         864    0.537199
         865    0.537225
         866    0.537229
         867    0.537416
         868    0.537396
         869     0.53733
         870    0.537195
         871    0.537084
         872    0.537018
         873    0.536999
         874    0.537117
         875    0.536983
         876    0.536872
         877    0.536716
         878     0.53672
         879    0.536951
         880    0.536955
         881    0.536844
         882    0.536916
         883    0.536806
         884    0.536833
         885    0.536746
         886    0.536591
         887    0.536776
         888    0.536779
         889    0.536535
         890    0.536472
         891    0.536409
         892    0.536256
         893    0.536417
         894    0.536398
         895    0.536402
         896    0.536451
         897    0.536544
         898    0.536592
         899    0.536841
         900    0.536844
         901    0.537003
         902    0.537251
         903    0.537453
         904    0.537434
         905    0.537348
         906    0.537329
         907    0.537332
         908    0.537357
         909    0.537492
         910    0.537582
         911    0.537541
         912      0.5375
         913    0.537634
         914    0.537724
         915    0.537705
         916    0.537729
         917    0.537492
         918     0.53756
         919    0.537432
         920    0.537413
         921    0.537546
         922    0.537549
         923    0.537486
         924    0.537338
         925    0.537427
         926    0.537473
         927    0.537519
         928    0.537328
         929     0.53733
         930    0.537269
         931    0.537164
         932    0.536931
         933    0.537042
         934    0.537152
         935    0.537198
         936    0.537265
         937    0.537311
         938    0.537249
         939    0.537274
         940    0.537106
         941    0.537024
         942    0.536921
         943    0.537052
         944    0.537055
         945    0.536868
         946    0.536744
         947    0.536684
         948    0.536624
         949    0.536628
         950    0.536674
         951    0.536803
         952     0.53687
         953    0.537041
         954    0.537023
         955     0.53711
         956    0.537218
         957    0.537137
         958    0.537203
         959    0.537351
         960      0.5375
         961    0.537523
         962    0.537505
         963    0.537445
         964    0.537386
         965    0.537347
         966    0.537412
         967    0.537353
         968    0.537252
         969    0.537131
         970    0.537196
         971    0.537158
         972    0.537099
         973    0.537081
         974    0.537166
         975    0.537046
         976    0.536947
         977    0.536847
         978    0.536667
         979    0.536486
         980    0.536531
         981    0.536575
         982    0.536762
         983    0.536745
         984    0.536748
         985    0.536751
         986    0.536694
         987    0.536494
         988    0.536498
         989      0.5364
         990    0.536162
         991    0.536145
         992    0.536169
         993    0.536093
         994    0.536197
         995    0.536422
         996    0.536486
         997    0.536409
         998    0.536393
         999    0.536376
        1000      0.5365
        1001    0.536523
        1002    0.536547
        1003    0.536371
        1004    0.536155
        1005      0.5359
        1006    0.535785
        1007     0.53571
        1008    0.535794
        1009    0.535798
        1010    0.535901
        1011    0.535786
        1012    0.535672
        1013    0.535637
        1014     0.53568
        1015    0.535724
        1016    0.535965
        1017    0.535988
        1018    0.535874
        1019    0.535996
        1020    0.536098
        1021    0.536161
        1022    0.536164
        1023    0.536168
        1024    0.536211
        1025    0.536273
        1026     0.53616
        1027    0.536066
        1028    0.536051
        1029    0.536035
        1030    0.536136
        1031    0.536023
        1032     0.53593
        1033     0.53605
        1034    0.536306
        1035    0.536386
        1036    0.536255
        1037    0.536143
        1038     0.53605
        1039    0.535861
        1040    0.535827
        1041    0.535889
        1042    0.535835
        1043    0.535532
        1044    0.535268
        1045    0.535005
        1046     0.53501
        1047    0.534995
        1048    0.534981
        1049    0.534814
        1050    0.534895
        1051    0.534919
        1052    0.534943
        1053    0.534967
        1054    0.535161
        1055     0.53509
        1056    0.535076
        1057     0.53508
        1058    0.535047
        1059    0.534976
        1060    0.535038
        1061    0.535061
        1062    0.535198
        1063    0.535221
        1064    0.535357
        1065    0.535512
        1066    0.535572
        1067    0.535633
        1068     0.53573
        1069    0.535697
        1070    0.535701
        1071    0.535724
        1072    0.535728
        1073     0.53575
        1074     0.53594
        1075    0.535907
        1076    0.535725
        1077    0.535617
        1078     0.53564
        1079    0.535477
        1080    0.535389
        1081    0.535375
        1082    0.535434
        1083    0.535457
        1084    0.535498
        1085    0.535502
        1086    0.535543
        1087     0.53575
        1088    0.535827
        1089    0.535868
        1090    0.535963
        1091    0.535875
        1092    0.535769
        1093    0.535791
        1094    0.535795
        1095    0.535836
        1096    0.535931
        1097    0.536007
        1098    0.536066
        1099    0.536124
        1100    0.536145
        1101    0.536131
        1102    0.536152
        1103    0.536047
        1104    0.536033
        1105    0.536018
        1106    0.535949
        1107    0.535863
        1108    0.535866
        1109     0.53569
        1110    0.535586
        1111      0.5355
        1112     0.53545
        1113    0.535382
        1114    0.535206
        1115    0.535193
        1116    0.535376
        1117    0.535363
        1118    0.535295
        1119    0.535156
        1120    0.534982
        1121    0.534969
        1122    0.534866
        1123    0.534835
        1124    0.534947
        1125    0.534987
        1126    0.534991
        1127    0.534978
        1128    0.534982
        1129    0.534898
        1130     0.53492
        1131    0.535031
        1132       0.535
        1133    0.535146
        1134    0.535273
        1135    0.535419
        1136    0.535581
        1137    0.535497
        1138    0.535483
        1139    0.535505
        1140    0.535439
        1141    0.535408
        1142    0.535359
        1143    0.535206
        1144    0.535192
        1145    0.535266
        1146    0.535323
        1147    0.535327
        1148    0.535261
        1149    0.535335
        1150    0.535443
        1151    0.535604
        1152    0.535764
        1153    0.535906
        1154    0.535875
        1155    0.535948
        1156      0.5359
        1157    0.535765
        1158    0.535682
        1159    0.535824
        1160    0.535931
        1161    0.535986
        1162     0.53599
        1163     0.53601
        1164    0.535945
        1165       0.536
        1166    0.536055
        1167    0.536127
        1168    0.536079
        1169    0.536151
        1170    0.536205
        1171     0.53614
        1172    0.536177
        1173    0.536181
        1174     0.53615
        1175    0.536068
        1176    0.536088
        1177    0.536194
        1178    0.536061
        1179    0.536081
        1180    0.536136
        1181    0.536207
        1182    0.536227
        1183    0.536145
        1184    0.536064
        1185    0.535899
        1186    0.535953
        1187    0.535939
        1188    0.535943
        1189    0.535812
        1190    0.535798
        1191    0.535886
        1192    0.535772
        1193    0.535742
        1194    0.535729
        1195    0.535782
        1196     0.53587
        1197    0.535873
        1198    0.535776
        1199    0.535696
        1200    0.535683
        1201    0.535554
        1202    0.535507
        1203    0.535445
        1204    0.535415
        1205    0.535402
        1206    0.535489
        1207    0.535592
        1208    0.535629
        1209    0.535699
        1210    0.535769
        1211    0.535574
        1212    0.535528
        1213    0.535482
        1214     0.53542
        1215    0.535407
        1216    0.535345
        1217    0.535234
        1218     0.53514
        1219    0.535127
        1220    0.534984
        1221    0.534742
        1222    0.534615
        1223    0.534391
        1224    0.534183
        1225    0.534122
        1226    0.534095
        1227    0.534165
        1228    0.534316
        1229    0.534304
        1230     0.53426
        1231    0.534265
        1232    0.534318
        1233    0.534177
        1234    0.534019
        1235    0.534057
        1236    0.534094
        1237    0.534212
        1238    0.534265
        1239    0.534383
        1240    0.534452
        1241    0.534472
        1242    0.534509
        1243    0.534529
        1244    0.534566
        1245     0.53457
        1246    0.534623
        1247    0.534707
        1248    0.534679
        1249    0.534652
        1250    0.534624
        1251    0.534644
        1252    0.534681
        1253    0.534637
        1254    0.534577
        1255    0.534486
        1256    0.534506
        1257    0.534543
        1258    0.534579
        1259    0.534583
        1260    0.534619
        1261    0.534449
        1262    0.534422
        1263    0.534426
        1264    0.534494
        1265    0.534577
        1266    0.534534
        1267    0.534538
        1268    0.534527
        1269    0.534547
        1270    0.534598
        1271    0.534618
        1272     0.53456
        1273    0.534564
        1274    0.534615
        1275    0.534682
        1276    0.534577
        1277    0.534581
        1278    0.534444
        1279    0.534464
        1280    0.534547
        1281    0.534567
        1282    0.534602
        1283    0.534622
        1284    0.534564
        1285     0.53449
        1286    0.534557
        1287     0.53467
        1288    0.534581
        1289    0.534678
        1290    0.534574
        1291    0.534609
        1292    0.534582
        1293    0.534602
        1294    0.534714
        1295    0.534656
        1296    0.534645
        1297    0.534634
        1298    0.534638
        1299    0.534673
        1300    0.534615
        1301     0.53445
        1302    0.534332
        1303    0.534305
        1304     0.53411
        1305    0.534023
        1306    0.533966
        1307    0.534002
        1308     0.53396
        1309    0.533827
        1310    0.533786
        1311    0.533684
        1312    0.533643
        1313    0.533663
        1314    0.533486
        1315    0.533506
        1316    0.533404
        1317    0.533409
        1318    0.533429
        1319     0.53345
        1320    0.533591
        1321    0.533656
        1322    0.533797
        1323    0.533681
        1324    0.533671
        1325    0.533781
        1326    0.533771
        1327    0.533881
        1328    0.534021
        1329     0.53392
        1330     0.53391
        1331    0.534035
        1332    0.534009
        1333    0.533953
        1334    0.534003
        1335    0.533963
        1336    0.533907
        1337    0.533822
        1338    0.533842
        1339    0.533786
        1340    0.533716
        1341    0.533721
        1342    0.533785
        1343    0.533775
        1344    0.533705
        1345    0.533636
        1346    0.533551
        1347    0.533556
        1348    0.533546
        1349    0.533491
        1350    0.533467
        1351    0.533353
        1352    0.533328
        1353    0.533156
        1354    0.533072
        1355    0.532989
        1356    0.532935
        1357    0.532837
        1358    0.532872
        1359    0.532892
        1360    0.532809
        1361    0.532741
        1362    0.532717
        1363    0.532561
        1364     0.53239
        1365    0.532366
        1366    0.532343
        1367    0.532377
        1368    0.532398
        1369    0.532491
        1370    0.532511
        1371    0.532531
        1372    0.532478
        1373    0.532556
        1374    0.532576
        1375    0.532727
        1376    0.532747
        1377    0.532709
        1378    0.532554
        1379    0.532632
        1380    0.532638
        1381    0.532759
        1382     0.53275
        1383    0.532683
        1384    0.532746
        1385    0.532765
        1386    0.532785
        1387     0.53279
        1388    0.532867
        1389    0.532786
        1390    0.532791
        1391    0.532739
        1392    0.532759
        1393    0.532649
        1394    0.532554
        1395    0.532588
        1396    0.532579
        1397    0.532555
        1398    0.532546
        1399     0.53258
        1400    0.532714
        1401    0.532748
        1402    0.532682
        1403     0.53253
        1404    0.532336
        1405    0.532285
        1406    0.532376
        1407     0.53231
        1408    0.532344
        1409    0.532434
        1410     0.53244
        1411    0.532388
        1412    0.532436
        1413    0.532427
        1414    0.532334
        1415    0.532382
        1416    0.532387
        1417     0.53235
        1418    0.532454
        1419    0.532572
        1420    0.532592
        1421    0.532569
        1422    0.532672
        1423     0.53272
        1424    0.532697
        1425    0.532604
        1426    0.532637
        1427    0.532684
        1428    0.532633
        1429    0.532722
        1430    0.532769
        1431    0.532788
        1432    0.532793
        1433    0.532826
        1434    0.532789
        1435    0.532906
        1436    0.532994
        1437    0.532971
        1438    0.533018
        1439    0.533009
        1440    0.533014
        1441    0.532991
        1442    0.533051
        1443     0.53307
        1444    0.533075
        1445    0.533093
        1446    0.532946
        1447    0.532909
        1448    0.532928
        1449    0.532878
        1450    0.532883
        1451    0.532722
        1452     0.53259
        1453    0.532567
        1454    0.532586
        1455    0.532646
        1456    0.532734
        1457    0.532752
        1458    0.532771
        1459     0.53279
        1460    0.532877
        1461    0.532868
        1462    0.532886
        1463    0.532864
        1464    0.532787
        1465    0.532751
        1466    0.532701
        1467    0.532706
        1468    0.532684
        1469    0.532689
        1470    0.532762
        1471    0.532794
        1472    0.532826
        1473    0.532777
        1474    0.532659
        1475    0.532719
        1476    0.532656
        1477    0.532607
        1478    0.532679
        1479    0.532698
        1480    0.532595
        1481    0.532613
        1482    0.532605
        1483     0.53261
        1484    0.532736
        1485    0.532754
        1486    0.532665
        1487    0.532576
        1488    0.532554
        1489    0.532572
        1490     0.53247
        1491    0.532461
        1492    0.532399
        1493    0.532512
        1494    0.532651
        1495    0.532722
        1496    0.532781
        1497    0.532652
        1498    0.532644
        1499    0.532715
        1500    0.532827
        1501    0.532672
        1502     0.53265
        1503    0.532655
        1504    0.532633
        1505    0.532571
        1506    0.532616
        1507    0.532541
        1508    0.532454
        1509    0.532339
        1510    0.532265
        1511     0.53223
        1512    0.532302
        1513    0.532254
        1514    0.532325
        1515    0.532383
        1516     0.53248
        1517    0.532551
        1518    0.532582
        1519    0.532456
        1520    0.532447
        1521    0.532439
        1522    0.532418
        1523     0.53237
        1524    0.532362
        1525    0.532459
        1526    0.532464
        1527    0.532403
        1528    0.532356
        1529    0.532361
        1530    0.532366
        1531    0.532423
        1532    0.532415
        1533    0.532355
        1534    0.532282
        1535    0.532287
        1536    0.532357
        1537    0.532388
        1538    0.532367
        1539    0.532307
        1540    0.532312
        1541    0.532278
        1542    0.532244
        1543    0.532145
        1544    0.532202
        1545    0.532272
        1546    0.532303
        1547    0.532334
        1548    0.532442
        1549    0.532382
        1550    0.532452
        1551    0.532405
        1552    0.532461
        1553    0.532453
        1554    0.532523
        1555    0.532476
        1556    0.532494
        1557    0.532473
        1558    0.532439
        1559    0.532508
        1560    0.532615
        1561    0.532723
        1562     0.53274
        1563     0.53277
        1564    0.532685
        1565    0.532741
        1566     0.53281
        1567    0.532865
        1568    0.532946
        1569    0.532887
        1570     0.53293
        1571     0.53296
        1572    0.532913
        1573    0.532854
        1574    0.532872
        1575    0.532737
        1576    0.532652
        1577    0.532594
        1578    0.532522
        1579    0.532476
        1580    0.532418
        1581     0.53241
        1582    0.532478
        1583    0.532457
        1584    0.532437
        1585    0.532379
        1586    0.532409
        1587    0.532401
        1588    0.532418
        1589     0.53241
        1590    0.532415
        1591    0.532332
        1592    0.532312
        1593    0.532329
        1594    0.532246
        1595    0.532263
        1596    0.532293
        1597    0.532311
        1598    0.532315
        1599    0.532358
        1600    0.532362
        1601     0.53233
        1602    0.532335
        1603    0.532377
        1604    0.532406
        1605    0.532411
        1606    0.532304
        1607    0.532246
        1608    0.532264
        1609    0.532293
        1610    0.532248
        1611    0.532241
        1612    0.532295
        1613      0.5323
        1614     0.53233
        1615    0.532359
        1616     0.53229
        1617    0.532319
        1618    0.532349
        1619    0.532329
        1620    0.532432
        1621    0.532412
        1622    0.532306
        1623    0.532224
        1624    0.532143
        1625    0.532135
        1626    0.532202
        1627    0.532243
        1628    0.532162
        1629    0.532179
        1630    0.532209
        1631    0.532324
        1632    0.532365
        1633    0.532321
        1634    0.532326
        1635    0.532281
        1636    0.532164
        1637    0.532108
        1638    0.532149
        1639     0.53219
        1640    0.532122
        1641    0.532249
        1642    0.532253
        1643    0.532222
        1644    0.532092
        1645    0.532024
        1646    0.531993
        1647    0.531998
        1648    0.531917
        1649     0.53185
        1650    0.531891
        1651    0.531896
        1652    0.531877
        1653     0.53193
        1654    0.531898
        1655    0.531879
        1656    0.531872
        1657    0.531865
        1658    0.531858
        1659    0.531887
        1660    0.531916
        1661    0.531993
        1662    0.532058
        1663    0.532051
        1664    0.532091
        1665    0.532144
        1666    0.532137
        1667    0.532154
        1668    0.532086
        1669    0.532019
        1670    0.532036
        1671    0.532053
        1672    0.532069
        1673    0.532134
        1674    0.532186
        1675    0.532239
        1676     0.53216
        1677    0.532188
        1678    0.532157
        1679    0.532162
        1680    0.532214
        1681    0.532183
        1682    0.532117
        1683    0.532026
        1684    0.532019
        1685    0.532059
        1686    0.532005
        1687     0.53195
        1688    0.531896
        1689    0.531829
        1690    0.531716
        1691    0.531638
        1692    0.531667
        1693     0.53166
        1694    0.531724
        1695    0.531717
        1696    0.531604
        1697    0.531573
        1698    0.531425
        1699     0.53136
        1700    0.531318
        1701    0.531205
        1702    0.531128
        1703    0.531075
        1704    0.531127
        1705    0.531179
        1706    0.531184
        1707    0.531084
        1708    0.531159
        1709      0.5312
        1710    0.531205
        1711    0.531303
        1712    0.531449
        1713    0.531594
        1714    0.531669
        1715    0.531708
        1716    0.531748
        1717    0.531695
        1718     0.53163
        1719    0.531518
        1720    0.531465
        1721      0.5314
        1722    0.531301
        1723    0.531225
        1724    0.531253
        1725    0.531212
        1726    0.531228
        1727     0.53128
        1728    0.531296
        1729    0.531255
        1730    0.531283
        1731    0.531219
        1732    0.531155
        1733    0.531241
        1734    0.531419
        1735    0.531481
        1736    0.531498
        1737    0.531503
        1738    0.531577
        1739    0.531604
        1740    0.531621
        1741    0.531626
        1742    0.531642
        1743    0.531601
        1744    0.531594
        1745    0.531725
        1746     0.53173
        1747     0.53178
        1748    0.531796
        1749    0.531767
        1750    0.531771
        1751    0.531833
        1752    0.531872
        1753    0.531843
        1754    0.531756
        1755    0.531795
        1756     0.53172
        1757     0.53169
        1758    0.531615
        1759    0.531518
        1760    0.531523
        1761    0.531493
        1762    0.531532
        1763    0.531503
        1764    0.531565
        1765    0.531592
        1766    0.531631
        1767    0.531613
        1768    0.531618
        1769    0.531588
        1770    0.531571
        1771    0.531609
        1772    0.531659
        1773    0.531686
        1774    0.531612
        1775    0.531651
        1776    0.531689
        1777    0.531638
        1778     0.53171
        1779    0.531804
        1780    0.531764
        1781    0.531634
        1782    0.531515
        1783     0.53152
        1784     0.53148
        1785    0.531529
        1786    0.531512
        1787    0.531494
        1788    0.531432
        1789    0.531392
        1790    0.531341
        1791    0.531323
        1792    0.531317
        1793    0.531311
        1794    0.531338
        1795    0.531376
        1796    0.531392
        1797    0.531297
        1798    0.531313
        1799    0.531351
        1800    0.531278
        1801    0.531205
        1802    0.531243
        1803    0.531303
        1804     0.53133
        1805    0.531346
        1806    0.531318
        1807    0.531367
        1808    0.531305
        1809    0.531177
        1810    0.531127
        1811    0.531077
        1812    0.531115
        1813     0.53112
        1814     0.53108
        1815    0.531096
        1816    0.531068
        1817    0.531095
        1818    0.531232
        1819    0.531237
        1820    0.531231
        1821    0.531214
        1822    0.531262
        1823    0.531256
        1824    0.531338
        1825    0.531397
        1826    0.531424
        1827    0.531319
        1828    0.531335
        1829    0.531405
        1830    0.531355
        1831    0.531393
        1832    0.531441
        1833    0.531413
        1834    0.531341
        1835    0.531281
        1836     0.53134
        1837    0.531345
        1838    0.531251
        1839    0.531289
        1840    0.531283
        1841    0.531385
        1842    0.531368
        1843    0.531362
        1844    0.531334
        1845    0.531274
        1846    0.531235
        1847    0.531186
        1848     0.53118
        1849    0.531163
        1850     0.53107
        1851    0.531053
        1852    0.530994
        1853    0.530988
        1854    0.531057
        1855    0.531137
        1856    0.531218
        1857    0.531319
        1858    0.531302
        1859    0.531253
        1860    0.531183
        1861    0.531198
        1862    0.531149
        1863    0.531133
        1864    0.531105
        1865    0.531164
        1866      0.5312
        1867    0.531152
        1868    0.531135
        1869    0.531097
        1870    0.531048
        1871    0.531117
        1872     0.53109
        1873    0.531084
        1874    0.531025
        1875    0.531029
        1876    0.531119
        1877    0.531113
        1878    0.531193
        1879    0.531197
        1880    0.531191
        1881    0.531207
        1882    0.531095
        1883     0.53111
        1884    0.531104
        1885    0.531045
        1886    0.531103
        1887    0.531118
        1888    0.531091
        1889     0.53117
        1890    0.531206
        1891    0.531274
        1892    0.531332
        1893      0.5314
        1894    0.531383
        1895    0.531451
        1896    0.531466
        1897    0.531502
        1898     0.53156
        1899     0.53148
        1900    0.531516
        1901    0.531573
        1902    0.531609
        1903    0.531624
        1904    0.531628
        1905     0.53158
        1906    0.531595
        1907    0.531589
        1908    0.531551
        1909    0.531535
        1910    0.531571
        1911    0.531491
        1912    0.531402
        1913    0.531406
        1914    0.531442
        1915    0.531467
        1916    0.531545
        1917    0.531612
        1918    0.531564
        1919    0.531496
        1920    0.531563
        1921    0.531567
        1922    0.531571
        1923    0.531607
        1924    0.531549
        1925    0.531584
        1926    0.531558
        1927    0.531531
        1928    0.531618
        1929    0.531716
        1930     0.53172
        1931    0.531611
        1932    0.531573
        1933    0.531619
        1934     0.53151
        1935    0.531545
        1936    0.531622
        1937     0.53174
        1938    0.531765
        1939    0.531717
        1940    0.531784
        1941    0.531777
        1942    0.531792
        1943    0.531837
        1944     0.53177
        1945    0.531805
        1946    0.531901
        1947    0.531957
        1948     0.53194
        1949    0.531965
        1950    0.531918
        1951    0.531871
        1952    0.531783
        1953    0.531726
        1954    0.531689
        1955    0.531734
        1956    0.531656
        1957    0.531599
        1958    0.531563
        1959    0.531536
        1960    0.531469
        1961    0.531525
        1962      0.5316
        1963    0.531645
        1964     0.53169
        1965    0.531756
        1966    0.531831
        1967    0.531896
        1968     0.53189
        1969    0.531935
        1970    0.532071
        1971    0.532045
        1972    0.532039
        1973    0.532083
        1974    0.532087
        1975    0.532101
        1976    0.532055
        1977    0.532028
        1978    0.532042
        1979    0.532016
        1980       0.532
        1981    0.531994
        1982    0.532018
        1983    0.532063
        1984    0.532006
        1985    0.532081
        1986    0.532075
        1987    0.532109
        1988    0.532093
        1989    0.532127
        1990    0.532241
        1991    0.532185
        1992    0.532139
        1993    0.532102
        1994    0.532016
        1995     0.53201
        1996    0.532064
        1997    0.532098
        1998    0.532072
        1999    0.532106
        2000     0.53213
