#     BLOCK:   ACTUAL_TE:    TE_AVE:      ERROR:
           1     -0.5288     -0.5288           0
           2     -0.4496     -0.4892   0.0280014
           3     -0.3632     -0.4472   0.0390446
           4     -0.4416     -0.4458   0.0293085
           5     -0.4424    -0.44512   0.0234547
           6     -0.5168   -0.457067   0.0223823
           7     -0.4408   -0.454743   0.0193051
           8     -0.5208      -0.463    0.018574
           9     -0.6048   -0.478756   0.0222091
          10     -0.6856    -0.49944   0.0280105
          11     -0.5224   -0.501527   0.0255418
          12     -0.6024   -0.509933   0.0247579
          13     -0.6064   -0.517354   0.0239397
          14     -0.6064   -0.523714   0.0230592
          15     -0.6048    -0.52912   0.0221465
          16       -0.52    -0.52855   0.0207697
          17     -0.7584   -0.542071   0.0235409
          18     -0.6056     -0.5456   0.0224961
          19     -0.3632      -0.536   0.0232705
          20     -0.4448    -0.53144   0.0225493
          21     -0.3584     -0.5232   0.0229317
          22     -0.3568   -0.515636   0.0231031
          23     -0.5224    -0.51593   0.0221004
          24     -0.5184   -0.516033   0.0211798
          25     -0.5192    -0.51616    0.020333
          26     -0.6016   -0.519446   0.0198148
          27     -0.3584   -0.513481   0.0199584
          28     -0.4344   -0.510657   0.0194444
          29     -0.4352   -0.508055   0.0189472
          30     -0.5936   -0.510907    0.018529
          31     -0.4344   -0.508439   0.0180949
          32       -0.44     -0.5063   0.0176554
          33     -0.6024   -0.509212   0.0173589
          34     -0.2064   -0.500306   0.0189962
          35     -0.2088   -0.491977   0.0201969
          36     -0.2024   -0.483933   0.0211772
          37     -0.3608   -0.480605   0.0208647
          38     -0.6792   -0.485832   0.0209599
          39     -0.6008   -0.488779   0.0206287
          40     -0.3576     -0.4855    0.020372
          41      -0.364   -0.482537   0.0200895
          42     -0.4464   -0.481676   0.0196296
          43      -0.608   -0.484614   0.0193917
          44     -0.2856   -0.480091   0.0194713
          45     -0.5256   -0.481102   0.0190649
          46     -0.3712   -0.478713   0.0187995
          47      -0.532   -0.479847   0.0184337
          48     -0.3688   -0.477533   0.0181943
          49     -0.2856   -0.473616   0.0182397
          50     -0.4448    -0.47304    0.017884
          51     -0.2856   -0.469365    0.017907
          52     -0.3616   -0.467292   0.0176822
          53     -0.4384   -0.466747   0.0173569
          54     -0.3592   -0.464756   0.0171494
          55     -0.5152   -0.465673   0.0168621
          56     -0.2784   -0.462329   0.0168894
          57       -0.36   -0.460533   0.0166882
          58     -0.5184   -0.461531   0.0164303
          59     -0.5208   -0.462536   0.0161825
          60     -0.2784   -0.459467   0.0162011
          61     -0.2008   -0.455226   0.0164811
          62     -0.2832   -0.452452   0.0164472
          63     -0.5984   -0.454768   0.0163485
          64     -0.4368   -0.454488   0.0160955
          65     -0.3592   -0.453022   0.0159145
          66     -0.3592     -0.4516   0.0157367
          67     -0.6056   -0.453899   0.0156688
          68     -0.3624   -0.452553    0.015496
          69     -0.3656   -0.451293   0.0153226
          70     -0.6056   -0.453497   0.0152614
          71     -0.4424   -0.453341   0.0150473
          72     -0.5272   -0.454367   0.0148732
          73     -0.4432   -0.454214   0.0146703
          74     -0.3632   -0.452984   0.0145235
          75      -0.364   -0.451797   0.0143782
          76     -0.5232   -0.452737   0.0142197
          77     -0.3664   -0.451616   0.0140792
          78     -0.5248   -0.452554   0.0139299
          79     -0.5248   -0.453468   0.0137836
          80     -0.3592    -0.45229   0.0136615
          81     -0.6816   -0.455121   0.0137831
          82     -0.4416   -0.454956    0.013616
          83     -0.5296   -0.455855   0.0134816
          84      -0.448   -0.455762   0.0133214
          85       -0.36   -0.454635   0.0132123
          86      -0.364   -0.453581   0.0131006
          87     -0.3656    -0.45257    0.012989
          88     -0.3632   -0.451555    0.012881
          89      -0.608   -0.453312   0.0128557
          90      -0.288   -0.451476   0.0128434
          91     -0.3704   -0.450585   0.0127331
          92     -0.5304   -0.451452   0.0126242
          93      -0.612   -0.453178    0.012606
          94      -0.364    -0.45223   0.0125075
          95     -0.1984   -0.449558    0.012658
          96     -0.3592   -0.448617   0.0125611
          97     -0.4376   -0.448503   0.0124321
          98       -0.36     -0.4476    0.012338
          99     -0.5984   -0.449123   0.0123071
         100     -0.5224   -0.449856   0.0122058
         101     -0.4448   -0.449806    0.012085
         102     -0.4392   -0.449702    0.011967
         103     -0.2792   -0.448047   0.0119648
         104     -0.2824   -0.446454   0.0119553
         105     -0.7632    -0.44947   0.0122161
         106     -0.6808   -0.451653   0.0122942
         107     -0.6016   -0.453054   0.0122589
         108     -0.6064   -0.454474   0.0122274
         109     -0.5264   -0.455134    0.012133
         110     -0.5216   -0.455738   0.0120377
         111     -0.4432   -0.455625   0.0119298
         112     -0.5224   -0.456221   0.0118382
         113     -0.5168   -0.456758   0.0117455
         114     -0.3584   -0.455895   0.0116742
         115     -0.4384   -0.455743   0.0115736
         116       -0.52   -0.456297   0.0114871
         117     -0.2808   -0.454797   0.0114864
         118     -0.2752   -0.453275   0.0114895
         119      -0.364   -0.452524   0.0114174
         120     -0.3664   -0.451807   0.0113448
         121     -0.5272    -0.45243   0.0112681
         122     -0.3632   -0.451698   0.0111995
         123     -0.3592   -0.450946   0.0111337
         124     -0.1208   -0.448284   0.0113578
         125     -0.4392   -0.448211   0.0112671
         126     -0.4416   -0.448159   0.0111778
         127     -0.5192   -0.448718   0.0111038
         128     -0.4416   -0.448663   0.0110172
         129     -0.2856   -0.447398   0.0110041
         130     -0.4424    -0.44736   0.0109195
         131     -0.5264   -0.447963   0.0108528
         132      -0.284   -0.446721   0.0108414
         133     -0.4464   -0.446719   0.0107599
         134     -0.5264   -0.447313    0.010696
         135     -0.5248   -0.447887   0.0106322
         136     -0.6056   -0.449047   0.0106171
         137     -0.3592   -0.448391   0.0105598
         138     -0.3536   -0.447704   0.0105056
         139      -0.432   -0.447591   0.0104306
         140     -0.6792   -0.449246   0.0104865
         141     -0.6816   -0.450894   0.0105408
         142     -0.6032   -0.451966    0.010521
         143     -0.3616   -0.451334   0.0104664
         144     -0.3616   -0.450711   0.0104122
         145     -0.5984    -0.45173   0.0103901
         146     -0.6024   -0.452762   0.0103701
         147     -0.6032   -0.453785   0.0103499
         148      -0.524   -0.454259   0.0102909
         149     -0.4456   -0.454201   0.0102219
         150     -0.4384   -0.454096   0.0101543
         151     -0.4456    -0.45404   0.0100873
         152     -0.4472   -0.453995    0.010021
         153     -0.6856   -0.455508   0.0100692
         154      -0.524   -0.455953   0.0100136
         155     -0.5248   -0.456397  0.00995885
         156      -0.604   -0.457344  0.00993986
         157      -0.528   -0.457794  0.00988673
         158     -0.6064   -0.458734   0.0098688
         159     -0.6048   -0.459653  0.00984939
         160     -0.6064    -0.46057  0.00983044
         161      -0.528   -0.460989   0.0097783
         162     -0.2008   -0.459383  0.00984896
         163      -0.364   -0.458798  0.00980591
         164      -0.288   -0.457756  0.00980126
         165      -0.448   -0.457697  0.00974204
         166      -0.524   -0.458096  0.00969154
         167     -0.3624   -0.457523  0.00965043
         168     -0.3592   -0.456938  0.00961072
         169     -0.4352   -0.456809  0.00955471
         170     -0.5936   -0.457614  0.00953233
         171     -0.3568   -0.457025   0.0094948
         172       -0.52   -0.457391  0.00944665
         173     -0.6784   -0.458668  0.00947803
         174     -0.4384   -0.458552  0.00942428
         175      -0.836   -0.460709  0.00961407
         176     -0.4376   -0.460577  0.00956034
         177     -0.4408   -0.460466  0.00950698
         178      -0.516   -0.460778  0.00945869
         179     -0.5264   -0.461144  0.00941295
         180      -0.524   -0.461493  0.00936713
         181     -0.4432   -0.461392  0.00931592
         182     -0.4392    -0.46127  0.00926553
         183     -0.5208   -0.461596  0.00922061
         184     -0.4384    -0.46147  0.00917136
         185       -0.36   -0.460921  0.00913817
         186      -0.196   -0.459497  0.00919937
         187     -0.2736   -0.458503  0.00920373
         188     -0.6736   -0.459647  0.00922561
         189     -0.6696   -0.460758  0.00924344
         190     -0.5088   -0.461011  0.00919825
         191     -0.6712   -0.462111  0.00921568
         192     -0.5088   -0.462354  0.00917089
         193     -0.3528   -0.461787  0.00914093
         194     -0.5168    -0.46207  0.00909821
         195      -0.596   -0.462757  0.00907743
         196     -0.5976   -0.463445  0.00905715
         197     -0.4312   -0.463281  0.00901266
         198      -0.432   -0.463123  0.00896852
         199     -0.5128   -0.463373  0.00892693
         200     -0.3512   -0.462812   0.0088999
         201     -0.6744   -0.463865  0.00891766
         202       -0.36    -0.46335  0.00888832
         203     -0.2792   -0.462443  0.00889071
         204        -0.2   -0.461157  0.00893972
         205     -0.3616   -0.460671  0.00890929
         206     -0.3616    -0.46019  0.00887901
         207     -0.2768   -0.459304  0.00888021
         208      -0.356   -0.458808  0.00885139
         209     -0.3592   -0.458331  0.00882186
         210     -0.5224   -0.458636  0.00878513
         211     -0.3592   -0.458165  0.00875612
         212      -0.444   -0.458098  0.00871508
         213      -0.528   -0.458426  0.00868034
         214     -0.5296   -0.458759  0.00864614
         215     -0.4464   -0.458701  0.00860612
         216     -0.5216   -0.458993   0.0085712
         217      -0.284   -0.458186  0.00856956
         218     -0.3656   -0.457761  0.00854076
         219     -0.3648   -0.457337  0.00851231
         220     -0.5168   -0.457607   0.0084779
         221       -0.52    -0.45789  0.00844424
         222     -0.4376   -0.457798   0.0084067
         223       -0.28   -0.457001  0.00840672
         224     -0.4456    -0.45695  0.00836935
         225     -0.3648    -0.45654  0.00834217
         226      -0.524   -0.456839  0.00831059
         227       -0.44   -0.456765  0.00827431
         228     -0.2824      -0.456  0.00827329
         229     -0.2776   -0.455221  0.00827376
         230      -0.524    -0.45552  0.00824319
         231     -0.5272    -0.45583  0.00821334
         232     -0.6888   -0.456834   0.0082391
         233     -0.6064   -0.457476   0.0082287
         234     -0.3696   -0.457101   0.0082021
         235      -0.364   -0.456705  0.00817676
         236     -0.2824   -0.455966   0.0081754
         237     -0.3576   -0.455551  0.00815144
         238     -0.5952   -0.456138  0.00813828
         239      -0.516   -0.456388  0.00810808
         240     -0.4352     -0.4563  0.00807478
         241      -0.356   -0.455884  0.00805199
         242     -0.5128   -0.456119  0.00802215
         243     -0.4328   -0.456023  0.00798971
         244      -0.284   -0.455318  0.00798801
         245     -0.6856   -0.456258  0.00801052
         246     -0.6064   -0.456868  0.00800117
         247     -0.3616   -0.456483  0.00797807
         248     -0.5992   -0.457058  0.00796663
         249     -0.4408   -0.456993   0.0079349
         250     -0.4384   -0.456918  0.00790351
         251     -0.4376   -0.456841   0.0078724
         252     -0.6056   -0.457432  0.00786326
         253     -0.4432   -0.457375  0.00783238
         254     -0.5304   -0.457663  0.00780682
         255     -0.6128   -0.458271  0.00779987
         256     -0.2856   -0.457597  0.00779851
         257     -0.4488   -0.457563  0.00776824
         258     -0.4472   -0.457522  0.00773824
         259      -0.444    -0.45747  0.00770854
         260     -0.3616   -0.457102   0.0076877
         261      -0.528   -0.457373  0.00766304
         262     -0.4504   -0.457347  0.00763384
         263     -0.4472   -0.457308  0.00760491
         264     -0.3696   -0.456976  0.00758336
         265      -0.516   -0.457198  0.00755801
         266     -0.5136   -0.457411  0.00753257
         267      -0.516    -0.45763  0.00750756
         268       -0.36   -0.457266  0.00748838
         269     -0.5208   -0.457502  0.00746426
         270     -0.4392   -0.457434  0.00743693
         271     -0.6032   -0.457972  0.00742891
         272     -0.6032   -0.458506  0.00742076
         273     -0.4448   -0.458456  0.00739375
         274     -0.5288   -0.458712  0.00737122
         275     -0.7744    -0.45986  0.00743327
         276      -0.368   -0.459528  0.00741378
         277      -0.608   -0.460064  0.00740637
         278     -0.3656   -0.459724  0.00738752
         279     -0.4472   -0.459679  0.00736117
         280     -0.3648    -0.45934  0.00734268
         281     -0.2816   -0.458707  0.00734374
         282     -0.4424    -0.45865  0.00731793
         283     -0.3608   -0.458304  0.00730023
         284     -0.3624   -0.457966  0.00728233
         285     -0.6024   -0.458473  0.00727439
         286     -0.4384   -0.458403   0.0072493
         287     -0.3592   -0.458057  0.00723227
         288     -0.1968    -0.45715  0.00726383
         289      -0.284   -0.456551  0.00726336
         290     -0.3608   -0.456221  0.00724582
         291     -0.4384   -0.456159  0.00722118
         292     -0.7568   -0.457189  0.00726948
         293     -0.5984   -0.457671  0.00726062
         294      -0.596   -0.458141  0.00725116
         295     -0.4328   -0.458056  0.00722709
         296     -0.4352   -0.457978  0.00720308
         297      -0.276   -0.457366  0.00720484
         298     -0.5168   -0.457565  0.00718343
         299       -0.36   -0.457239  0.00716681
         300     -0.3688   -0.456944  0.00714898
         301     -0.2056   -0.456109  0.00717383
         302     -0.2824   -0.455534   0.0071731
         303     -0.2768   -0.454944  0.00717364
         304     -0.4392   -0.454892  0.00715023
         305     -0.4416   -0.454849  0.00712692
         306      -0.444   -0.454813  0.00710371
         307     -0.5216   -0.455031  0.00708391
         308     -0.6768   -0.455751   0.0070974
         309     -0.3632   -0.455451  0.00708075
         310     -0.5232    -0.45567  0.00706128
         311      -0.364   -0.455375  0.00704473
         312     -0.4408   -0.455328   0.0070223
         313     -0.5232   -0.455545  0.00700321
         314     -0.5208   -0.455753  0.00698399
         315       -0.28   -0.455195  0.00698407
         316     -0.5192   -0.455397  0.00696491
         317     -0.3632   -0.455107  0.00694901
         318     -0.3608    -0.45481  0.00693348
         319     -0.5256   -0.455032   0.0069153
         320     -0.5232   -0.455245  0.00689697
         321     -0.4416   -0.455202  0.00687561
         322     -0.4384    -0.45515  0.00685446
         323     -0.4408   -0.455106  0.00683338
         324     -0.4424   -0.455067   0.0068124
         325     -0.3624   -0.454782   0.0067974
         326     -0.6008   -0.455229  0.00679129
         327       -0.52   -0.455428  0.00677341
         328      -0.436   -0.455368  0.00675302
         329     -0.5232   -0.455574  0.00673564
         330     -0.4384   -0.455522  0.00671543
         331     -0.4408   -0.455478  0.00669529
         332     -0.3656   -0.455207   0.0066806
         333     -0.5264   -0.455421  0.00666395
         334     -0.5232   -0.455624  0.00664709
         335      -0.604   -0.456067  0.00664199
         336     -0.3608   -0.455783  0.00662827
         337     -0.2816   -0.455266  0.00662872
         338     -0.4336   -0.455202  0.00660942
         339     -0.5192   -0.455391  0.00659262
         340     -0.4408   -0.455348  0.00657337
         341       -0.44   -0.455303  0.00655425
         342     -0.3544   -0.455008  0.00654172
         343     -0.3536   -0.454713  0.00652933
         344      -0.512   -0.454879  0.00651247
         345     -0.5928   -0.455279  0.00650585
         346     -0.5112    -0.45544  0.00648905
         347      -0.276   -0.454923  0.00649093
         348     -0.2808   -0.454423  0.00649153
         349     -0.3552   -0.454139  0.00647915
         350     -0.4448   -0.454112   0.0064607
         351     -0.4496   -0.454099   0.0064423
         352     -0.4472    -0.45408  0.00642403
         353     -0.3632   -0.453822  0.00641099
         354     -0.5216   -0.454014  0.00639574
         355       -0.44   -0.453974  0.00637784
         356     -0.4472   -0.453955  0.00635996
         357     -0.6088   -0.454389  0.00635691
         358     -0.2824   -0.453908  0.00635728
         359     -0.5976   -0.454309  0.00635216
         360       -0.52   -0.454491  0.00633714
         361     -0.4384   -0.454447  0.00631974
         362     -0.5984   -0.454844  0.00631478
         363     -0.6008   -0.455246  0.00631017
         364     -0.6864   -0.455881  0.00632471
         365     -0.4456   -0.455853  0.00630745
         366     -0.3648   -0.455604  0.00629512
         367     -0.5224   -0.455786   0.0062806
         368     -0.4472   -0.455763  0.00626357
         369       -0.36   -0.455504  0.00625197
         370     -0.4392   -0.455459  0.00623523
         371     -0.4448   -0.455431  0.00621849
         372     -0.4424   -0.455396  0.00620187
         373     -0.5256   -0.455584   0.0061881
         374     -0.6816   -0.456188  0.00620099
         375     -0.2768    -0.45571  0.00620288
         376     -0.3592   -0.455453  0.00619169
         377     -0.5128   -0.455605  0.00617714
         378     -0.5176   -0.455769  0.00616297
         379     -0.6024   -0.456156  0.00615884
         380       -0.36   -0.455903  0.00614783
         381      -0.672    -0.45647   0.0061578
         382       -0.36   -0.456218  0.00614686
         383     -0.6088   -0.456616  0.00614371
         384      -0.444   -0.456583  0.00612779
         385     -0.3576   -0.456326  0.00611727
         386     -0.5168   -0.456483  0.00610343
         387     -0.4344   -0.456426  0.00608792
         388     -0.5176   -0.456584  0.00607427
         389      -0.444   -0.456551  0.00605874
         390      -0.524   -0.456724  0.00604568
         391      -0.524   -0.456896  0.00603266
         392     -0.4392   -0.456851  0.00601744
         393     -0.5216   -0.457016  0.00600439
         394     -0.5192   -0.457174  0.00599122
         395     -0.5208   -0.457335  0.00597822
         396     -0.6048   -0.457707  0.00597471
         397      -0.688   -0.458287  0.00598775
         398     -0.5264   -0.458458  0.00597515
         399     -0.4376   -0.458406  0.00596041
         400     -0.5936   -0.458744  0.00595508
         401     -0.3528    -0.45848  0.00594609
         402     -0.5944   -0.458818   0.0059409
         403     -0.6768   -0.459359  0.00595073
         404     -0.4376   -0.459305  0.00593625
         405     -0.5968   -0.459644  0.00593129
         406     -0.5144   -0.459779  0.00591821
         407     -0.4416   -0.459735  0.00590384
         408     -0.5248   -0.459894  0.00589152
         409     -0.6032   -0.460244  0.00588753
         410     -0.5232   -0.460398  0.00587517
         411       -0.36   -0.460154  0.00586595
         412        -0.6   -0.460493  0.00586153
         413     -0.5224   -0.460643  0.00584925
         414     -0.3576   -0.460394  0.00584042
         415     -0.4424   -0.460351   0.0058265
         416     -0.3664   -0.460125  0.00581687
         417     -0.5216   -0.460272  0.00580479
         418     -0.5296   -0.460438  0.00579327
         419     -0.8568   -0.461384  0.00585617
         420     -0.8568   -0.462326  0.00591742
         421     -0.5328   -0.462493  0.00590573
         422     -0.5312   -0.462656  0.00589398
         423     -0.5304   -0.462816  0.00588222
         424     -0.5304   -0.462975  0.00587051
         425      -0.368   -0.462752  0.00586095
         426      -0.284   -0.462332  0.00586219
         427     -0.4448   -0.462291  0.00584861
         428     -0.6048   -0.462624  0.00584441
         429     -0.4496   -0.462594  0.00583087
         430     -0.2848    -0.46218  0.00583195
         431     -0.3616   -0.461947  0.00582308
         432     -0.4424   -0.461902  0.00580978
         433     -0.4416   -0.461855  0.00579655
         434     -0.4424    -0.46181  0.00578337
         435     -0.5248   -0.461955  0.00577189
         436     -0.3696   -0.461743  0.00576253
         437     -0.6072   -0.462076  0.00575895
         438     -0.6832   -0.462581  0.00576789
         439     -0.5184   -0.462708  0.00575615
         440     -0.5168   -0.462831  0.00574438
         441     -0.3536   -0.462583  0.00573669
         442      -0.352   -0.462333  0.00572917
         443     -0.1936   -0.461726  0.00574826
         444     -0.6704   -0.462196   0.0057545
         445     -0.3576   -0.461961  0.00574636
         446     -0.5216   -0.462095  0.00573503
         447       -0.36   -0.461867  0.00572675
         448     -0.4456    -0.46183  0.00571408
         449     -0.2824   -0.461431  0.00571531
         450     -0.4424   -0.461388  0.00570277
         451     -0.2768   -0.460979  0.00570479
         452     -0.2704   -0.460558  0.00570773
         453     -0.1944    -0.45997  0.00572529
         454     -0.4368   -0.459919  0.00571291
         455     -0.3536   -0.459685  0.00570513
         456     -0.3576   -0.459461  0.00569701
         457     -0.5256   -0.459606  0.00568638
         458     -0.4456   -0.459576  0.00567405
         459     -0.4472   -0.459549  0.00566175
         460     -0.4408   -0.459508  0.00564959
         461       -0.52   -0.459639  0.00563886
         462     -0.6792   -0.460114  0.00564664
         463     -0.4352    -0.46006   0.0056347
         464      -0.276   -0.459664  0.00563651
         465     -0.2864   -0.459291  0.00563669
         466      -0.448   -0.459267  0.00562464
         467      -0.532   -0.459423  0.00561475
         468     -0.6128    -0.45975  0.00561231
         469     -0.6872   -0.460235  0.00562126
         470     -0.6032    -0.46054  0.00561753
         471     -0.6032   -0.460842  0.00561376
         472     -0.3624   -0.460634  0.00560574
         473     -0.7528   -0.461252  0.00562781
         474     -0.5936   -0.461531  0.00562286
         475      -0.276    -0.46114  0.00562458
         476     -0.4376   -0.461091  0.00561298
         477     -0.5184   -0.461211   0.0056025
         478      -0.516   -0.461326  0.00559195
         479     -0.5192   -0.461446  0.00558158
         480     -0.4416   -0.461405   0.0055701
         481     -0.6024   -0.461698  0.00556623
         482     -0.6064   -0.461998  0.00556277
         483     -0.6056   -0.462296  0.00555919
         484     -0.4472   -0.462264   0.0055478
         485     -0.3584    -0.46205  0.00554049
         486     -0.2752   -0.461666  0.00554241
         487     -0.4384   -0.461618  0.00553124
         488     -0.4344   -0.461562  0.00552018
         489     -0.5088   -0.461659  0.00550974
         490     -0.6712   -0.462087  0.00551507
         491     -0.4352   -0.462032  0.00550411
         492     -0.5896   -0.462291  0.00549902
         493     -0.3544   -0.462072  0.00549222
         494      -0.356   -0.461857   0.0054853
         495     -0.3576   -0.461647  0.00547826
         496      -0.516   -0.461756  0.00546831
         497     -0.6008   -0.462036  0.00546446
         498     -0.2024   -0.461515   0.0054783
         499     -0.4392    -0.46147  0.00546751
         500     -0.5176   -0.461582  0.00545772
         501     -0.1992   -0.461059   0.0054719
         502     -0.6832   -0.461501  0.00547886
         503      -0.524   -0.461625  0.00546938
         504      -0.444    -0.46159  0.00545864
         505     -0.2824   -0.461236  0.00545935
         506     -0.5184   -0.461349  0.00544973
         507     -0.3576   -0.461144  0.00544282
         508      -0.676   -0.461567  0.00544852
         509     -0.5184   -0.461679  0.00543896
         510     -0.5248   -0.461802   0.0054297
         511     -0.5248   -0.461926  0.00542047
         512     -0.3656   -0.461738  0.00541315
         513     -0.7712   -0.462341  0.00543611
         514     -0.6888   -0.462781  0.00544336
         515     -0.2048    -0.46228  0.00545579
         516     -0.2808   -0.461929  0.00545654
         517      -0.516   -0.462033  0.00544699
         518     -0.3536   -0.461824  0.00544049
         519     -0.4408   -0.461783  0.00543016
         520     -0.3592   -0.461586   0.0054233
         521     -0.5224   -0.461703  0.00541415
         522       -0.28   -0.461355  0.00541495
         523     -0.5176   -0.461462  0.00540567
         524     -0.5936   -0.461715  0.00540123
         525     -0.3576   -0.461516  0.00539458
         526     -0.6856   -0.461942  0.00540112
         527     -0.6864   -0.462368  0.00540764
         528     -0.5272   -0.462491  0.00539879
         529     -0.4456   -0.462459  0.00538868
         530     -0.6096   -0.462737  0.00538566
         531     -0.4408   -0.462695  0.00537567
         532     -0.4408   -0.462654  0.00536573
         533     -0.3616   -0.462465  0.00535901
         534     -0.3616   -0.462276   0.0053523
         535     -0.4384   -0.462231  0.00534248
         536      -0.356   -0.462033  0.00533619
         537     -0.4312   -0.461975  0.00532656
         538     -0.5144   -0.462073  0.00531755
         539     -0.3568   -0.461878  0.00531127
         540     -0.2784   -0.461538  0.00531229
         541       -0.44   -0.461498  0.00530262
         542     -0.6016   -0.461756  0.00529914
         543     -0.3552    -0.46156  0.00529301
         544     -0.5192   -0.461666  0.00528434
         545     -0.5224   -0.461778  0.00527582
         546     -0.1968   -0.461292  0.00528843
         547     -0.2808   -0.460962  0.00528905
         548       -0.28   -0.460632  0.00528969
         549      -0.444   -0.460602  0.00528015
         550     -0.3696   -0.460436  0.00527314
         551      -0.528   -0.460559  0.00526499
         552     -0.6088   -0.460828   0.0052623
         553     -0.2864   -0.460512  0.00526223
         554     -0.5232   -0.460625  0.00525395
         555     -0.2824   -0.460304  0.00525428
         556     -0.5184   -0.460409  0.00524587
         557     -0.3552    -0.46022  0.00523985
         558     -0.6776   -0.460609  0.00524492
         559     -0.4416   -0.460575  0.00523565
         560     -0.2816   -0.460256  0.00523605
         561     -0.4424   -0.460224  0.00522681
         562     -0.6072   -0.460485  0.00522405
         563     -0.4464    -0.46046  0.00521483
         564     -0.3656   -0.460292   0.0052083
         565     -0.5232   -0.460404  0.00520027
         566     -0.4416    -0.46037  0.00519119
         567     -0.4392   -0.460333  0.00518217
         568     -0.5232   -0.460444  0.00517422
         569     -0.4384   -0.460405  0.00516528
         570     -0.3664    -0.46024  0.00515885
         571      -0.364   -0.460071  0.00515256
         572     -0.4472   -0.460049   0.0051436
         573     -0.5272   -0.460166  0.00513596
         574     -0.6904   -0.460567  0.00514265
         575     -0.5248   -0.460679  0.00513492
         576     -0.4424   -0.460647  0.00512611
         577     -0.3616   -0.460476   0.0051201
         578     -0.4456    -0.46045   0.0051113
         579     -0.3664   -0.460287  0.00510505
         580     -0.6032   -0.460534   0.0051022
         581     -0.4376   -0.460494  0.00509357
         582     -0.4368   -0.460454  0.00508498
         583     -0.5216   -0.460558  0.00507734
         584     -0.4448   -0.460532  0.00506871
         585      -0.448    -0.46051   0.0050601
         586     -0.2864   -0.460213  0.00506018
         587     -0.4488   -0.460194  0.00505159
         588      -0.444   -0.460166  0.00504308
         589     -0.4432   -0.460137   0.0050346
         590     -0.5256   -0.460248  0.00502729
         591     -0.6032    -0.46049   0.0050246
         592        -0.6   -0.460726  0.00502163
         593     -0.4416   -0.460693  0.00501327
         594      -0.444   -0.460665  0.00500491
         595       -0.52   -0.460765  0.00499749
         596     -0.5224   -0.460868  0.00499017
         597     -0.4448   -0.460842  0.00498189
         598     -0.3624   -0.460677  0.00497627
         599     -0.4424   -0.460646  0.00496806
         600     -0.2032   -0.460217  0.00497827
         601     -0.3624   -0.460055  0.00497265
         602     -0.3584   -0.459886  0.00496726
         603     -0.5264   -0.459996  0.00496024
         604     -0.5216   -0.460098  0.00495308
         605     -0.5976   -0.460325   0.0049501
         606     -0.5984   -0.460553  0.00494718
         607     -0.4424   -0.460523  0.00493912
         608     -0.3568   -0.460353  0.00493394
         609     -0.5184   -0.460448  0.00492676
         610        -0.6   -0.460677  0.00492399
         611     -0.5192   -0.460773  0.00491686
         612     -0.5184   -0.460867  0.00490973
         613     -0.3608   -0.460703  0.00490443
         614     -0.4432   -0.460675  0.00489653
         615     -0.5184   -0.460769  0.00488947
         616       -0.68   -0.461125  0.00489446
         617     -0.6008   -0.461351  0.00489176
         618      -0.364   -0.461194  0.00488638
         619     -0.4424   -0.461163  0.00487858
         620      -0.444   -0.461135  0.00487079
         621      -0.604   -0.461366  0.00486838
         622     -0.4424   -0.461335  0.00486065
         623     -0.3584    -0.46117  0.00485566
         624     -0.5152   -0.461256  0.00484865
         625     -0.5952   -0.461471  0.00484562
         626     -0.6032   -0.461697  0.00484317
         627     -0.6048   -0.461925  0.00484082
         628     -0.2824   -0.461639  0.00484154
         629     -0.4384   -0.461603  0.00483399
         630     -0.5184   -0.461693  0.00482715
         631     -0.5184   -0.461783  0.00482034
         632     -0.3584   -0.461619  0.00481549
         633     -0.2832   -0.461337  0.00481612
         634     -0.6048   -0.461563  0.00481384
         635     -0.3624   -0.461407  0.00480879
         636     -0.2768   -0.461117  0.00480998
         637       -0.36   -0.460958  0.00480505
         638     -0.5232   -0.461056  0.00479851
         639     -0.5184   -0.461146  0.00479184
         640     -0.5208   -0.461239  0.00478526
         641     -0.2824    -0.46096  0.00478592
         642     -0.6864   -0.461311  0.00479133
         643      -0.692    -0.46167  0.00479729
         644     -0.5272   -0.461771  0.00479092
         645     -0.4432   -0.461743  0.00478358
         646       -0.52   -0.461833  0.00477702
         647     -0.5928   -0.462035  0.00477393
         648     -0.5944    -0.46224  0.00477093
         649      -0.276   -0.461953   0.0047722
         650     -0.2776   -0.461669  0.00477328
         651     -0.3672   -0.461524  0.00476815
         652     -0.4456   -0.461499   0.0047609
         653     -0.5224   -0.461593  0.00475452
         654        -0.6   -0.461804  0.00475196
         655     -0.4368   -0.461766  0.00474486
         656     -0.5216   -0.461857   0.0047385
         657     -0.4384   -0.461822  0.00473143
         658     -0.4392   -0.461787  0.00472436
         659     -0.2808   -0.461513  0.00472517
         660     -0.6008   -0.461724  0.00472272
         661     -0.3624   -0.461573  0.00471796
         662      -0.364   -0.461426  0.00471314
         663     -0.4344   -0.461385  0.00470621
         664     -0.5152   -0.461466  0.00469982
         665     -0.4328   -0.461423  0.00469295
         666     -0.3544   -0.461262  0.00468865
         667     -0.5184   -0.461348   0.0046824
         668      -0.592   -0.461544  0.00467948
         669     -0.5176   -0.461628  0.00467323
         670     -0.2832   -0.461361  0.00467384
         671     -0.6088   -0.461581  0.00467204
         672      -0.684   -0.461912  0.00467679
         673     -0.4432   -0.461884  0.00466993
         674        -0.2   -0.461496  0.00467913
         675        -0.2   -0.461108  0.00468821
         676     -0.6832   -0.461437  0.00469277
         677     -0.3688     -0.4613  0.00468784
         678     -0.5184   -0.461384  0.00468168
         679     -0.5976   -0.461585  0.00467908
         680      -0.516   -0.461665  0.00467288
         681      -0.196   -0.461275  0.00468228
         682     -0.4368   -0.461239  0.00467555
         683      -0.596   -0.461436  0.00467286
         684     -0.5976   -0.461635  0.00467027
         685     -0.5968   -0.461832  0.00466762
         686     -0.4416   -0.461803  0.00466091
         687     -0.5984   -0.462002  0.00465836
         688     -0.6808    -0.46232  0.00466244
         689     -0.6792   -0.462635  0.00466628
         690     -0.6872    -0.46296  0.00467086
         691      -0.608    -0.46317  0.00466881
         692     -0.3632   -0.463025   0.0046643
         693     -0.6024   -0.463227   0.0046619
         694     -0.5224   -0.463312  0.00465596
         695       -0.36   -0.463163  0.00465164
         696     -0.4448   -0.463137  0.00464503
         697     -0.4416   -0.463106  0.00463847
         698     -0.2776    -0.46284  0.00463943
         699       -0.36   -0.462693  0.00463512
         700     -0.5976   -0.462886  0.00463251
         701       -0.36   -0.462739  0.00462822
         702     -0.3624   -0.462596  0.00462384
         703     -0.1144   -0.462101  0.00464371
         704     -0.4376   -0.462066  0.00463725
         705     -0.5176   -0.462145  0.00463134
         706     -0.5248   -0.462233  0.00462563
         707      -0.604   -0.462434  0.00462343
         708     -0.6064   -0.462637  0.00462137
         709     -0.4432    -0.46261  0.00461493
         710     -0.5264     -0.4627  0.00460931
         711      -0.444   -0.462673   0.0046029
         712     -0.3568   -0.462525  0.00459883
         713       -0.44   -0.462493  0.00459249
         714       -0.44   -0.462462  0.00458617
         715     -0.6768   -0.462761  0.00458954
         716     -0.3584   -0.462616  0.00458545
         717     -0.2824   -0.462364  0.00458593
         718       -0.68   -0.462667  0.00458955
         719     -0.6056   -0.462866  0.00458747
         720     -0.4416   -0.462837   0.0045812
         721      -0.444   -0.462811  0.00457492
         722     -0.5248   -0.462896  0.00456939
         723       -0.36   -0.462754  0.00456528
         724     -0.5184   -0.462831  0.00455962
         725     -0.4344   -0.462792   0.0045535
         726     -0.2784   -0.462538  0.00455431
         727     -0.3608   -0.462398  0.00455019
         728     -0.3608   -0.462258  0.00454608
         729     -0.1952   -0.461892  0.00455458
         730     -0.2768   -0.461638   0.0045554
         731     -0.3624   -0.461503  0.00455119
         732     -0.4448    -0.46148  0.00454503
         733     -0.3624   -0.461345  0.00454084
         734       -0.36   -0.461207  0.00453675
         735     -0.5976   -0.461392  0.00453437
         736     -0.5944   -0.461573  0.00453181
         737     -0.4352   -0.461537   0.0045258
         738     -0.5136   -0.461608  0.00452022
         739     -0.5904   -0.461782  0.00451746
         740      -0.672   -0.462066  0.00452028
         741     -0.6744   -0.462352  0.00452325
         742      -0.352   -0.462204   0.0045196
         743     -0.3528   -0.462057  0.00451591
         744     -0.4384   -0.462025  0.00450996
         745     -0.5144   -0.462095  0.00450445
         746     -0.4376   -0.462062  0.00449853
         747     -0.4368   -0.462028  0.00449264
         748     -0.5152   -0.462099  0.00448719
         749      -0.432   -0.462059  0.00448138
         750     -0.2728   -0.461807  0.00448251
         751     -0.3544   -0.461664  0.00447882
         752     -0.2776   -0.461419  0.00447955
         753     -0.4368   -0.461386  0.00447372
         754     -0.5216   -0.461466   0.0044685
         755     -0.4424   -0.461441  0.00446265
         756     -0.3632   -0.461311  0.00445864
         757      -0.204   -0.460971  0.00446568
         758     -0.6096   -0.461167   0.0044641
         759      -0.284   -0.460934  0.00446431
         760     -0.3648   -0.460807  0.00446023
         761     -0.2824   -0.460573  0.00446053
         762     -0.3536   -0.460433  0.00445688
         763     -0.4368   -0.460402  0.00445115
         764     -0.5208   -0.460481  0.00444602
         765      -0.524   -0.460564  0.00444099
         766     -0.5288   -0.460653  0.00443608
         767     -0.4496   -0.460638  0.00443032
         768     -0.3688   -0.460519  0.00442617
         769     -0.5256   -0.460603  0.00442122
         770     -0.5256   -0.460688  0.00441628
         771     -0.3592   -0.460556  0.00441252
         772     -0.5192   -0.460632  0.00440746
         773     -0.6744   -0.460909  0.00441042
         774     -0.5168   -0.460981  0.00440531
         775     -0.4328   -0.460945  0.00439978
         776     -0.4384   -0.460915  0.00439421
         777     -0.5256   -0.460999  0.00438934
         778     -0.2024   -0.460666  0.00439627
         779     -0.2864   -0.460443  0.00439631
         780     -0.4464   -0.460425  0.00439071
         781     -0.5288   -0.460512  0.00438596
         782     -0.4528   -0.460502  0.00438036
         783     -0.7688   -0.460896  0.00439243
         784     -0.6888   -0.461187  0.00439644
         785     -0.6856   -0.461473  0.00440012
         786     -0.4432   -0.461449  0.00439458
         787     -0.5208   -0.461525  0.00438965
         788       -0.52   -0.461599   0.0043847
         789      -0.524   -0.461678  0.00437986
         790     -0.3632   -0.461553  0.00437609
         791     -0.5184   -0.461625  0.00437115
         792     -0.4376   -0.461595  0.00436573
         793     -0.5176   -0.461666   0.0043608
         794     -0.5968   -0.461836  0.00435863
         795       -0.36   -0.461708  0.00435502
         796        -0.6   -0.461881  0.00435302
         797     -0.6016   -0.462057  0.00435108
         798     -0.6016   -0.462232  0.00434914
         799     -0.4432   -0.462208  0.00434377
         800     -0.5216   -0.462282  0.00433897
         801     -0.5208   -0.462355  0.00433417
         802     -0.2808   -0.462129  0.00433467
         803        -0.2   -0.461802  0.00434155
         804     -0.4344   -0.461768  0.00433628
         805     -0.3592   -0.461641  0.00433277
         806     -0.2768   -0.461411  0.00433346
         807     -0.3584   -0.461284  0.00432997
         808     -0.2008   -0.460961  0.00433659
         809     -0.4384   -0.460933  0.00433132
         810       -0.36   -0.460809  0.00432777
         811     -0.3552   -0.460679  0.00432439
         812     -0.4392   -0.460652  0.00431914
         813     -0.4408   -0.460628   0.0043139
         814     -0.3624   -0.460507  0.00431029
         815      -0.364   -0.460389  0.00430663
         816       -0.44   -0.460364  0.00430142
         817     -0.4368   -0.460335  0.00429625
         818     -0.4424   -0.460313  0.00429106
         819     -0.4392   -0.460287  0.00428589
         820     -0.0416   -0.459777  0.00431097
         821     -0.6048   -0.459953  0.00430934
         822     -0.5184   -0.460024  0.00430469
         823     -0.3584   -0.459901  0.00430123
         824      -0.448   -0.459886  0.00429603
         825     -0.6064   -0.460064  0.00429449
         826     -0.6096   -0.460245  0.00429311
         827     -0.4432   -0.460224  0.00428797
         828     -0.5208   -0.460298  0.00428341
         829     -0.5984   -0.460464  0.00428148
         830     -0.5984    -0.46063  0.00427955
         831      -0.524   -0.460707  0.00427508
         832       -0.36   -0.460586  0.00427165
         833     -0.4464   -0.460569  0.00426656
         834      -0.288   -0.460362  0.00426646
         835     -0.3632   -0.460245  0.00426293
         836      -0.444   -0.460226  0.00425788
         837     -0.5192   -0.460296  0.00425337
         838       -0.44   -0.460272  0.00424837
         839     -0.5216   -0.460345  0.00424393
         840     -0.4432   -0.460325  0.00423893
         841     -0.7616   -0.460683    0.004249
         842     -0.3552   -0.460558   0.0042458
         843      -0.356   -0.460434  0.00424257
         844     -0.1208   -0.460031  0.00425659
         845     -0.4456   -0.460014  0.00425159
         846     -0.5248   -0.460091  0.00424725
         847     -0.4376   -0.460064  0.00424232
         848     -0.5992   -0.460228  0.00424049
         849     -0.4416   -0.460206  0.00423555
         850       -0.52   -0.460277  0.00423115
         851     -0.5152   -0.460341  0.00422667
         852     -0.4392   -0.460316  0.00422178
         853     -0.4408   -0.460294   0.0042169
         854      -0.196   -0.459984   0.0042233
         855     -0.3576   -0.459864  0.00422006
         856     -0.4392    -0.45984   0.0042152
         857     -0.3576   -0.459721  0.00421197
         858     -0.3584   -0.459603  0.00420871
         859     -0.3592   -0.459486  0.00420543
         860     -0.2016   -0.459186  0.00421122
         861     -0.3632   -0.459075  0.00420781
         862      -0.608   -0.459247  0.00420647
         863     -0.4472   -0.459233  0.00420162
         864     -0.2832    -0.45903  0.00420169
         865       -0.44   -0.459008  0.00419689
         866      -0.356   -0.458889  0.00419373
         867     -0.5168   -0.458955  0.00418943
         868     -0.4368    -0.45893  0.00418468
         869     -0.4352   -0.458903  0.00417995
         870     -0.5896   -0.459053  0.00417785
         871     -0.5944   -0.459208  0.00417594
         872     -0.5928   -0.459361  0.00417396
         873     -0.3592   -0.459247  0.00417075
         874      -0.364   -0.459138  0.00416741
         875     -0.5232   -0.459211  0.00416329
         876     -0.4416   -0.459191  0.00415858
         877     -0.6048   -0.459357  0.00415715
         878     -0.2808   -0.459154  0.00415739
         879     -0.2784   -0.458948  0.00415774
         880     -0.4392   -0.458925  0.00415308
         881     -0.6056   -0.459092   0.0041517
         882     -0.5256   -0.459167  0.00414768
         883     -0.6088   -0.459337  0.00414644
         884     -0.4456   -0.459321  0.00414178
         885      -0.528   -0.459399  0.00413783
         886     -0.3648   -0.459292  0.00413453
         887     -0.4424   -0.459273  0.00412992
         888     -0.7616   -0.459614  0.00413927
         889     -0.6016   -0.459773   0.0041377
         890     -0.3616   -0.459663  0.00413452
         891     -0.5184   -0.459729   0.0041304
         892     -0.5264   -0.459804  0.00412645
         893     -0.5216   -0.459873  0.00412241
         894     -0.6032   -0.460033  0.00412091
         895     -0.4424   -0.460013  0.00411636
         896     -0.2048   -0.459729  0.00412161
         897     -0.3672   -0.459625   0.0041183
         898     -0.3632   -0.459518  0.00411512
         899       -0.52   -0.459585  0.00411109
         900     -0.4376   -0.459561  0.00410659
         901     -0.3592    -0.45945  0.00410355
         902     -0.1992   -0.459161  0.00410913
         903     -0.3576   -0.459049  0.00410611
         904     -0.5128   -0.459108    0.004102
         905     -0.3584   -0.458997  0.00409898
         906       -0.52   -0.459064  0.00409501
         907     -0.5992   -0.459219  0.00409341
         908     -0.3592   -0.459108  0.00409038
         909     -0.3648   -0.459005   0.0040872
         910     -0.4488   -0.458993  0.00408272
         911     -0.4496   -0.458983  0.00407825
         912     -0.3672   -0.458882  0.00407502
         913     -0.5264   -0.458956  0.00407123
         914     -0.3624   -0.458851  0.00406815
         915     -0.5944   -0.458999   0.0040664
         916      -0.516   -0.459061  0.00406243
         917     -0.6792   -0.459301  0.00406509
         918     -0.4408   -0.459281  0.00406071
         919       -0.44    -0.45926  0.00405635
         920     -0.4416   -0.459241  0.00405198
         921      -0.596   -0.459389   0.0040503
         922     -0.4352   -0.459363    0.004046
         923     -0.4432   -0.459346  0.00404165
         924     -0.4416   -0.459326  0.00403732
         925      -0.124   -0.458964   0.0040492
         926     -0.5232   -0.459033  0.00404542
         927      -0.436   -0.459008  0.00404113
         928      -0.516    -0.45907  0.00403724
         929     -0.5088   -0.459123  0.00403325
         930     -0.5888   -0.459263  0.00403133
         931     -0.4352   -0.459237  0.00402708
         932     -0.5152   -0.459297  0.00402321
         933     -0.4336   -0.459269  0.00401899
         934     -0.4416   -0.459251  0.00401473
         935     -0.3624   -0.459147  0.00401177
         936      -0.364   -0.459045  0.00400877
         937     -0.4384   -0.459023  0.00400456
         938     -0.5984   -0.459172  0.00400304
         939     -0.5936   -0.459315  0.00400134
         940     -0.7576   -0.459632  0.00400964
         941     -0.4352   -0.459606  0.00400547
         942       -0.52    -0.45967  0.00400173
         943     -0.4408    -0.45965  0.00399754
         944     -0.4336   -0.459623   0.0039934
         945     -0.6752   -0.459851  0.00399568
         946     -0.7576   -0.460166  0.00400383
         947     -0.5256   -0.460235   0.0040002
         948     -0.5992   -0.460381  0.00399867
         949     -0.5248   -0.460449  0.00399503
         950      -0.524   -0.460516  0.00399138
         951       -0.44   -0.460495  0.00398725
         952     -0.4384   -0.460471  0.00398313
         953      -0.596   -0.460614  0.00398148
         954      -0.596   -0.460756  0.00397984
         955     -0.4432   -0.460737  0.00397571
         956     -0.4432   -0.460719   0.0039716
         957     -0.4456   -0.460703  0.00396748
         958     -0.3688   -0.460607   0.0039645
         959     -0.3576     -0.4605  0.00396182
         960     -0.4392   -0.460478  0.00395775
         961      -0.284   -0.460294  0.00395789
         962     -0.3672   -0.460197  0.00395496
         963     -0.5304    -0.46027  0.00395153
         964     -0.4488   -0.460258  0.00394744
         965     -0.3632   -0.460158  0.00394464
         966     -0.4448   -0.460142  0.00394058
         967     -0.6848   -0.460374  0.00394335
         968     -0.4448   -0.460358  0.00393931
         969      -0.364   -0.460258   0.0039365
         970     -0.2776    -0.46007  0.00393694
         971       -0.52   -0.460132  0.00393337
         972     -0.6016   -0.460277  0.00393202
         973     -0.4432    -0.46026  0.00392802
         974     -0.5976   -0.460401  0.00392651
         975     -0.5072   -0.460449  0.00392278
         976     -0.5936   -0.460585  0.00392113
         977     -0.6752   -0.460805  0.00392327
         978     -0.5936   -0.460941   0.0039216
         979     -0.5968   -0.461079  0.00392005
         980     -0.4344   -0.461052  0.00391615
         981     -0.5152   -0.461107  0.00391254
         982     -0.2784   -0.460921  0.00391298
         983     -0.5136   -0.460975  0.00390937
         984     -0.4344   -0.460948  0.00390549
         985     -0.5152   -0.461003  0.00390191
         986     -0.5216   -0.461065  0.00389844
         987     -0.6024   -0.461208  0.00389712
         988     -0.5232    -0.46127  0.00389368
         989     -0.6032   -0.461414  0.00389238
         990      -0.524   -0.461477  0.00388897
         991     -0.2776   -0.461292  0.00388947
         992     -0.4424   -0.461273  0.00388559
         993     -0.5216   -0.461333  0.00388215
         994       -0.44   -0.461312  0.00387831
         995     -0.3616   -0.461212   0.0038757
         996     -0.4448   -0.461195  0.00387185
         997     -0.4472   -0.461181  0.00386799
         998     -0.4408   -0.461161  0.00386417
         999     -0.4408    -0.46114  0.00386035
        1000     -0.2032   -0.460882   0.0038651
        1001     -0.4384    -0.46086  0.00386131
        1002     -0.4416   -0.460841   0.0038575
        1003     -0.6864   -0.461066   0.0038602
        1004     -0.6864    -0.46129  0.00386288
        1005     -0.6864   -0.461514  0.00386552
        1006      -0.684   -0.461735    0.003868
        1007      -0.608    -0.46188  0.00386689
        1008     -0.4424   -0.461861   0.0038631
        1009       -0.52   -0.461919   0.0038597
        1010     -0.4448   -0.461902  0.00385591
        1011     -0.8472   -0.462283  0.00387089
        1012       -0.52    -0.46234  0.00386748
        1013      -0.444   -0.462322  0.00386371
        1014       -0.36   -0.462221  0.00386122
        1015     -0.4408     -0.4622  0.00385747
        1016       -0.28    -0.46202  0.00385784
        1017     -0.3648   -0.461925  0.00385523
        1018     -0.3576   -0.461822   0.0038528
        1019     -0.2048    -0.46157  0.00385727
        1020        -0.2   -0.461314    0.003862
        1021     -0.5184    -0.46137  0.00385863
        1022     -0.4408    -0.46135   0.0038549
        1023     -0.6032   -0.461488  0.00385363
        1024     -0.5192   -0.461545  0.00385028
        1025     -0.4424   -0.461526  0.00384657
        1026     -0.6032   -0.461664  0.00384529
        1027     -0.5184   -0.461719  0.00384195
        1028     -0.4368   -0.461695  0.00383829
        1029     -0.2784   -0.461517  0.00383869
        1030     -0.2784   -0.461339  0.00383907
        1031     -0.6008   -0.461474  0.00383773
        1032     -0.6024   -0.461611  0.00383644
        1033     -0.1984   -0.461356  0.00384118
        1034     -0.2816   -0.461182   0.0038414
        1035      -0.436   -0.461158  0.00383776
        1036     -0.6744   -0.461364  0.00383958
        1037     -0.5136   -0.461414   0.0038362
        1038     -0.5952   -0.461543  0.00383467
        1039     -0.6808   -0.461754  0.00383678
        1040       -0.44   -0.461733  0.00383315
        1041     -0.4432   -0.461715  0.00382951
        1042      -0.768   -0.462009   0.0038371
        1043      -0.932    -0.46246  0.00385979
        1044      -0.608   -0.462599  0.00385861
        1045     -0.6088   -0.462739  0.00385745
        1046     -0.3664   -0.462647  0.00385486
        1047     -0.5248   -0.462706  0.00385164
        1048     -0.2816   -0.462534  0.00385184
        1049     -0.5984   -0.462663  0.00385034
        1050     -0.6024   -0.462796  0.00384898
        1051      -0.444   -0.462778  0.00384536
        1052     -0.3624   -0.462683  0.00384288
        1053     -0.3624   -0.462588  0.00384041
        1054      -0.448   -0.462574   0.0038368
        1055     -0.4456   -0.462558  0.00383319
        1056     -0.5208   -0.462613  0.00382996
        1057     -0.5984   -0.462741  0.00382849
        1058     -0.5992    -0.46287  0.00382704
        1059     -0.6816   -0.463077    0.003829
        1060     -0.5216   -0.463132  0.00382578
        1061       -0.44    -0.46311  0.00382224
        1062     -0.4384   -0.463087  0.00381871
        1063       -0.36    -0.46299  0.00381635
        1064        -0.2   -0.462743  0.00382076
        1065     -0.1992   -0.462495  0.00382518
        1066     -0.3528   -0.462392  0.00382297
        1067     -0.5176   -0.462444  0.00381974
        1068     -0.5944   -0.462568  0.00381816
        1069     -0.2784   -0.462396  0.00381847
        1070     -0.4408   -0.462375  0.00381496
        1071     -0.3576   -0.462277  0.00381265
        1072       -0.44   -0.462257  0.00380915
        1073     -0.5168   -0.462308  0.00380594
        1074     -0.4424   -0.462289  0.00380244
        1075     -0.5152   -0.462338  0.00379922
        1076     -0.7496   -0.462605  0.00380506
        1077     -0.3552   -0.462505  0.00380283
        1078      -0.592   -0.462626   0.0038012
        1079     -0.5904   -0.462744  0.00379953
        1080     -0.6688   -0.462935  0.00380079
        1081     -0.5952   -0.463057  0.00379925
        1082        -0.2   -0.462814  0.00380351
        1083     -0.5216   -0.462868  0.00380038
        1084      -0.524   -0.462925  0.00379729
        1085     -0.3616   -0.462831  0.00379494
        1086     -0.2008    -0.46259  0.00379911
        1087      -0.276   -0.462418  0.00379949
        1088     -0.5904   -0.462536  0.00379782
        1089     -0.4392   -0.462515  0.00379439
        1090     -0.5176   -0.462565  0.00379125
        1091     -0.6728   -0.462758  0.00379267
        1092      -0.432    -0.46273   0.0037893
        1093       -0.28   -0.462562  0.00378952
        1094     -0.5192   -0.462614  0.00378641
        1095     -0.3568   -0.462518  0.00378418
        1096     -0.3584   -0.462423  0.00378192
        1097     -0.4392   -0.462401  0.00377853
        1098     -0.3608   -0.462309  0.00377623
        1099      -0.356   -0.462212  0.00377403
        1100     -0.5176   -0.462263  0.00377093
        1101     -0.3544   -0.462165  0.00376878
        1102     -0.5144   -0.462212  0.00376566
        1103      -0.592    -0.46233  0.00376408
        1104     -0.4368   -0.462307  0.00376074
        1105     -0.3632   -0.462217  0.00375841
        1106     -0.6056   -0.462346  0.00375725
        1107     -0.2024   -0.462112  0.00376118
        1108     -0.5264    -0.46217  0.00375824
        1109     -0.5992   -0.462293  0.00375688
        1110     -0.6768   -0.462486  0.00375846
        1111       -0.68   -0.462682  0.00376017
        1112     -0.4432   -0.462665  0.00375683
        1113     -0.6008   -0.462789  0.00375551
        1114     -0.6768   -0.462981  0.00375705
        1115     -0.3568   -0.462886  0.00375488
        1116     -0.5208   -0.462938  0.00375188
        1117     -0.5176   -0.462987  0.00374884
        1118     -0.6784   -0.463179  0.00375043
        1119     -0.5208   -0.463231  0.00374744
        1120       -0.68   -0.463424  0.00374908
        1121       -0.52   -0.463475  0.00374608
        1122     -0.5208   -0.463526  0.00374309
        1123       -0.36   -0.463434  0.00374089
        1124     -0.3624   -0.463344  0.00373864
        1125     -0.5232   -0.463397   0.0037357
        1126     -0.4392   -0.463375  0.00373244
        1127     -0.4408   -0.463355  0.00372918
        1128       -0.44   -0.463335  0.00372594
        1129     -0.6032   -0.463459  0.00372469
        1130     -0.3664   -0.463373  0.00372239
        1131     -0.3624   -0.463283  0.00372017
        1132     -0.3616   -0.463194  0.00371797
        1133      -0.204   -0.462965  0.00372172
        1134      -0.116   -0.462659  0.00373099
        1135       -0.28   -0.462498  0.00373117
        1136     -0.4496   -0.462487   0.0037279
        1137     -0.3648   -0.462401  0.00372561
        1138     -0.5216   -0.462453   0.0037227
        1139     -0.6816   -0.462645   0.0037244
        1140     -0.6808   -0.462836  0.00372605
        1141     -0.4384   -0.462815  0.00372285
        1142       -0.68   -0.463005  0.00372444
        1143     -0.6816   -0.463197  0.00372609
        1144       -0.52   -0.463246  0.00372316
        1145     -0.2744   -0.463081  0.00372356
        1146     -0.2808   -0.462922  0.00372371
        1147     -0.4448   -0.462906   0.0037205
        1148     -0.5256   -0.462961  0.00371766
        1149     -0.2016   -0.462734  0.00372137
        1150      -0.444   -0.462717  0.00371817
        1151     -0.2824   -0.462561  0.00371824
        1152     -0.1224   -0.462265  0.00372672
        1153     -0.4352   -0.462242  0.00372356
        1154      -0.516   -0.462288  0.00372063
        1155     -0.2784   -0.462129  0.00372081
        1156     -0.5904    -0.46224  0.00371925
        1157     -0.5128   -0.462284  0.00371629
        1158     -0.4376   -0.462263  0.00371314
        1159     -0.2752   -0.462101  0.00371344
        1160     -0.5208   -0.462152  0.00371059
        1161     -0.2856      -0.462   0.0037105
        1162     -0.2864   -0.461849  0.00371039
        1163     -0.2064   -0.461629  0.00371369
        1164      -0.444   -0.461614  0.00371053
        1165     -0.2808   -0.461459  0.00371059
        1166     -0.2808   -0.461304  0.00371064
        1167     -0.4368   -0.461283  0.00370752
        1168       -0.36   -0.461196  0.00370536
        1169     -0.3608    -0.46111  0.00370319
        1170     -0.4472   -0.461098  0.00370004
        1171     -0.4464   -0.461086   0.0036969
        1172     -0.5224   -0.461138  0.00369412
        1173     -0.3616   -0.461053  0.00369194
        1174     -0.5208   -0.461104  0.00368915
        1175     -0.5256   -0.461159  0.00368642
        1176     -0.3624   -0.461075  0.00368424
        1177     -0.5216   -0.461126  0.00368147
        1178     -0.5992   -0.461243  0.00368021
        1179     -0.4408   -0.461226  0.00367713
        1180     -0.3608   -0.461141    0.003675
        1181     -0.3536    -0.46105  0.00367301
        1182     -0.3536   -0.460959  0.00367103
        1183      -0.752   -0.461205  0.00367616
        1184      -0.672   -0.461383  0.00367737
        1185     -0.5096   -0.461424  0.00367449
        1186     -0.5176   -0.461471   0.0036717
        1187     -0.2856   -0.461323  0.00367159
        1188        -0.6    -0.46144  0.00367035
        1189     -0.4424   -0.461424   0.0036673
        1190      -0.604   -0.461544  0.00366618
        1191     -0.6024   -0.461662  0.00366501
        1192      -0.444   -0.461647  0.00366196
        1193     -0.3664   -0.461567  0.00365976
        1194     -0.4416    -0.46155  0.00365674
        1195     -0.3568   -0.461463  0.00365473
        1196     -0.3568   -0.461375  0.00365272
        1197     -0.5928   -0.461485  0.00365132
        1198     -0.5216   -0.461535  0.00364861
        1199     -0.4448   -0.461521   0.0036456
        1200     -0.5216   -0.461571   0.0036429
        1201     -0.6824   -0.461755  0.00364451
        1202     -0.5256   -0.461808  0.00364186
        1203      -0.528   -0.461863  0.00363925
        1204      -0.684   -0.462048   0.0036409
        1205      -0.524   -0.462099  0.00363824
        1206     -0.4376   -0.462079  0.00363528
        1207     -0.2016   -0.461863  0.00363867
        1208     -0.3592   -0.461778  0.00363665
        1209     -0.5936   -0.461887  0.00363528
        1210      -0.668   -0.462058  0.00363626
        1211     -0.7488   -0.462294  0.00364096
        1212     -0.4288   -0.462267  0.00363806
        1213     -0.5888   -0.462371  0.00363656
        1214     -0.5128   -0.462413   0.0036338
        1215     -0.5976   -0.462524  0.00363251
        1216     -0.5216   -0.462572  0.00362985
        1217       -0.84   -0.462882  0.00364009
        1218     -0.4424   -0.462866  0.00363714
        1219     -0.4456   -0.462852  0.00363418
        1220     -0.7672   -0.463101  0.00363976
        1221      -0.604   -0.463216   0.0036386
        1222      -0.768   -0.463466  0.00364417
        1223     -0.6904   -0.463651  0.00364591
        1224     -0.6072   -0.463769  0.00364481
        1225     -0.2832   -0.463621  0.00364482
        1226     -0.4376     -0.4636  0.00364191
        1227     -0.2784   -0.463449  0.00364207
        1228       -0.28     -0.4633  0.00364216
        1229     -0.6768   -0.463473  0.00364334
        1230     -0.3568   -0.463387  0.00364141
        1231      -0.284   -0.463241  0.00364137
        1232     -0.5288   -0.463294   0.0036388
        1233     -0.7736   -0.463546  0.00364454
        1234     -0.6128   -0.463667  0.00364359
        1235     -0.4472   -0.463653  0.00364067
        1236     -0.3648   -0.463573   0.0036386
        1237       -0.36    -0.46349  0.00363662
        1238     -0.2064   -0.463282  0.00363961
        1239     -0.3632   -0.463201  0.00363757
        1240     -0.3592   -0.463117   0.0036356
        1241     -0.3576   -0.463032  0.00363367
        1242     -0.3568   -0.462947  0.00363175
        1243      -0.352   -0.462858  0.00362992
        1244      -0.596   -0.462965  0.00362858
        1245     -0.2848   -0.462822  0.00362849
        1246     -0.4368   -0.462801  0.00362563
        1247     -0.2784   -0.462653  0.00362574
        1248     -0.3688   -0.462578  0.00362362
        1249     -0.6896   -0.462759  0.00362527
        1250     -0.4424   -0.462743  0.00362241
        1251     -0.3576   -0.462659  0.00362049
        1252     -0.6848   -0.462836  0.00362194
        1253     -0.5184   -0.462881  0.00361932
        1254     -0.5192   -0.462926  0.00361671
        1255       -0.44   -0.462907  0.00361388
        1256     -0.3616   -0.462827   0.0036119
        1257     -0.4392   -0.462808  0.00360908
        1258     -0.1232   -0.462538  0.00361629
        1259     -0.5288   -0.462591   0.0036138
        1260      -0.688    -0.46277  0.00361536
        1261     -0.6128   -0.462889  0.00361445
        1262     -0.6072   -0.463003  0.00361339
        1263     -0.2032   -0.462797  0.00361638
        1264     -0.3624   -0.462718  0.00361439
        1265     -0.3576   -0.462635  0.00361249
        1266     -0.4408   -0.462617  0.00360968
        1267        -0.6   -0.462726  0.00360846
        1268     -0.5248   -0.462775  0.00360594
        1269       -0.36   -0.462694  0.00360401
        1270     -0.4448    -0.46268   0.0036012
        1271     -0.4432   -0.462664   0.0035984
        1272     -0.5176   -0.462708  0.00359583
        1273     -0.5152   -0.462749  0.00359324
        1274       -0.28   -0.462605  0.00359328
        1275     -0.5224   -0.462652  0.00359077
        1276      -0.516   -0.462694   0.0035882
        1277     -0.5152   -0.462735  0.00358563
        1278     -0.5152   -0.462776  0.00358306
        1279     -0.4416    -0.46276  0.00358029
        1280     -0.4368   -0.462739  0.00357755
        1281     -0.3568   -0.462657  0.00357572
        1282     -0.3592   -0.462576  0.00357384
        1283      -0.516   -0.462618  0.00357129
        1284     -0.4368   -0.462598  0.00356857
        1285     -0.5984   -0.462703  0.00356736
        1286     -0.2792    -0.46256  0.00356744
        1287     -0.5192   -0.462605  0.00356493
        1288     -0.3632   -0.462527    0.003563
        1289     -0.5224   -0.462574  0.00356054
        1290     -0.6008   -0.462681  0.00355939
        1291     -0.4448   -0.462667  0.00355666
        1292     -0.4392   -0.462649  0.00355396
        1293     -0.3592   -0.462569  0.00355211
        1294     -0.4408   -0.462552   0.0035494
        1295      -0.528   -0.462603  0.00354702
        1296     -0.2832   -0.462464  0.00354699
        1297     -0.4368   -0.462444  0.00354431
        1298      -0.436   -0.462424  0.00354163
        1299       -0.44   -0.462407  0.00353895
        1300     -0.5224   -0.462453  0.00353653
        1301     -0.6792    -0.46262  0.00353773
        1302     -0.5152    -0.46266  0.00353524
        1303     -0.5976   -0.462763  0.00353405
        1304      -0.756   -0.462988  0.00353849
        1305     -0.5216   -0.463033  0.00353606
        1306     -0.4424   -0.463017  0.00353339
        1307       -0.36   -0.462939  0.00353156
        1308     -0.4416   -0.462922   0.0035289
        1309     -0.7568   -0.463147  0.00353334
        1310     -0.5968   -0.463249  0.00353211
        1311     -0.5952    -0.46335  0.00353085
        1312     -0.5152   -0.463389  0.00352838
        1313     -0.5184   -0.463431  0.00352594
        1314     -0.4424   -0.463415   0.0035233
        1315     -0.3672   -0.463342  0.00352138
        1316     -0.4488   -0.463331  0.00351872
        1317     -0.5216   -0.463375  0.00351633
        1318     -0.5264   -0.463423  0.00351398
        1319     -0.4432   -0.463407  0.00351135
        1320     -0.2016   -0.463209  0.00351429
        1321     -0.3688   -0.463138  0.00351236
        1322      -0.444   -0.463123  0.00350973
        1323      -0.528   -0.463172  0.00350742
        1324      -0.448   -0.463161  0.00350479
        1325     -0.3648   -0.463086  0.00350293
        1326     -0.5264   -0.463134  0.00350061
        1327     -0.2832   -0.462999   0.0035006
        1328     -0.4464   -0.462986  0.00349799
        1329     -0.5264   -0.463034  0.00349568
        1330     -0.3664   -0.462961  0.00349381
        1331     -0.3672   -0.462889  0.00349192
        1332     -0.5248   -0.462936  0.00348961
        1333     -0.2824     -0.4628  0.00348962
        1334      -0.596     -0.4629  0.00348843
        1335     -0.5976   -0.463001  0.00348728
        1336        -0.6   -0.463104  0.00348617
        1337     -0.6008   -0.463207  0.00348509
        1338      -0.516   -0.463246  0.00348271
        1339     -0.4336   -0.463224  0.00348018
        1340     -0.6016   -0.463327  0.00347911
        1341     -0.3576   -0.463248  0.00347741
        1342     -0.5152   -0.463287  0.00347503
        1343     -0.7616   -0.463509  0.00347954
        1344     -0.5952   -0.463607  0.00347833
        1345     -0.5184   -0.463648  0.00347598
        1346     -0.5944   -0.463745  0.00347476
        1347     -0.5152   -0.463783  0.00347239
        1348      -0.432    -0.46376  0.00346989
        1349      -0.516   -0.463798  0.00346753
        1350     -0.7568   -0.464015  0.00347175
        1351     -0.5256   -0.464061  0.00346948
        1352      -0.608   -0.464167  0.00346855
        1353     -0.6888   -0.464333  0.00346995
        1354     -0.7712    -0.46456  0.00347479
        1355     -0.5288   -0.464608  0.00347254
        1356     -0.6912   -0.464775    0.003474
        1357     -0.5248   -0.464819  0.00347172
        1358     -0.5288   -0.464866  0.00346949
        1359     -0.4456   -0.464852  0.00346696
        1360     -0.7664   -0.465074   0.0034715
        1361     -0.5248   -0.465117  0.00346922
        1362      -0.604   -0.465219  0.00346817
        1363     -0.7624   -0.465437  0.00347248
        1364     -0.6848   -0.465598  0.00347365
        1365      -0.524   -0.465641  0.00347137
        1366     -0.2848   -0.465509  0.00347135
        1367     -0.3624   -0.465433  0.00346963
        1368     -0.6056   -0.465536  0.00346861
        1369       -0.52   -0.465575   0.0034663
        1370       -0.36   -0.465498  0.00346463
        1371     -0.4416   -0.465481  0.00346215
        1372     -0.4408   -0.465463  0.00345967
        1373     -0.3608   -0.465387  0.00345799
        1374     -0.2776    -0.46525  0.00345817
        1375       -0.36   -0.465174  0.00345651
        1376     -0.2832   -0.465041  0.00345652
        1377     -0.6848   -0.465201  0.00345769
        1378     -0.3616   -0.465126    0.003456
        1379       -0.44   -0.465107  0.00345354
        1380     -0.4392   -0.465089  0.00345109
        1381     -0.4432   -0.465073  0.00344863
        1382     -0.5264   -0.465117  0.00344642
        1383     -0.6064   -0.465219  0.00344544
        1384     -0.3688    -0.46515  0.00344366
        1385     -0.4472   -0.465137   0.0034412
        1386     -0.5272   -0.465182    0.003439
        1387     -0.4464   -0.465168  0.00343655
        1388     -0.5248   -0.465211  0.00343434
        1389      -0.444   -0.465196   0.0034319
        1390     -0.4496   -0.465184  0.00342945
        1391     -0.6888   -0.465345  0.00343075
        1392     -0.5304   -0.465392  0.00342861
        1393     -0.6864   -0.465551  0.00342982
        1394     -0.5248   -0.465593  0.00342762
        1395     -0.4424   -0.465576   0.0034252
        1396     -0.4408   -0.465559  0.00342279
        1397     -0.5232     -0.4656  0.00342059
        1398     -0.5216    -0.46564  0.00341838
        1399     -0.2024   -0.465452  0.00342111
        1400     -0.2056   -0.465266   0.0034237
        1401     -0.5296   -0.465312  0.00342156
        1402     -0.6912   -0.465473  0.00342291
        1403     -0.6896   -0.465633   0.0034242
        1404      -0.692   -0.465794  0.00342556
        1405     -0.2832   -0.465664  0.00342558
        1406     -0.3576   -0.465587  0.00342401
        1407      -0.516   -0.465623  0.00342176
        1408       -0.44   -0.465605  0.00341938
        1409     -0.2824   -0.465475  0.00341942
        1410     -0.4384   -0.465456  0.00341705
        1411     -0.5176   -0.465493  0.00341483
        1412     -0.6744   -0.465641  0.00341562
        1413      -0.516   -0.465676  0.00341338
        1414     -0.4344   -0.465654  0.00341104
        1415     -0.5144   -0.465689  0.00340881
        1416     -0.4416   -0.465672  0.00340644
        1417     -0.5184   -0.465709  0.00340424
        1418     -0.2736   -0.465573  0.00340453
        1419      -0.284   -0.465446  0.00340454
        1420     -0.5256   -0.465488   0.0034024
        1421     -0.6064   -0.465587  0.00340146
        1422     -0.3632   -0.465515  0.00339983
        1423       -0.36   -0.465441  0.00339824
        1424     -0.5208    -0.46548  0.00339608
        1425     -0.5192   -0.465517  0.00339391
        1426       -0.52   -0.465556  0.00339174
        1427     -0.3648   -0.465485   0.0033901
        1428     -0.5176   -0.465522  0.00338792
        1429     -0.2816   -0.465393  0.00338799
        1430     -0.6048    -0.46549  0.00338703
        1431     -0.3648    -0.46542  0.00338539
        1432     -0.3592   -0.465346  0.00338384
        1433       -0.44   -0.465328  0.00338153
        1434     -0.5232   -0.465368  0.00337941
        1435     -0.3672     -0.4653  0.00337775
        1436     -0.2848   -0.465174  0.00337773
        1437      -0.372    -0.46511    0.003376
        1438     -0.6104   -0.465211  0.00337517
        1439      -0.524   -0.465251  0.00337307
        1440     -0.3632   -0.465181  0.00337147
        1441      -0.444   -0.465166  0.00336916
        1442       -0.36   -0.465093  0.00336762
        1443     -0.4352   -0.465072  0.00336535
        1444     -0.2792   -0.464943  0.00336548
        1445     -0.5992   -0.465036  0.00336443
        1446     -0.6792   -0.465185  0.00336536
        1447      -0.596   -0.465275  0.00336425
        1448     -0.5224   -0.465314  0.00336216
        1449     -0.3648   -0.465245  0.00336055
        1450     -0.6024    -0.46534  0.00335957
        1451     -0.6784   -0.465486  0.00336046
        1452     -0.5144    -0.46552  0.00335831
        1453     -0.1984   -0.465336  0.00336103
        1454       -0.28   -0.465209  0.00336113
        1455     -0.3608   -0.465137  0.00335959
        1456     -0.2032   -0.464957  0.00336209
        1457     -0.4464   -0.464944  0.00335981
        1458     -0.4416   -0.464928  0.00335755
        1459     -0.3568   -0.464854  0.00335606
        1460     -0.4456   -0.464841  0.00335379
        1461      -0.444   -0.464827  0.00335152
        1462     -0.2872   -0.464705  0.00335143
        1463     -0.5296    -0.46475  0.00334944
        1464     -0.4456   -0.464737  0.00334717
        1465     -0.5208   -0.464775  0.00334511
        1466     -0.5232   -0.464815  0.00334306
        1467     -0.4424   -0.464799  0.00334082
        1468     -0.3584   -0.464727  0.00333933
        1469     -0.4408   -0.464711   0.0033371
        1470     -0.1992    -0.46453  0.00333971
        1471     -0.5216   -0.464569  0.00333767
        1472     -0.4424   -0.464554  0.00333543
        1473     -0.5168   -0.464589  0.00333336
        1474     -0.3568   -0.464516   0.0033319
        1475     -0.2792   -0.464391  0.00333201
        1476     -0.6744   -0.464533  0.00333278
        1477       -0.68   -0.464679  0.00333372
        1478     -0.4448   -0.464665  0.00333149
        1479     -0.6048    -0.46476  0.00333059
        1480      -0.524     -0.4648  0.00332858
        1481     -0.4424   -0.464785  0.00332636
        1482     -0.5256   -0.464826  0.00332437
        1483     -0.4448   -0.464812  0.00332216
        1484     -0.5248   -0.464853  0.00332016
        1485     -0.5216   -0.464891  0.00331815
        1486     -0.5184   -0.464927  0.00331611
        1487     -0.6736   -0.465067  0.00331685
        1488     -0.2776   -0.464941  0.00331701
        1489      -0.684   -0.465089  0.00331804
        1490        -0.6   -0.465179  0.00331705
        1491     -0.5952   -0.465266  0.00331597
        1492     -0.4336   -0.465245  0.00331382
        1493      -0.524   -0.465284  0.00331183
        1494     -0.4464   -0.465272  0.00330964
        1495     -0.3648   -0.465205  0.00330811
        1496     -0.5208   -0.465242  0.00330611
        1497     -0.6064   -0.465336  0.00330524
        1498     -0.3648   -0.465269  0.00330372
        1499     -0.1216    -0.46504  0.00330946
        1500     -0.5112    -0.46507   0.0033074
        1501     -0.4352    -0.46505  0.00330525
        1502     -0.2824   -0.464929  0.00330529
        1503     -0.2816   -0.464807  0.00330534
        1504     -0.4376   -0.464789  0.00330319
        1505     -0.3576   -0.464718  0.00330176
        1506     -0.3624    -0.46465  0.00330027
        1507        -0.6   -0.464739   0.0032993
        1508     -0.4448   -0.464726  0.00329714
        1509       -0.52   -0.464763  0.00329516
        1510     -0.5992   -0.464852  0.00329418
        1511     -0.5208   -0.464889  0.00329221
        1512     -0.5176   -0.464924  0.00329021
        1513     -0.3568   -0.464852  0.00328882
        1514       -0.36   -0.464783  0.00328737
        1515      -0.436   -0.464764  0.00328526
        1516     -0.2776   -0.464641  0.00328541
        1517      -0.196   -0.464464  0.00328801
        1518     -0.5168   -0.464498  0.00328603
        1519     -0.4392   -0.464481  0.00328391
        1520     -0.5224   -0.464519  0.00328197
        1521     -0.4488   -0.464509  0.00327983
        1522     -0.6848   -0.464654  0.00328086
        1523     -0.4424   -0.464639  0.00327874
        1524     -0.4472   -0.464628  0.00327661
        1525     -0.4472   -0.464616  0.00327448
        1526      -0.608    -0.46471  0.00327368
        1527      -0.688   -0.464857   0.0032748
        1528      -0.604   -0.464948  0.00327393
        1529       -0.28   -0.464827  0.00327402
        1530      -0.356   -0.464756  0.00327265
        1531     -0.4304   -0.464733  0.00327059
        1532     -0.5152   -0.464766  0.00326862
        1533     -0.5984   -0.464853  0.00326765
        1534      -0.516   -0.464887  0.00326569
        1535     -0.3552   -0.464815  0.00326435
        1536     -0.3584   -0.464746  0.00326296
        1537     -0.4472   -0.464734  0.00326085
        1538     -0.5328   -0.464779  0.00325903
        1539     -0.5312   -0.464822   0.0032572
        1540     -0.5272   -0.464862  0.00325534
        1541      -0.604   -0.464953  0.00325448
        1542     -0.6056   -0.465044  0.00325364
        1543     -0.6096   -0.465138  0.00325288
        1544     -0.3672   -0.465074   0.0032514
        1545     -0.4408   -0.465058  0.00324933
        1546     -0.3664   -0.464995  0.00324785
        1547     -0.4456   -0.464982  0.00324578
        1548     -0.5296   -0.465024  0.00324395
        1549     -0.2832   -0.464906  0.00324398
        1550     -0.5232   -0.464944   0.0032421
        1551     -0.4408   -0.464928  0.00324005
        1552     -0.5152   -0.464961  0.00323813
        1553     -0.4336   -0.464941   0.0032361
        1554     -0.3584   -0.464872  0.00323475
        1555     -0.5176   -0.464906  0.00323285
        1556     -0.3592   -0.464838  0.00323148
        1557     -0.3536   -0.464767   0.0032302
        1558     -0.2784   -0.464647  0.00323034
        1559       -0.28   -0.464529  0.00323043
        1560     -0.2008   -0.464359  0.00323278
        1561       -0.44   -0.464344  0.00323075
        1562     -0.5168   -0.464377  0.00322886
        1563      -0.524   -0.464416  0.00322702
        1564     -0.4408   -0.464401  0.00322499
        1565     -0.2784   -0.464282  0.00322512
        1566     -0.2832   -0.464166  0.00322513
        1567     -0.2008   -0.463998  0.00322745
        1568     -0.4352    -0.46398  0.00322544
        1569     -0.3584   -0.463912  0.00322409
        1570     -0.5184   -0.463947  0.00322222
        1571     -0.4392   -0.463931  0.00322021
        1572       -0.52   -0.463967  0.00321836
        1573     -0.5168   -0.464001  0.00321649
        1574     -0.5168   -0.464034  0.00321462
        1575     -0.7584   -0.464221  0.00321801
        1576     -0.7552   -0.464406  0.00322126
        1577       -0.52   -0.464441  0.00321941
        1578     -0.5944   -0.464523  0.00321842
        1579     -0.6704   -0.464654  0.00321902
        1580      -0.592   -0.464734  0.00321799
        1581     -0.4432   -0.464721  0.00321599
        1582     -0.5248   -0.464759  0.00321418
        1583     -0.6824   -0.464896  0.00321509
        1584      -0.528   -0.464936   0.0032133
        1585     -0.5248   -0.464974   0.0032115
        1586      -0.444    -0.46496   0.0032095
        1587      -0.516   -0.464993  0.00320764
        1588      -0.444   -0.464979  0.00320565
        1589      -0.524   -0.465016  0.00320384
        1590     -0.4384      -0.465  0.00320187
        1591     -0.5232   -0.465036  0.00320007
        1592     -0.6056   -0.465125  0.00319928
        1593     -0.5944   -0.465206   0.0031983
        1594     -0.5192    -0.46524  0.00319647
        1595     -0.6008   -0.465325   0.0031956
        1596     -0.5216    -0.46536  0.00319379
        1597     -0.4448   -0.465347  0.00319182
        1598      -0.444   -0.465334  0.00318985
        1599     -0.4408   -0.465318  0.00318789
        1600       -0.52   -0.465353  0.00318608
        1601     -0.2816   -0.465238  0.00318616
        1602     -0.4392   -0.465221  0.00318421
        1603     -0.6008   -0.465306  0.00318334
        1604     -0.4368   -0.465288  0.00318141
        1605     -0.4392   -0.465272  0.00317947
        1606     -0.6872    -0.46541  0.00318049
        1607      -0.524   -0.465447  0.00317872
        1608     -0.4424   -0.465432  0.00317678
        1609     -0.6032   -0.465518  0.00317596
        1610     -0.6008   -0.465602  0.00317509
        1611     -0.3608   -0.465537  0.00317379
        1612       -0.28   -0.465422  0.00317391
        1613     -0.3656    -0.46536  0.00317254
        1614     -0.3664   -0.465299  0.00317117
        1615     -0.5272   -0.465337  0.00316944
        1616     -0.5264   -0.465375   0.0031677
        1617      -0.524   -0.465411  0.00316595
        1618     -0.5264   -0.465449  0.00316422
        1619     -0.3688   -0.465389  0.00316283
        1620     -0.4464   -0.465377   0.0031609
        1621     -0.6072   -0.465465  0.00316016
        1622     -0.6872   -0.465601  0.00316116
        1623     -0.6088    -0.46569  0.00316045
        1624     -0.6904   -0.465828  0.00316153
        1625      -0.444   -0.465815  0.00315961
        1626     -0.3592   -0.465749  0.00315835
        1627     -0.3576   -0.465683  0.00315711
        1628      -0.596   -0.465763  0.00315618
        1629     -0.1992   -0.465599  0.00315848
        1630     -0.3584   -0.465533  0.00315723
        1631       -0.28   -0.465419  0.00315734
        1632     -0.4384   -0.465403  0.00315545
        1633      -0.604   -0.465488  0.00315466
        1634       -0.52   -0.465521  0.00315291
        1635     -0.4504   -0.465512  0.00315099
        1636     -0.6128   -0.465602  0.00315035
        1637     -0.6096    -0.46569  0.00314965
        1638     -0.3632   -0.465627  0.00314835
        1639       -0.52   -0.465661  0.00314661
        1640     -0.3576   -0.465595  0.00314538
        1641       -0.28   -0.465482  0.00314549
        1642     -0.4408   -0.465467  0.00314361
        1643     -0.6104   -0.465555  0.00314294
        1644     -0.6088   -0.465642  0.00314223
        1645     -0.6096   -0.465729  0.00314154
        1646     -0.6896   -0.465865  0.00314258
        1647     -0.6088   -0.465952  0.00314187
        1648     -0.6088   -0.466039  0.00314116
        1649     -0.4464   -0.466027  0.00313927
        1650     -0.4384    -0.46601  0.00313742
        1651      -0.436   -0.465992  0.00313557
        1652     -0.3568   -0.465926  0.00313437
        1653     -0.5992   -0.466007  0.00313351
        1654      -0.444   -0.465993  0.00313164
        1655     -0.4416   -0.465978  0.00312978
        1656     -0.6048   -0.466062  0.00312902
        1657     -0.6048   -0.466146  0.00312825
        1658     -0.2896    -0.46604  0.00312817
        1659     -0.2824   -0.465929  0.00312824
        1660     -0.2848    -0.46582  0.00312826
        1661     -0.3576   -0.465755  0.00312706
        1662     -0.2776   -0.465641  0.00312722
        1663     -0.5192   -0.465674  0.00312551
        1664     -0.6088    -0.46576  0.00312482
        1665     -0.6096   -0.465846  0.00312413
        1666     -0.5248   -0.465881  0.00312246
        1667     -0.6848   -0.466013  0.00312334
        1668     -0.7688   -0.466194  0.00312674
        1669     -0.3648   -0.466133  0.00312546
        1670     -0.3664   -0.466074  0.00312416
        1671     -0.6032   -0.466156  0.00312337
        1672     -0.2864   -0.466048  0.00312335
        1673     -0.4448   -0.466036  0.00312151
        1674      -0.364   -0.465975  0.00312024
        1675     -0.4368   -0.465957  0.00311842
        1676     -0.5184   -0.465989  0.00311672
        1677     -0.4408   -0.465974   0.0031149
        1678     -0.5256   -0.466009  0.00311324
        1679     -0.5216   -0.466042  0.00311157
        1680     -0.3608    -0.46598  0.00311034
        1681      -0.436   -0.465962  0.00310854
        1682       -0.76   -0.466137  0.00311161
        1683     -0.6792   -0.466263  0.00311233
        1684     -0.5272   -0.466299   0.0031107
        1685     -0.5288   -0.466336  0.00310907
        1686     -0.5256   -0.466372  0.00310743
        1687     -0.6136   -0.466459  0.00310681
        1688     -0.5288   -0.466496  0.00310519
        1689     -0.6896   -0.466628  0.00310616
        1690     -0.5272   -0.466664  0.00310453
        1691     -0.4472   -0.466652  0.00310271
        1692       -0.28   -0.466542  0.00310284
        1693       -0.44   -0.466526  0.00310105
        1694     -0.5232    -0.46656   0.0030994
        1695     -0.4432   -0.466546   0.0030976
        1696     -0.6872   -0.466676   0.0030985
        1697     -0.6888   -0.466807  0.00309944
        1698     -0.7704   -0.466986  0.00310277
        1699      -0.608   -0.467069  0.00310205
        1700      -0.692   -0.467201  0.00310305
        1701      -0.528   -0.467237  0.00310143
        1702      -0.368   -0.467178  0.00310015
        1703     -0.4464   -0.467166  0.00309836
        1704     -0.3576   -0.467102  0.00309721
        1705     -0.4352   -0.467083  0.00309545
        1706      -0.436   -0.467065  0.00309369
        1707     -0.4328   -0.467045  0.00309194
        1708     -0.4336   -0.467025  0.00309019
        1709     -0.4336   -0.467006  0.00308844
        1710     -0.4344   -0.466987   0.0030867
        1711     -0.2736   -0.466874  0.00308696
        1712     -0.4392   -0.466857   0.0030852
        1713     -0.3632   -0.466797  0.00308399
        1714      -0.364   -0.466737  0.00308278
        1715     -0.4456   -0.466725    0.003081
        1716     -0.4504   -0.466715  0.00307922
        1717     -0.6136   -0.466801  0.00307862
        1718     -0.6912   -0.466931  0.00307959
        1719     -0.6056   -0.467012  0.00307886
        1720     -0.4504   -0.467002  0.00307708
        1721     -0.6048   -0.467082  0.00307634
        1722      -0.688   -0.467211  0.00307723
        1723     -0.5248   -0.467244  0.00307562
        1724      -0.444   -0.467231  0.00307387
        1725     -0.4432   -0.467217  0.00307212
        1726     -0.6016   -0.467295  0.00307132
        1727     -0.2792   -0.467186  0.00307148
        1728      -0.524   -0.467219  0.00306987
        1729      -0.288   -0.467115  0.00306985
        1730     -0.5224   -0.467147  0.00306824
        1731     -0.4432   -0.467133   0.0030665
        1732     -0.5992   -0.467209  0.00306568
        1733     -0.4376   -0.467192  0.00306395
        1734     -0.1976   -0.467037  0.00306613
        1735     -0.4408   -0.467022   0.0030644
        1736     -0.4376   -0.467005  0.00306268
        1737     -0.2784   -0.466896  0.00306284
        1738     -0.5192   -0.466926  0.00306123
        1739     -0.2016   -0.466774  0.00306327
        1740     -0.3584   -0.466711  0.00306214
        1741     -0.3592    -0.46665    0.003061
        1742     -0.4376   -0.466633  0.00305929
        1743     -0.6032   -0.466711  0.00305854
        1744       -0.44   -0.466696  0.00305682
        1745     -0.2016   -0.466544  0.00305885
        1746     -0.3624   -0.466484  0.00305767
        1747     -0.2768   -0.466376  0.00305785
        1748     -0.2768   -0.466267  0.00305802
        1749      -0.512   -0.466293  0.00305639
        1750     -0.1944   -0.466138  0.00305859
        1751     -0.4424   -0.466125  0.00305687
        1752     -0.4376   -0.466108  0.00305517
        1753     -0.5176   -0.466138  0.00305357
        1754     -0.5184   -0.466167  0.00305197
        1755     -0.4352    -0.46615  0.00305028
        1756     -0.5152   -0.466178  0.00304868
        1757     -0.6768   -0.466298   0.0030493
        1758     -0.6768   -0.466417  0.00304991
        1759     -0.3584   -0.466356   0.0030488
        1760      -0.436   -0.466339  0.00304711
        1761     -0.5192   -0.466369  0.00304553
        1762     -0.3624    -0.46631  0.00304437
        1763      -0.364   -0.466252   0.0030432
        1764     -0.3656   -0.466195  0.00304201
        1765     -0.3632   -0.466136  0.00304085
        1766     -0.2864   -0.466034  0.00304083
        1767     -0.5208   -0.466065  0.00303926
        1768     -0.6784   -0.466186  0.00303992
        1769       -0.52   -0.466216  0.00303835
        1770     -0.5208   -0.466247  0.00303679
        1771     -0.5224   -0.466278  0.00303524
        1772       -0.28   -0.466173  0.00303535
        1773     -0.5272   -0.466208  0.00303383
        1774     -0.5288   -0.466243  0.00303233
        1775     -0.3608   -0.466184   0.0030312
        1776     -0.4392   -0.466168  0.00302953
        1777     -0.4328    -0.46615  0.00302788
        1778     -0.4352   -0.466132  0.00302623
        1779     -0.5928   -0.466203  0.00302537
        1780     -0.7552   -0.466366  0.00302802
        1781      -0.836   -0.466573  0.00303343
        1782     -0.5128   -0.466599  0.00303183
        1783     -0.3584   -0.466539  0.00303074
        1784     -0.5208   -0.466569  0.00302919
        1785       -0.36   -0.466509  0.00302809
        1786     -0.5992   -0.466584   0.0030273
        1787     -0.6816   -0.466704    0.003028
        1788     -0.6776   -0.466822   0.0030286
        1789     -0.5216   -0.466853  0.00302706
        1790     -0.5952   -0.466924  0.00302622
        1791     -0.5192   -0.466953  0.00302467
        1792      -0.436   -0.466936  0.00302303
        1793     -0.3544   -0.466873    0.003022
        1794     -0.2816    -0.46677  0.00302208
        1795     -0.5152   -0.466797  0.00302051
        1796     -0.7504   -0.466955  0.00302296
        1797      -0.592   -0.467025  0.00302208
        1798     -0.5968   -0.467097  0.00302126
        1799     -0.5184   -0.467125  0.00301971
        1800        -0.6   -0.467199  0.00301894
        1801     -0.5184   -0.467228  0.00301739
        1802     -0.5184   -0.467256  0.00301585
        1803     -0.2752   -0.467149  0.00301606
        1804      -0.516   -0.467176  0.00301451
        1805     -0.6808   -0.467295  0.00301516
        1806     -0.2824   -0.467192  0.00301523
        1807     -0.2784   -0.467088  0.00301537
        1808      -0.676   -0.467204  0.00301592
        1809     -0.7632   -0.467367  0.00301869
        1810     -0.5968   -0.467439  0.00301787
        1811     -0.5168   -0.467466  0.00301632
        1812     -0.3616   -0.467408  0.00301522
        1813     -0.2024   -0.467261   0.0030171
        1814     -0.4496   -0.467252  0.00301545
        1815       -0.52   -0.467281  0.00301393
        1816     -0.3584   -0.467221  0.00301287
        1817      -0.444   -0.467208  0.00301124
        1818     -0.2784   -0.467104  0.00301137
        1819     -0.2824   -0.467003  0.00301143
        1820     -0.6808    -0.46712  0.00301206
        1821       -0.52   -0.467149  0.00301055
        1822     -0.4408   -0.467135  0.00300893
        1823      -0.436   -0.467117  0.00300733
        1824     -0.4424   -0.467104  0.00300571
        1825     -0.1992   -0.466957  0.00300765
        1826        -0.6    -0.46703  0.00300688
        1827     -0.5256   -0.467062  0.00300541
        1828     -0.3624   -0.467005  0.00300431
        1829      -0.448   -0.466994  0.00300268
        1830     -0.2832   -0.466894  0.00300272
        1831       -0.44   -0.466879  0.00300112
        1832     -0.3592   -0.466821  0.00300006
        1833     -0.5224   -0.466851  0.00299857
        1834     -0.7576   -0.467009  0.00300113
        1835        -0.6   -0.467082  0.00300036
        1836     -0.3568   -0.467022  0.00299933
        1837     -0.5912   -0.467089  0.00299846
        1838      -0.356   -0.467029  0.00299744
        1839      -0.436   -0.467012  0.00299586
        1840     -0.2776   -0.466909    0.002996
        1841     -0.1128   -0.466717  0.00300054
        1842     -0.5888   -0.466783  0.00299964
        1843     -0.3488   -0.466719  0.00299869
        1844     -0.4368   -0.466703  0.00299711
        1845     -0.6024   -0.466776  0.00299639
        1846       -0.44   -0.466762   0.0029948
        1847       -0.44   -0.466747  0.00299322
        1848     -0.6064   -0.466823  0.00299255
        1849     -0.2808   -0.466722  0.00299262
        1850      -0.444    -0.46671  0.00299103
        1851     -0.4464   -0.466699  0.00298943
        1852     -0.5256   -0.466731  0.00298799
        1853     -0.4472    -0.46672  0.00298639
        1854      -0.368   -0.466667  0.00298526
        1855       -0.28   -0.466566  0.00298535
        1856     -0.1264   -0.466383  0.00298936
        1857     -0.3664   -0.466329  0.00298823
        1858      -0.604   -0.466403  0.00298754
        1859     -0.6888   -0.466523  0.00298833
        1860     -0.4456   -0.466512  0.00298674
        1861     -0.6072   -0.466587   0.0029861
        1862     -0.5256   -0.466619  0.00298466
        1863     -0.3648   -0.466564  0.00298356
        1864     -0.5216   -0.466594   0.0029821
        1865     -0.3568   -0.466535  0.00298109
        1866     -0.4384    -0.46652  0.00297953
        1867      -0.432   -0.466502  0.00297799
        1868     -0.3544   -0.466442    0.002977
        1869      -0.512   -0.466466  0.00297551
        1870     -0.4368    -0.46645  0.00297396
        1871     -0.4376   -0.466435  0.00297241
        1872     -0.5208   -0.466464  0.00297096
        1873      -0.676   -0.466576  0.00297148
        1874     -0.5984   -0.466646  0.00297073
        1875     -0.3528   -0.466585  0.00296976
        1876     -0.3616   -0.466529  0.00296871
        1877        -0.2   -0.466387  0.00297052
        1878     -0.5264   -0.466419  0.00296911
        1879     -0.3608   -0.466363  0.00296806
        1880     -0.3608   -0.466307  0.00296701
        1881     -0.6072   -0.466382  0.00296638
        1882      -0.604   -0.466455  0.00296571
        1883     -0.4376    -0.46644  0.00296417
        1884     -0.5176   -0.466467  0.00296272
        1885     -0.2768   -0.466366  0.00296286
        1886     -0.5136   -0.466391  0.00296139
        1887     -0.3552   -0.466332  0.00296041
        1888     -0.2784   -0.466233  0.00296052
        1889     -0.3568   -0.466175  0.00295952
        1890     -0.2784   -0.466075  0.00295962
        1891     -0.1192   -0.465892  0.00296373
        1892     -0.2808   -0.465794  0.00296378
        1893       -0.44    -0.46578  0.00296224
        1894     -0.3624   -0.465726  0.00296118
        1895     -0.4352    -0.46571  0.00295966
        1896     -0.2784   -0.465611  0.00295975
        1897        -0.6   -0.465682  0.00295904
        1898     -0.6704    -0.46579  0.00295945
        1899     -0.5912   -0.465856  0.00295862
        1900     -0.3512   -0.465795  0.00295768
        1901     -0.3576   -0.465738  0.00295667
        1902     -0.4376   -0.465724  0.00295516
        1903     -0.2808   -0.465626   0.0029552
        1904     -0.5968   -0.465695  0.00295445
        1905     -0.6032   -0.465768  0.00295378
        1906       -0.52   -0.465796  0.00295237
        1907     -0.5168   -0.465823  0.00295094
        1908     -0.2776   -0.465724  0.00295104
        1909     -0.5216   -0.465753  0.00294964
        1910     -0.5984   -0.465823  0.00294892
        1911      -0.516   -0.465849  0.00294749
        1912      -0.604   -0.465921  0.00294683
        1913     -0.6064   -0.465995  0.00294621
        1914       -0.36   -0.465939  0.00294519
        1915     -0.5256   -0.465971  0.00294382
        1916     -0.5272   -0.466003  0.00294245
        1917       -0.52   -0.466031  0.00294105
        1918     -0.5216    -0.46606  0.00293966
        1919     -0.5152   -0.466085  0.00293824
        1920     -0.3544   -0.466027  0.00293729
        1921     -0.5152   -0.466053  0.00293587
        1922     -0.3512   -0.465993  0.00293495
        1923     -0.4344   -0.465976  0.00293347
        1924     -0.5136   -0.466001  0.00293205
        1925     -0.3584   -0.465945  0.00293106
        1926       -0.36    -0.46589  0.00293005
        1927     -0.2768   -0.465792  0.00293018
        1928     -0.4312   -0.465774  0.00292871
        1929     -0.2792   -0.465678  0.00292879
        1930     -0.5152   -0.465703  0.00292738
        1931     -0.3552   -0.465646  0.00292643
        1932     -0.5192   -0.465674  0.00292504
        1933      -0.352   -0.465615  0.00292412
        1934     -0.5136    -0.46564  0.00292272
        1935       -0.52   -0.465668  0.00292134
        1936     -0.2832   -0.465574  0.00292135
        1937     -0.1984   -0.465436   0.0029231
        1938     -0.6008   -0.465505  0.00292242
        1939     -0.5192   -0.465533  0.00292105
        1940       -0.12   -0.465355  0.00292497
        1941     -0.3616   -0.465302  0.00292395
        1942     -0.6768   -0.465411  0.00292447
        1943     -0.4408   -0.465398  0.00292299
        1944      -0.524   -0.465428  0.00292164
        1945      -0.204   -0.465294  0.00292323
        1946      -0.284     -0.4652  0.00292321
        1947     -0.5144   -0.465226  0.00292182
        1948     -0.5968   -0.465293   0.0029211
        1949     -0.5224   -0.465323  0.00291975
        1950     -0.5224   -0.465352   0.0029184
        1951     -0.5976    -0.46542  0.00291769
        1952     -0.5912   -0.465484  0.00291691
        1953      -0.672    -0.46559  0.00291733
        1954     -0.4328   -0.465573  0.00291589
        1955     -0.5168   -0.465599  0.00291451
        1956     -0.4424   -0.465587  0.00291305
        1957       -0.44   -0.465574  0.00291159
        1958      -0.524   -0.465604  0.00291025
        1959     -0.6056   -0.465676  0.00290965
        1960     -0.5288   -0.465708  0.00290834
        1961     -0.3656   -0.465657   0.0029073
        1962     -0.3608   -0.465603  0.00290631
        1963     -0.3648   -0.465552  0.00290529
        1964     -0.4392   -0.465538  0.00290384
        1965     -0.1984   -0.465403  0.00290554
        1966       -0.28   -0.465308  0.00290559
        1967      -0.444   -0.465297  0.00290414
        1968     -0.4456   -0.465287  0.00290268
        1969     -0.4432   -0.465276  0.00290122
        1970     -0.3648   -0.465225   0.0029002
        1971     -0.5248   -0.465255  0.00289889
        1972     -0.4464   -0.465246  0.00289743
        1973     -0.4424   -0.465234  0.00289599
        1974     -0.5248   -0.465264  0.00289468
        1975       -0.52   -0.465292  0.00289334
        1976     -0.5184   -0.465319    0.002892
        1977     -0.4336   -0.465303  0.00289059
        1978     -0.5904   -0.465366  0.00288982
        1979     -0.4288   -0.465348  0.00288842
        1980     -0.5144   -0.465373  0.00288706
        1981     -0.4312   -0.465355  0.00288566
        1982       -0.44   -0.465342  0.00288423
        1983     -0.4456   -0.465333  0.00288279
        1984       -0.68   -0.465441  0.00288337
        1985       -0.52   -0.465468  0.00288205
        1986     -0.4384   -0.465455  0.00288063
        1987     -0.2768    -0.46536  0.00288074
        1988      -0.596   -0.465425  0.00288004
        1989      -0.276    -0.46533  0.00288017
        1990      -0.364   -0.465279  0.00287917
        1991     -0.5248   -0.465309  0.00287788
        1992      -0.608   -0.465381  0.00287733
        1993     -0.6872   -0.465492  0.00287804
        1994     -0.6056   -0.465562  0.00287745
        1995      -0.444   -0.465551  0.00287603
        1996     -0.2824    -0.46546  0.00287605
        1997     -0.4376   -0.465446  0.00287464
        1998     -0.3608   -0.465393  0.00287368
        1999     -0.5208   -0.465421  0.00287238
        2000       -0.36   -0.465368  0.00287143
